# #nu(Hz) #T #rho #c #s
0.000000e+00 1.000000e+00 0.000000e+00 1.000000e+00 0.000000e+00
1.000000e+09 9.595948e-01 2.011471e-02 9.564689e-01 -7.473197e-02
2.000000e+09 8.613377e-01 6.356720e-02 8.513705e-01 -1.141496e-01
3.000000e+09 7.464975e-01 1.033915e-01 7.300442e-01 -1.166375e-01
4.000000e+09 6.413038e-01 1.282818e-01 6.204647e-01 -9.918598e-02
5.000000e+09 5.546904e-01 1.398813e-01 5.313624e-01 -7.595172e-02
6.000000e+09 4.870183e-01 1.433213e-01 4.623443e-01 -5.369862e-02
7.000000e+09 4.358673e-01 1.428906e-01 4.103347e-01 -3.446808e-02
8.000000e+09 3.984472e-01 1.413223e-01 3.720973e-01 -1.821578e-02
9.000000e+09 3.723963e-01 1.401843e-01 3.449780e-01 -4.184511e-03
1.000000e+10 3.559686e-01 1.403544e-01 3.270187e-01 8.549235e-03
1.100000e+10 3.480220e-01 1.423517e-01 3.168876e-01 2.091754e-02
1.200000e+10 3.479570e-01 1.465299e-01 3.137774e-01 3.386471e-02
1.300000e+10 3.556614e-01 1.531722e-01 3.173154e-01 4.841715e-02
1.400000e+10 3.714647e-01 1.625098e-01 3.274887e-01 6.578513e-02
1.500000e+10 3.960909e-01 1.746587e-01 3.445712e-01 8.748179e-02
1.600000e+10 4.305697e-01 1.894333e-01 3.690255e-01 1.154359e-01
1.700000e+10 4.760385e-01 2.059583e-01 4.013487e-01 1.520297e-01
1.800000e+10 5.333488e-01 2.219790e-01 4.418489e-01 1.998894e-01
1.900000e+10 6.024279e-01 2.328692e-01 4.904402e-01 2.610741e-01
2.000000e+10 6.815389e-01 2.307571e-01 5.467456e-01 3.351354e-01
2.100000e+10 7.667877e-01 2.051700e-01 6.108224e-01 4.156496e-01
2.200000e+10 8.515324e-01 1.477787e-01 6.834977e-01 4.859010e-01
2.300000e+10 9.231264e-01 6.317019e-02 7.617951e-01 5.175326e-01
2.400000e+10 9.571733e-01 -2.032826e-02 8.264693e-01 4.824065e-01
2.500000e+10 9.269516e-01 -6.263215e-02 8.415319e-01 3.835891e-01
2.600000e+10 8.359914e-01 -5.195870e-02 7.907089e-01 2.663857e-01
2.700000e+10 7.207288e-01 -1.321598e-02 6.992015e-01 1.743346e-01
2.800000e+10 6.139560e-01 2.714356e-02 6.019589e-01 1.176888e-01
2.900000e+10 5.284571e-01 5.872736e-02 5.178405e-01 8.751702e-02
3.000000e+10 4.646058e-01 8.134913e-02 4.515112e-01 7.333822e-02
3.100000e+10 4.189119e-01 9.777644e-02 4.015722e-01 6.831298e-02
3.200000e+10 3.877411e-01 1.107578e-01 3.651634e-01 6.878640e-02
3.300000e+10 3.683197e-01 1.223856e-01 3.396240e-01 7.305269e-02
3.400000e+10 3.588088e-01 1.341794e-01 3.228876e-01 8.051840e-02
3.500000e+10 3.581567e-01 1.472860e-01 3.134535e-01 9.126842e-02
3.600000e+10 3.659354e-01 1.626286e-01 3.102420e-01 1.058798e-01
3.700000e+10 3.821889e-01 1.809664e-01 3.124132e-01 1.253693e-01
3.800000e+10 4.072582e-01 2.028337e-01 3.191504e-01 1.511978e-01
3.900000e+10 4.415080e-01 2.282974e-01 3.293810e-01 1.852506e-01
4.000000e+10 4.848599e-01 2.564431e-01 3.414338e-01 2.296716e-01
4.100000e+10 5.360862e-01 2.845349e-01 3.527411e-01 2.863601e-01
4.200000e+10 5.920720e-01 3.070451e-01 3.599520e-01 3.559595e-01
4.300000e+10 6.478052e-01 3.153130e-01 3.601231e-01 4.365097e-01
4.400000e+10 6.982043e-01 2.990477e-01 3.534145e-01 5.226451e-01
4.500000e+10 7.416322e-01 2.500193e-01 3.462490e-01 6.063170e-01
4.600000e+10 7.817616e-01 1.662563e-01 3.520719e-01 6.779051e-01
4.700000e+10 8.228241e-01 5.568096e-02 3.866356e-01 7.241906e-01
4.800000e+10 8.573815e-01 -5.876250e-02 4.551591e-01 7.242101e-01
4.900000e+10 8.591914e-01 -1.383926e-01 5.348406e-01 6.580295e-01
5.000000e+10 8.059893e-01 -1.537109e-01 5.813821e-01 5.366438e-01
5.100000e+10 7.120354e-01 -1.160026e-01 5.736013e-01 4.056098e-01
5.200000e+10 6.121282e-01 -5.959201e-02 5.292882e-01 3.016682e-01
5.300000e+10 5.284080e-01 -7.246259e-03 4.745479e-01 2.323076e-01
5.400000e+10 4.662480e-01 3.476966e-02 4.242595e-01 1.902160e-01
5.500000e+10 4.235145e-01 6.785457e-02 3.833645e-01 1.667090e-01
5.600000e+10 3.966511e-01 9.517359e-02 3.521717e-01 1.557216e-01
5.700000e+10 3.827538e-01 1.196500e-01 3.294611e-01 1.537521e-01
5.800000e+10 3.799239e-01 1.436086e-01 3.137031e-01 1.590884e-01
5.900000e+10 3.871175e-01 1.688527e-01 3.033789e-01 1.712014e-01
6.000000e+10 4.038672e-01 1.967396e-01 2.969250e-01 1.903623e-01
6.100000e+10 4.299202e-01 2.280915e-01 2.925051e-01 2.173624e-01
6.200000e+10 4.647110e-01 2.628388e-01 2.877026e-01 2.531784e-01
6.300000e+10 5.065975e-01 2.993353e-01 2.792705e-01 2.984081e-01
6.400000e+10 5.519841e-01 3.334810e-01 2.632563e-01 3.523818e-01
6.500000e+10 5.949785e-01 3.582976e-01 2.360056e-01 4.122179e-01
6.600000e+10 6.287397e-01 3.651053e-01 1.962523e-01 4.727545e-01
6.700000e+10 6.489747e-01 3.467437e-01 1.472862e-01 5.284352e-01
6.800000e+10 6.575229e-01 3.008036e-01 9.718361e-02 5.765491e-01
6.900000e+10 6.626549e-01 2.297027e-01 5.667873e-02 6.189796e-01
7.000000e+10 6.754675e-01 1.378212e-01 3.712367e-02 6.602148e-01
7.100000e+10 7.043064e-01 3.009740e-02 5.031118e-02 7.018621e-01
7.200000e+10 7.472322e-01 -8.336250e-02 1.069117e-01 7.348309e-01
7.300000e+10 7.832860e-01 -1.779806e-01 2.055886e-01 7.345701e-01
7.400000e+10 7.783368e-01 -2.188179e-01 3.161580e-01 6.767355e-01
7.500000e+10 7.200144e-01 -1.940083e-01 3.926670e-01 5.714842e-01
7.600000e+10 6.342019e-01 -1.303193e-01 4.174648e-01 4.592951e-01
7.700000e+10 5.527811e-01 -6.041526e-02 4.065193e-01 3.696741e-01
7.800000e+10 4.904168e-01 5.781093e-04 3.810351e-01 3.087404e-01
7.900000e+10 4.487884e-01 5.092444e-02 3.535327e-01 2.717210e-01
8.000000e+10 4.252213e-01 9.365330e-02 3.289924e-01 2.525989e-01
8.100000e+10 4.167805e-01 1.324087e-01 3.084523e-01 2.470448e-01
8.200000e+10 4.213200e-01 1.702271e-01 2.911405e-01 2.525282e-01
8.300000e+10 4.373661e-01 2.092599e-01 2.753224e-01 2.677629e-01
8.400000e+10 4.635587e-01 2.505425e-01 2.585021e-01 2.920476e-01
8.500000e+10 4.978126e-01 2.934849e-01 2.374484e-01 3.245031e-01
8.600000e+10 5.363242e-01 3.351101e-01 2.084755e-01 3.631568e-01
8.700000e+10 5.729543e-01 3.695682e-01 1.684356e-01 4.041353e-01
8.800000e+10 6.000858e-01 3.890408e-01 1.165168e-01 4.417851e-01
8.900000e+10 6.116847e-01 3.867692e-01 5.582883e-02 4.705857e-01
9.000000e+10 6.070191e-01 3.606583e-01 -7.071493e-03 4.882087e-01
9.100000e+10 5.916901e-01 3.140946e-01 -6.501172e-02 4.972074e-01
9.200000e+10 5.749900e-01 2.529894e-01 -1.129248e-01 5.038431e-01
9.300000e+10 5.663833e-01 1.819142e-01 -1.480981e-01 5.155233e-01
9.400000e+10 5.736335e-01 1.022306e-01 -1.681029e-01 5.388374e-01
9.500000e+10 6.020130e-01 1.299085e-02 -1.677960e-01 5.780099e-01
9.600000e+10 6.517281e-01 -8.481971e-02 -1.370344e-01 6.314877e-01
9.700000e+10 7.107445e-01 -1.795177e-01 -6.352730e-02 6.847594e-01
9.800000e+10 7.487544e-01 -2.416571e-01 5.140222e-02 7.068188e-01
9.900000e+10 7.349835e-01 -2.412865e-01 1.748279e-01 6.718756e-01
1.000000e+11 6.739948e-01 -1.834971e-01 2.632891e-01 5.926860e-01
1.010000e+11 5.992828e-01 -1.019166e-01 3.037945e-01 5.064206e-01
1.020000e+11 5.370526e-01 -2.246760e-02 3.104628e-01 4.376455e-01
1.030000e+11 4.960107e-01 4.679626e-02 3.000640e-01 3.921713e-01
1.040000e+11 4.756693e-01 1.072412e-01 2.823970e-01 3.674405e-01
1.050000e+11 4.731104e-01 1.625459e-01 2.612103e-01 3.594183e-01
1.060000e+11 4.852483e-01 2.157367e-01 2.366495e-01 3.645828e-01
1.070000e+11 5.087583e-01 2.680160e-01 2.068793e-01 3.797412e-01
1.080000e+11 5.391435e-01 3.179719e-01 1.692204e-01 4.011658e-01
1.090000e+11 5.698773e-01 3.610757e-01 1.214966e-01 4.238195e-01
1.100000e+11 5.927876e-01 3.903590e-01 6.381137e-02 4.415259e-01
1.110000e+11 6.006410e-01 3.991873e-01 -1.373721e-04 4.487974e-01
1.120000e+11 5.908844e-01 3.850978e-01 -6.383443e-02 4.435867e-01
1.130000e+11 5.672607e-01 3.514296e-01 -1.209589e-01 4.285450e-01
1.140000e+11 5.375865e-01 3.050360e-01 -1.681886e-01 4.094691e-01
1.150000e+11 5.100320e-01 2.524121e-01 -2.056242e-01 3.926060e-01
1.160000e+11 4.909655e-01 1.972841e-01 -2.353061e-01 3.830889e-01
1.170000e+11 4.849089e-01 1.402195e-01 -2.593984e-01 3.849514e-01
1.180000e+11 4.954516e-01 7.925791e-02 -2.786928e-01 4.018966e-01
1.190000e+11 5.258690e-01 1.096026e-02 -2.910546e-01 4.378416e-01
1.200000e+11 5.780902e-01 -6.742425e-02 -2.892359e-01 4.959685e-01
1.210000e+11 6.478713e-01 -1.525068e-01 -2.590236e-01 5.739213e-01
1.220000e+11 7.158353e-01 -2.255031e-01 -1.840971e-01 6.539700e-01
1.230000e+11 7.476716e-01 -2.523107e-01 -6.661246e-02 7.006532e-01
1.240000e+11 7.241288e-01 -2.134702e-01 5.682317e-02 6.896116e-01
1.250000e+11 6.659891e-01 -1.291712e-01 1.452542e-01 6.369909e-01
1.260000e+11 6.076995e-01 -3.300560e-02 1.886351e-01 5.767374e-01
1.270000e+11 5.681261e-01 5.698199e-02 1.981863e-01 5.293794e-01
1.280000e+11 5.508285e-01 1.373965e-01 1.861770e-01 4.998723e-01
1.290000e+11 5.525631e-01 2.098530e-01 1.593798e-01 4.856807e-01
1.300000e+11 5.674350e-01 2.751590e-01 1.202747e-01 4.814603e-01
1.310000e+11 5.876492e-01 3.310163e-01 6.984980e-02 4.805006e-01
1.320000e+11 6.039213e-01 3.720456e-01 1.029022e-02 4.756019e-01
1.330000e+11 6.076131e-01 3.922139e-01 -5.340196e-02 4.609883e-01
1.340000e+11 5.943576e-01 3.888020e-01 -1.141595e-01 4.348121e-01
1.350000e+11 5.661892e-01 3.647872e-01 -1.658332e-01 3.999998e-01
1.360000e+11 5.298474e-01 3.272962e-01 -2.058372e-01 3.622796e-01
1.370000e+11 4.929562e-01 2.838464e-01 -2.353077e-01 3.272115e-01
1.380000e+11 4.613526e-01 2.396577e-01 -2.574381e-01 2.985566e-01
1.390000e+11 4.386051e-01 1.970723e-01 -2.757923e-01 2.783444e-01
1.400000e+11 4.267895e-01 1.561374e-01 -2.934146e-01 2.677280e-01
1.410000e+11 4.274993e-01 1.153198e-01 -3.125412e-01 2.679086e-01
1.420000e+11 4.426442e-01 7.194883e-02 -3.344252e-01 2.809219e-01
1.430000e+11 4.748639e-01 2.250658e-02 -3.587664e-01 3.102835e-01
1.440000e+11 5.271112e-01 -3.661285e-02 -3.821494e-01 3.612028e-01
1.450000e+11 6.000034e-01 -1.063093e-01 -3.950091e-01 4.389421e-01
1.460000e+11 6.847505e-01 -1.776599e-01 -3.790052e-01 5.419181e-01
1.470000e+11 7.549594e-01 -2.237432e-01 -3.143908e-01 6.488922e-01
1.480000e+11 7.778082e-01 -2.109147e-01 -2.061111e-01 7.197352e-01
1.490000e+11 7.503042e-01 -1.353197e-01 -9.512052e-02 7.318450e-01
1.500000e+11 7.035924e-01 -2.775214e-02 -2.038200e-02 7.027494e-01
1.510000e+11 6.664407e-01 8.182933e-02 9.210878e-03 6.613337e-01
1.520000e+11 6.480079e-01 1.799428e-01 2.296024e-03 6.225187e-01
1.530000e+11 6.439048e-01 2.618540e-01 -3.022293e-02 5.874797e-01
1.540000e+11 6.439676e-01 3.236925e-01 -7.865399e-02 5.511179e-01
1.550000e+11 6.374122e-01 3.610376e-01 -1.333363e-01 5.081019e-01
1.560000e+11 6.173236e-01 3.718135e-01 -1.847473e-01 4.568497e-01
1.570000e+11 5.834449e-01 3.590996e-01 -2.258814e-01 4.005409e-01
1.580000e+11 5.410801e-01 3.303821e-01 -2.543274e-01 3.448665e-01
1.590000e+11 4.972775e-01 2.940485e-01 -2.718317e-01 2.948353e-01
1.600000e+11 4.576797e-01 2.564474e-01 -2.821538e-01 2.531693e-01
1.610000e+11 4.255854e-01 2.210625e-01 -2.891726e-01 2.205301e-01
1.620000e+11 4.024855e-01 1.890789e-01 -2.960495e-01 1.964649e-01
1.630000e+11 3.889659e-01 1.602363e-01 -3.051700e-01 1.802499e-01
1.640000e+11 3.854480e-01 1.334354e-01 -3.183927e-01 1.714386e-01
1.650000e+11 3.927018e-01 1.070159e-01 -3.373173e-01 1.702331e-01
1.660000e+11 4.122089e-01 7.878731e-02 -3.634247e-01 1.778518e-01
1.670000e+11 4.464099e-01 4.595364e-02 -3.979230e-01 1.970466e-01
1.680000e+11 4.986362e-01 5.240349e-03 -4.409247e-01 2.328004e-01
1.690000e+11 5.719093e-01 -4.591303e-02 -4.891667e-01 2.927254e-01
1.700000e+11 6.646351e-01 -1.051302e-01 -5.315211e-01 3.849321e-01
1.710000e+11 7.617668e-01 -1.564799e-01 -5.453443e-01 5.083328e-01
1.720000e+11 8.309126e-01 -1.670660e-01 -5.075693e-01 6.363003e-01
1.730000e+11 8.462420e-01 -1.118651e-01 -4.263377e-01 7.223904e-01
1.740000e+11 8.193677e-01 -6.107743e-03 -3.447419e-01 7.432894e-01
1.750000e+11 7.807843e-01 1.115466e-01 -2.967890e-01 7.135109e-01
1.760000e+11 7.459893e-01 2.123180e-01 -2.858177e-01 6.555374e-01
1.770000e+11 7.128620e-01 2.828497e-01 -2.980355e-01 5.825317e-01
1.780000e+11 6.742297e-01 3.196233e-01 -3.171909e-01 5.018132e-01
1.790000e+11 6.270123e-01 3.262839e-01 -3.317825e-01 4.202423e-01
1.800000e+11 5.740342e-01 3.114580e-01 -3.372965e-01 3.445870e-01
1.810000e+11 5.209568e-01 2.850047e-01 -3.347386e-01 2.794966e-01
1.820000e+11 4.728024e-01 2.547741e-01 -3.275525e-01 2.265868e-01
1.830000e+11 4.325145e-01 2.255199e-01 -3.192506e-01 1.851719e-01
1.840000e+11 4.012058e-01 1.994192e-01 -3.124714e-01 1.534917e-01
1.850000e+11 3.789505e-01 1.770333e-01 -3.089719e-01 1.296112e-01
1.860000e+11 3.654702e-01 1.580719e-01 -3.099479e-01 1.118659e-01
1.870000e+11 3.605763e-01 1.418331e-01 -3.163762e-01 9.901905e-02
1.880000e+11 3.644377e-01 1.273889e-01 -3.292903e-01 9.030406e-02
1.890000e+11 3.777678e-01 1.135996e-01 -3.499973e-01 8.547235e-02
1.900000e+11 4.020006e-01 9.901186e-02 -3.802461e-01 8.493542e-02
1.910000e+11 4.394686e-01 8.168404e-02 -4.223052e-01 9.010372e-02
1.920000e+11 4.934784e-01 5.904449e-02 -4.787555e-01 1.040570e-01
1.930000e+11 5.678313e-01 2.818381e-02 -5.514088e-01 1.326136e-01
1.940000e+11 6.644801e-01 -1.222398e-02 -6.380407e-01 1.851712e-01
1.950000e+11 7.769588e-01 -5.618635e-02 -7.256103e-01 2.720252e-01
1.960000e+11 8.806982e-01 -8.210781e-02 -7.848172e-01 3.910876e-01
1.970000e+11 9.375840e-01 -5.910646e-02 -7.854775e-01 5.085227e-01
1.980000e+11 9.299400e-01 1.805683e-02 -7.324007e-01 5.727578e-01
1.990000e+11 8.767710e-01 1.148713e-01 -6.614729e-01 5.639021e-01
2.000000e+11 8.040765e-01 1.931809e-01 -5.974405e-01 5.022799e-01
2.010000e+11 7.256049e-01 2.375316e-01 -5.433553e-01 4.181461e-01
2.020000e+11 6.478609e-01 2.512825e-01 -4.953725e-01 3.334470e-01
2.030000e+11 5.756495e-01 2.450004e-01 -4.516831e-01 2.594793e-01
2.040000e+11 5.125253e-01 2.288049e-01 -4.128336e-01 1.997473e-01
2.050000e+11 4.602331e-01 2.095958e-01 -3.799111e-01 1.534654e-01
2.060000e+11 4.189543e-01 1.911566e-01 -3.535728e-01 1.181870e-01
2.070000e+11 3.879967e-01 1.751730e-01 -3.339607e-01 9.124744e-02
2.080000e+11 3.664033e-01 1.621709e-01 -3.209430e-01 7.033869e-02
2.090000e+11 3.533281e-01 1.521209e-01 -3.143629e-01 5.362776e-02
2.100000e+11 3.482288e-01 1.447620e-01 -3.142161e-01 3.969300e-02
2.110000e+11 3.509627e-01 1.397416e-01 -3.207734e-01 2.741307e-02
2.120000e+11 3.618490e-01 1.366453e-01 -3.346806e-01 1.586296e-02
2.130000e+11 3.817350e-01 1.349449e-01 -3.570623e-01 4.240633e-03
2.140000e+11 4.120769e-01 1.338655e-01 -3.896421e-01 -8.149689e-03
2.150000e+11 4.550192e-01 1.321484e-01 -4.348611e-01 -2.179610e-02
2.160000e+11 5.133832e-01 1.276949e-01 -4.958991e-01 -3.661163e-02
2.170000e+11 5.902859e-01 1.172012e-01 -5.762812e-01 -5.100201e-02
2.180000e+11 6.876224e-01 9.638180e-02 -6.781868e-01 -5.998173e-02
2.190000e+11 8.017225e-01 6.256893e-02 -7.975332e-01 -5.277154e-02
2.200000e+11 9.146911e-01 2.213124e-02 -9.143104e-01 -1.437103e-02
2.210000e+11 9.887455e-01 -2.460601e-03 -9.869827e-01 5.896406e-02
2.220000e+11 9.871611e-01 1.215270e-02 -9.772746e-01 1.388299e-01
2.230000e+11 9.134960e-01 5.847794e-02 -8.928307e-01 1.841433e-01
2.240000e+11 8.054857e-01 1.068357e-01 -7.766674e-01 1.848813e-01
2.250000e+11 6.963788e-01 1.389470e-01 -6.636274e-01 1.588579e-01
2.260000e+11 6.015054e-01 1.538501e-01 -5.679250e-01 1.249003e-01
2.270000e+11 5.246624e-01 1.573586e-01 -4.918119e-01 9.289758e-02
2.280000e+11 4.648933e-01 1.551295e-01 -4.332500e-01 6.599340e-02
2.290000e+11 4.198556e-01 1.509092e-01 -3.892981e-01 4.418279e-02
2.300000e+11 3.871681e-01 1.468173e-01 -3.572771e-01 2.639869e-02
2.310000e+11 3.648766e-01 1.439639e-01 -3.350817e-01 1.138565e-02
2.320000e+11 3.515700e-01 1.429202e-01 -3.212027e-01 -2.029452e-03
2.330000e+11 3.463714e-01 1.440019e-01 -3.146652e-01 -1.491383e-02
2.340000e+11 3.489005e-01 1.474186e-01 -3.149581e-01 -2.829592e-02
2.350000e+11 3.592386e-01 1.533343e-01 -3.219767e-01 -4.326634e-02
2.360000e+11 3.779037e-01 1.618540e-01 -3.359791e-01 -6.109491e-02
2.370000e+11 4.058166e-01 1.729253e-01 -3.575417e-01 -8.335387e-02
2.380000e+11 4.442184e-01 1.861006e-01 -3.874903e-01 -1.120173e-01
2.390000e+11 4.944684e-01 2.000782e-01 -4.267720e-01 -1.494437e-01
2.400000e+11 5.576224e-01 2.119351e-01 -4.762537e-01 -1.980118e-01
2.410000e+11 6.337232e-01 2.161374e-01 -5.365040e-01 -2.589462e-01
2.420000e+11 7.208426e-01 2.040382e-01 -6.077028e-01 -3.296663e-01
2.430000e+11 8.138128e-01 1.658826e-01 -6.894043e-01 -3.993695e-01
2.440000e+11 9.014915e-01 9.850853e-02 -7.778082e-01 -4.449689e-01
2.450000e+11 9.614486e-01 1.827500e-02 -8.566969e-01 -4.360273e-01
2.460000e+11 9.624291e-01 -3.750012e-02 -8.914877e-01 -3.607119e-01
2.470000e+11 8.928064e-01 -4.288897e-02 -8.555737e-01 -2.515106e-01
2.480000e+11 7.810807e-01 -1.146699e-02 -7.650187e-01 -1.571684e-01
2.490000e+11 6.664541e-01 2.814251e-02 -6.586620e-01 -9.763980e-02
2.500000e+11 5.698178e-01 6.054252e-02 -5.626305e-01 -6.688669e-02
2.510000e+11 4.954181e-01 8.335589e-02 -4.854075e-01 -5.357679e-02
2.520000e+11 4.407550e-01 9.902626e-02 -4.265965e-01 -4.974131e-02
2.530000e+11 4.020838e-01 1.105045e-01 -3.832095e-01 -5.109384e-02
2.540000e+11 3.762354e-01 1.200915e-01 -3.521850e-01 -5.564958e-02
2.550000e+11 3.609578e-01 1.294162e-01 -3.310781e-01 -6.268382e-02
2.560000e+11 3.548349e-01 1.396488e-01 -3.181138e-01 -7.217772e-02
2.570000e+11 3.571345e-01 1.516921e-01 -3.120607e-01 -8.457363e-02
2.580000e+11 3.676708e-01 1.662926e-01 -3.120708e-01 -1.006997e-01
2.590000e+11 3.866745e-01 1.840598e-01 -3.175034e-01 -1.217815e-01
2.600000e+11 4.146248e-01 2.053584e-01 -3.277142e-01 -1.494827e-01
2.610000e+11 4.519660e-01 2.300064e-01 -3.417778e-01 -1.858986e-01
2.620000e+11 4.986160e-01 2.566841e-01 -3.581496e-01 -2.333668e-01
2.630000e+11 5.532479e-01 2.820206e-01 -3.744052e-01 -2.938849e-01
2.640000e+11 6.126324e-01 2.996384e-01 -3.874888e-01 -3.679507e-01
2.650000e+11 6.718899e-01 3.000515e-01 -3.951853e-01 -4.530274e-01
2.660000e+11 7.266247e-01 2.726837e-01 -3.991097e-01 -5.425298e-01
2.670000e+11 7.760738e-01 2.102345e-01 -4.076443e-01 -6.260337e-01
2.680000e+11 8.228720e-01 1.139956e-01 -4.349621e-01 -6.891527e-01
2.690000e+11 8.646009e-01 -2.534661e-04 -4.916310e-01 -7.112199e-01
2.700000e+11 8.819671e-01 -9.790597e-02 -5.664111e-01 -6.689236e-01
2.710000e+11 8.476838e-01 -1.401454e-01 -6.197659e-01 -5.610859e-01
2.720000e+11 7.622026e-01 -1.210816e-01 -6.196111e-01 -4.270527e-01
2.730000e+11 6.579744e-01 -7.077298e-02 -5.748258e-01 -3.122447e-01
2.740000e+11 5.641932e-01 -1.822582e-02 -5.135209e-01 -2.329766e-01
2.750000e+11 4.915528e-01 2.514392e-02 -4.550417e-01 -1.841982e-01
2.760000e+11 4.396775e-01 5.882602e-02 -4.066861e-01 -1.564041e-01
2.770000e+11 4.050629e-01 8.564334e-02 -3.694274e-01 -1.423536e-01
2.780000e+11 3.843775e-01 1.086081e-01 -3.420375e-01 -1.376977e-01
2.790000e+11 3.752626e-01 1.301738e-01 -3.228431e-01 -1.401755e-01
2.800000e+11 3.763085e-01 1.522453e-01 -3.102622e-01 -1.488853e-01
2.810000e+11 3.868339e-01 1.763069e-01 -3.028438e-01 -1.638352e-01
2.820000e+11 4.066128e-01 2.034601e-01 -2.991004e-01 -1.856794e-01
2.830000e+11 4.355128e-01 2.342692e-01 -2.972319e-01 -2.155052e-01
2.840000e+11 4.729493e-01 2.683266e-01 -2.947955e-01 -2.545142e-01
2.850000e+11 5.170984e-01 3.034940e-01 -2.884676e-01 -3.034281e-01
2.860000e+11 5.640677e-01 3.350231e-01 -2.742547e-01 -3.615469e-01
2.870000e+11 6.077882e-01 3.553117e-01 -2.486887e-01 -4.258099e-01
2.880000e+11 6.417976e-01 3.554491e-01 -2.111271e-01 -4.909027e-01
2.890000e+11 6.630085e-01 3.286523e-01 -1.659343e-01 -5.513926e-01
2.900000e+11 6.749010e-01 2.731380e-01 -1.225288e-01 -6.048749e-01
2.910000e+11 6.868601e-01 1.916724e-01 -9.324484e-02 -6.529501e-01
2.920000e+11 7.093976e-01 8.925004e-02 -9.137446e-02 -6.978038e-01
2.930000e+11 7.466063e-01 -2.578124e-02 -1.295310e-01 -7.348320e-01
2.940000e+11 7.863156e-01 -1.340149e-01 -2.123251e-01 -7.451512e-01
2.950000e+11 7.971944e-01 -2.011438e-01 -3.196385e-01 -7.020622e-01
2.960000e+11 7.545185e-01 -2.019691e-01 -4.059662e-01 -6.030739e-01
2.970000e+11 6.720391e-01 -1.508682e-01 -4.409930e-01 -4.841492e-01
2.980000e+11 5.838923e-01 -8.286938e-02 -4.332816e-01 -3.825310e-01
2.990000e+11 5.115340e-01 -2.016331e-02 -4.058045e-01 -3.107783e-01
3.000000e+11 4.601884e-01 3.163438e-02 -3.744918e-01 -2.655721e-01
3.010000e+11 4.279785e-01 7.441975e-02 -3.463029e-01 -2.402115e-01
3.020000e+11 4.117533e-01 1.117698e-01 -3.231321e-01 -2.294209e-01
3.030000e+11 4.090041e-01 1.469524e-01 -3.046284e-01 -2.299802e-01
3.040000e+11 4.180900e-01 1.824988e-01 -2.894389e-01 -2.402468e-01
3.050000e+11 4.378913e-01 2.200976e-01 -2.755665e-01 -2.595553e-01
3.060000e+11 4.671932e-01 2.603300e-01 -2.603478e-01 -2.876053e-01
3.070000e+11 5.038251e-01 3.020790e-01 -2.404034e-01 -3.237193e-01
3.080000e+11 5.437008e-01 3.417372e-01 -2.119531e-01 -3.659264e-01
3.090000e+11 5.803960e-01 3.728599e-01 -1.719373e-01 -4.102103e-01
3.100000e+11 6.064112e-01 3.874258e-01 -1.199263e-01 -4.508364e-01
3.110000e+11 6.165721e-01 3.791530e-01 -5.959812e-02 -4.825477e-01
3.120000e+11 6.115255e-01 3.468203e-01 2.053519e-03 -5.036615e-01
3.130000e+11 5.980676e-01 2.943168e-01 5.766296e-02 -5.174335e-01
3.140000e+11 5.860866e-01 2.272308e-01 1.018594e-01 -5.305548e-01
3.150000e+11 5.851771e-01 1.492536e-01 1.309540e-01 -5.504604e-01
3.160000e+11 6.027752e-01 6.111760e-02 1.404176e-01 -5.829969e-01
3.170000e+11 6.422646e-01 -3.694063e-02 1.219684e-01 -6.294942e-01
3.180000e+11 6.976110e-01 -1.380780e-01 6.374650e-02 -6.808318e-01
3.190000e+11 7.451670e-01 -2.191510e-01 -3.903367e-02 -7.111421e-01
3.200000e+11 7.500401e-01 -2.461516e-01 -1.635380e-01 -6.893655e-01
3.210000e+11 7.010469e-01 -2.086788e-01 -2.643768e-01 -6.148372e-01
3.220000e+11 6.251364e-01 -1.341427e-01 -3.165745e-01 -5.220937e-01
3.230000e+11 5.541556e-01 -5.444770e-02 -3.290390e-01 -4.425575e-01
3.240000e+11 5.025912e-01 1.627466e-02 -3.203747e-01 -3.869019e-01
3.250000e+11 4.722380e-01 7.693833e-02 -3.032245e-01 -3.537572e-01
3.260000e+11 4.606325e-01 1.308973e-01 -2.832250e-01 -3.388684e-01
3.270000e+11 4.648385e-01 1.817656e-01 -2.616530e-01 -3.384874e-01
3.280000e+11 4.821298e-01 2.319454e-01 -2.373654e-01 -3.497258e-01
3.290000e+11 5.093801e-01 2.818888e-01 -2.078556e-01 -3.698687e-01
3.300000e+11 5.420197e-01 3.293869e-01 -1.701226e-01 -3.954085e-01
3.310000e+11 5.733196e-01 3.691810e-01 -1.219722e-01 -4.213354e-01
3.320000e+11 5.951589e-01 3.939572e-01 -6.379095e-02 -4.415229e-01
3.330000e+11 6.010035e-01 3.974544e-01 3.181784e-04 -4.508160e-01
3.340000e+11 5.895467e-01 3.781480e-01 6.366596e-02 -4.477902e-01
3.350000e+11 5.656522e-01 3.401583e-01 1.201383e-01 -4.356851e-01
3.360000e+11 5.376151e-01 2.903930e-01 1.667417e-01 -4.205937e-01
3.370000e+11 5.135778e-01 2.347471e-01 2.036742e-01 -4.088677e-01
3.380000e+11 4.998169e-01 1.760711e-01 2.326704e-01 -4.058084e-01
3.390000e+11 5.009687e-01 1.140545e-01 2.550791e-01 -4.158075e-01
3.400000e+11 5.208491e-01 4.607419e-02 2.700909e-01 -4.429580e-01
3.410000e+11 5.623525e-01 -3.111517e-02 2.726804e-01 -4.908336e-01
3.420000e+11 6.244328e-01 -1.173289e-01 2.514062e-01 -5.594150e-01
3.430000e+11 6.942714e-01 -2.005715e-01 1.900132e-01 -6.369292e-01
3.440000e+11 7.412321e-01 -2.507351e-01 8.241785e-02 -6.926502e-01
3.450000e+11 7.355394e-01 -2.381775e-01 -4.498486e-02 -6.944538e-01
3.460000e+11 6.835559e-01 -1.689790e-01 -1.472834e-01 -6.457573e-01
3.470000e+11 6.194503e-01 -7.665536e-02 -2.038621e-01 -5.798990e-01
3.480000e+11 5.691231e-01 1.377084e-02 -2.225662e-01 -5.236180e-01
3.490000e+11 5.408698e-01 9.476552e-02 -2.174870e-01 -4.860648e-01
3.500000e+11 5.335728e-01 1.673869e-01 -1.976630e-01 -4.664878e-01
3.510000e+11 5.428569e-01 2.338892e-01 -1.666728e-01 -4.606622e-01
3.520000e+11 5.627358e-01 2.943513e-01 -1.250579e-01 -4.630220e-01
3.530000e+11 5.854457e-01 3.454840e-01 -7.290757e-02 -4.669818e-01
3.540000e+11 6.018948e-01 3.812389e-01 -1.220208e-02 -4.656022e-01
3.550000e+11 6.041647e-01 3.956650e-01 5.196639e-02 -4.536119e-01
3.560000e+11 5.891546e-01 3.868427e-01 1.125947e-01 -4.298585e-01
3.570000e+11 5.601131e-01 3.586018e-01 1.639301e-01 -3.978170e-01
3.580000e+11 5.243374e-01 3.183137e-01 2.038716e-01 -3.633764e-01
3.590000e+11 4.893711e-01 2.731009e-01 2.338256e-01 -3.320023e-01
3.600000e+11 4.607543e-01 2.275199e-01 2.569871e-01 -3.073871e-01
3.610000e+11 4.418837e-01 1.832649e-01 2.767589e-01 -2.916842e-01
3.620000e+11 4.349141e-01 1.398111e-01 2.959274e-01 -2.864090e-01
3.630000e+11 4.417658e-01 9.507480e-02 3.163050e-01 -2.933750e-01
3.640000e+11 4.648293e-01 4.584396e-02 3.382927e-01 -3.154721e-01
3.650000e+11 5.070386e-01 -1.167054e-02 3.597516e-01 -3.571145e-01
3.660000e+11 5.703427e-01 -8.001050e-02 3.735836e-01 -4.234671e-01
3.670000e+11 6.504709e-01 -1.551137e-01 3.646652e-01 -5.158212e-01
3.680000e+11 7.278182e-01 -2.171670e-01 3.124725e-01 -6.204183e-01
3.690000e+11 7.683236e-01 -2.315171e-01 2.113416e-01 -7.014668e-01
3.700000e+11 7.542240e-01 -1.795458e-01 9.269392e-02 -7.266533e-01
3.710000e+11 7.075104e-01 -8.242259e-02 1.134619e-03 -7.026922e-01
3.720000e+11 6.620630e-01 2.613728e-02 -4.523949e-02 -6.599983e-01
3.730000e+11 6.349018e-01 1.274865e-01 -5.213405e-02 -6.197818e-01
3.740000e+11 6.266326e-01 2.159328e-01 -3.036799e-02 -5.874685e-01
3.750000e+11 6.296968e-01 2.889440e-01 1.130625e-02 -5.593761e-01
3.760000e+11 6.334192e-01 3.425326e-01 6.523037e-02 -5.288065e-01
3.770000e+11 6.277417e-01 3.720839e-01 1.229664e-01 -4.904003e-01
3.780000e+11 6.071911e-01 3.759813e-01 1.758735e-01 -4.431565e-01
3.790000e+11 5.729872e-01 3.580126e-01 2.178202e-01 -3.907629e-01
3.800000e+11 5.312513e-01 3.259205e-01 2.471263e-01 -3.390168e-01
3.810000e+11 4.890934e-01 2.877375e-01 2.659093e-01 -2.927657e-01
3.820000e+11 4.518577e-01 2.491780e-01 2.779741e-01 -2.545900e-01
3.830000e+11 4.225616e-01 2.131369e-01 2.871057e-01 -2.251694e-01
3.840000e+11 4.025848e-01 1.803586e-01 2.963746e-01 -2.042240e-01
3.850000e+11 3.925824e-01 1.502489e-01 3.081262e-01 -1.913228e-01
3.860000e+11 3.932035e-01 1.213976e-01 3.242122e-01 -1.864351e-01
3.870000e+11 4.055939e-01 9.178085e-02 3.461897e-01 -1.903559e-01
3.880000e+11 4.317434e-01 5.875554e-02 3.753014e-01 -2.051805e-01
3.890000e+11 4.746120e-01 1.907909e-02 4.119501e-01 -2.349249e-01
3.900000e+11 5.375238e-01 -3.043982e-02 4.540617e-01 -2.860651e-01
3.910000e+11 6.213251e-01 -9.011948e-02 4.934982e-01 -3.665827e-01
3.920000e+11 7.170832e-01 -1.502045e-01 5.116024e-01 -4.794891e-01
3.930000e+11 7.979888e-01 -1.830237e-01 4.835831e-01 -6.078123e-01
3.940000e+11 8.313596e-01 -1.555432e-01 4.052194e-01 -7.090574e-01
3.950000e+11 8.145868e-01 -6.634422e-02 3.124594e-01 -7.493458e-01
3.960000e+11 7.770377e-01 5.088424e-02 2.477749e-01 -7.347148e-01
3.970000e+11 7.429842e-01 1.627488e-01 2.248261e-01 -6.891964e-01
3.980000e+11 7.162019e-01 2.514408e-01 2.344672e-01 -6.282896e-01
3.990000e+11 6.890523e-01 3.093935e-01 2.606088e-01 -5.578098e-01
4.000000e+11 6.538582e-01 3.352893e-01 2.885315e-01 -4.815197e-01
4.010000e+11 6.088670e-01 3.336993e-01 3.088380e-01 -4.049480e-01
4.020000e+11 5.580800e-01 3.134099e-01 3.186343e-01 -3.342149e-01
4.030000e+11 5.075689e-01 2.837857e-01 3.198045e-01 -2.735269e-01
4.040000e+11 4.622554e-01 2.518977e-01 3.161083e-01 -2.242836e-01
4.050000e+11 4.248738e-01 2.217960e-01 3.111223e-01 -1.858150e-01
4.060000e+11 3.964190e-01 1.951627e-01 3.075069e-01 -1.565217e-01
4.070000e+11 3.769696e-01 1.722455e-01 3.070781e-01 -1.346870e-01
4.080000e+11 3.663481e-01 1.525441e-01 3.111405e-01 -1.188816e-01
4.090000e+11 3.645421e-01 1.351805e-01 3.208219e-01 -1.081227e-01
4.100000e+11 3.719705e-01 1.190271e-01 3.373427e-01 -1.019536e-01
4.110000e+11 3.896882e-01 1.026731e-01 3.622184e-01 -1.005630e-01
4.120000e+11 4.195834e-01 8.428724e-02 3.973793e-01 -1.050502e-01
4.130000e+11 4.645317e-01 6.145477e-02 4.450829e-01 -1.179585e-01
4.140000e+11 5.282395e-01 3.125129e-02 5.072214e-01 -1.441761e-01
4.150000e+11 6.138746e-01 -8.606317e-03 5.830432e-01 -1.919077e-01
4.160000e+11 7.194165e-01 -5.559306e-02 6.638417e-01 -2.716317e-01
4.170000e+11 8.283724e-01 -9.402245e-02 7.263108e-01 -3.870830e-01
4.180000e+11 9.059470e-01 -9.271582e-02 7.390286e-01 -5.157330e-01
4.190000e+11 9.235731e-01 -3.126892e-02 6.953483e-01 -6.070422e-01
4.200000e+11 8.893108e-01 6.897714e-02 6.276619e-01 -6.262240e-01
4.210000e+11 8.299987e-01 1.657064e-01 5.682286e-01 -5.818551e-01
4.220000e+11 7.617966e-01 2.320643e-01 5.236229e-01 -5.022940e-01
4.230000e+11 6.902100e-01 2.631065e-01 4.869697e-01 -4.123412e-01
4.240000e+11 6.190181e-01 2.665012e-01 4.525299e-01 -3.276846e-01
4.250000e+11 5.526166e-01 2.533737e-01 4.192047e-01 -2.558403e-01
4.260000e+11 4.945668e-01 2.330364e-01 3.884285e-01 -1.985288e-01
4.270000e+11 4.466449e-01 2.114122e-01 3.619157e-01 -1.543164e-01
4.280000e+11 4.091020e-01 1.915411e-01 3.407674e-01 -1.206403e-01
4.290000e+11 3.813655e-01 1.746321e-01 3.254747e-01 -9.491827e-02
4.300000e+11 3.626292e-01 1.609223e-01 3.162008e-01 -7.497315e-02
4.310000e+11 3.522132e-01 1.502018e-01 3.130508e-01 -5.909963e-02
4.320000e+11 3.497520e-01 1.420766e-01 3.162677e-01 -4.599374e-02
4.330000e+11 3.552976e-01 1.360682e-01 3.263753e-01 -3.465477e-02
4.340000e+11 3.693995e-01 1.316076e-01 3.443030e-01 -2.430768e-02
4.350000e+11 3.931945e-01 1.279491e-01 3.715162e-01 -1.437573e-02
4.360000e+11 4.285134e-01 1.239962e-01 4.101560e-01 -4.548794e-03
4.370000e+11 4.779652e-01 1.180321e-01 4.631356e-01 4.951752e-03
4.380000e+11 5.448274e-01 1.074064e-01 5.339843e-01 1.270515e-02
4.390000e+11 6.322114e-01 8.853470e-02 6.258085e-01 1.471714e-02
