# #nu(Hz) #T #rho #c #s
0.000000e+00 1.000000e+00 0.000000e+00 1.000000e+00 0.000000e+00
1.000000e+09 9.750002e-01 -5.443541e-03 9.743839e-01 3.423310e-02
2.000000e+09 9.082730e-01 -1.856288e-02 9.061799e-01 5.876444e-02
3.000000e+09 8.185346e-01 -3.290640e-02 8.148500e-01 7.025352e-02
4.000000e+09 7.239251e-01 -4.381968e-02 7.190666e-01 7.134905e-02
5.000000e+09 6.360807e-01 -4.996813e-02 6.306106e-01 6.657435e-02
6.000000e+09 5.602111e-01 -5.207513e-02 5.545990e-01 5.953639e-02
7.000000e+09 4.974391e-01 -5.144584e-02 4.919972e-01 5.232375e-02
8.000000e+09 4.469136e-01 -4.922087e-02 4.418178e-01 4.589270e-02
9.000000e+09 4.070975e-01 -4.618422e-02 4.024300e-01 4.056444e-02
1.000000e+10 3.764054e-01 -4.280250e-02 3.721914e-01 3.636598e-02
1.100000e+10 3.534674e-01 -3.931554e-02 3.497000e-01 3.321731e-02
1.200000e+10 3.372116e-01 -3.581388e-02 3.338661e-01 3.102307e-02
1.300000e+10 3.268697e-01 -3.229001e-02 3.239108e-01 2.971499e-02
1.400000e+10 3.219606e-01 -2.866669e-02 3.193429e-01 2.927339e-02
1.500000e+10 3.222725e-01 -2.480814e-02 3.199367e-01 2.974306e-02
1.600000e+10 3.278563e-01 -2.051858e-02 3.257177e-01 3.125300e-02
1.700000e+10 3.390319e-01 -1.553100e-02 3.369603e-01 3.404743e-02
1.800000e+10 3.564087e-01 -9.488619e-03 3.541922e-01 3.853646e-02
1.900000e+10 3.809134e-01 -1.924169e-03 3.781960e-01 4.537740e-02
2.000000e+10 4.138082e-01 7.749969e-03 4.099827e-01 5.559996e-02
2.100000e+10 4.566551e-01 2.020615e-02 4.506829e-01 7.078508e-02
2.200000e+10 5.111230e-01 3.604038e-02 5.012454e-01 9.327832e-02
2.300000e+10 5.784396e-01 5.532683e-02 5.617605e-01 1.263190e-01
2.400000e+10 6.581838e-01 7.666004e-02 6.302002e-01 1.737151e-01
2.500000e+10 7.462543e-01 9.563442e-02 7.006921e-01 2.382855e-01
2.600000e+10 8.328182e-01 1.036906e-01 7.625837e-01 3.182775e-01
2.700000e+10 9.029513e-01 9.004449e-02 8.030153e-01 4.029634e-01
2.800000e+10 9.425175e-01 4.881569e-02 8.139033e-01 4.727766e-01
2.900000e+10 9.456604e-01 -1.349817e-02 7.972287e-01 5.084464e-01
3.000000e+10 9.159804e-01 -7.973083e-02 7.616398e-01 5.025614e-01
3.100000e+10 8.617203e-01 -1.325686e-01 7.150924e-01 4.622016e-01
3.200000e+10 7.919888e-01 -1.632763e-01 6.623673e-01 4.023142e-01
3.300000e+10 7.156090e-01 -1.726299e-01 6.069111e-01 3.375708e-01
3.400000e+10 6.401942e-01 -1.666636e-01 5.521627e-01 2.778276e-01
3.500000e+10 5.711036e-01 -1.521326e-01 5.012060e-01 2.276126e-01
3.600000e+10 5.111645e-01 -1.341448e-01 4.561229e-01 1.877398e-01
3.700000e+10 4.612112e-01 -1.157534e-01 4.178685e-01 1.571713e-01
3.800000e+10 4.208909e-01 -9.843141e-02 3.865587e-01 1.342863e-01
3.900000e+10 3.893298e-01 -8.267495e-02 3.618445e-01 1.175207e-01
4.000000e+10 3.655508e-01 -6.845148e-02 3.432044e-01 1.056055e-01
4.100000e+10 3.486931e-01 -5.546805e-02 3.301239e-01 9.761349e-02
4.200000e+10 3.381111e-01 -4.330811e-02 3.221900e-01 9.293633e-02
4.300000e+10 3.334142e-01 -3.148784e-02 3.191344e-01 9.125114e-02
4.400000e+10 3.344839e-01 -1.946658e-02 3.208484e-01 9.250322e-02
4.500000e+10 3.414886e-01 -6.631790e-03 3.273801e-01 9.691588e-02
4.600000e+10 3.549020e-01 7.728405e-03 3.389150e-01 1.050350e-01
4.700000e+10 3.755220e-01 2.445053e-02 3.557226e-01 1.178151e-01
4.800000e+10 4.044648e-01 4.449149e-02 3.780372e-01 1.367486e-01
4.900000e+10 4.430737e-01 6.883221e-02 4.058009e-01 1.640184e-01
5.000000e+10 4.926070e-01 9.815704e-02 4.381635e-01 2.025822e-01
5.100000e+10 5.534692e-01 1.320794e-01 4.726348e-01 2.559289e-01
5.200000e+10 6.237356e-01 1.676795e-01 5.040114e-01 3.269589e-01
5.300000e+10 6.972173e-01 1.976324e-01 5.239723e-01 4.153389e-01
5.400000e+10 7.628608e-01 2.097771e-01 5.233904e-01 5.138216e-01
5.500000e+10 8.085835e-01 1.913257e-01 4.985889e-01 6.071333e-01
5.600000e+10 8.290177e-01 1.373120e-01 4.571094e-01 6.778397e-01
5.700000e+10 8.291475e-01 5.535421e-02 4.149527e-01 7.157065e-01
5.800000e+10 8.185640e-01 -3.872418e-02 3.864658e-01 7.205495e-01
5.900000e+10 8.031413e-01 -1.284437e-01 3.770595e-01 6.973982e-01
6.000000e+10 7.823047e-01 -2.007964e-01 3.830735e-01 6.518712e-01
6.100000e+10 7.521543e-01 -2.477423e-01 3.957381e-01 5.897043e-01
6.200000e+10 7.103387e-01 -2.672685e-01 4.060658e-01 5.179374e-01
6.300000e+10 6.587099e-01 -2.632638e-01 4.085998e-01 4.445639e-01
6.400000e+10 6.023879e-01 -2.431646e-01 4.024576e-01 3.765236e-01
6.500000e+10 5.470401e-01 -2.146686e-01 3.898839e-01 3.180579e-01
6.600000e+10 4.968701e-01 -1.835644e-01 3.741131e-01 2.705982e-01
6.700000e+10 4.541276e-01 -1.532415e-01 3.579637e-01 2.336897e-01
6.800000e+10 4.195570e-01 -1.251847e-01 3.433771e-01 2.060316e-01
6.900000e+10 3.930569e-01 -9.967848e-02 3.315010e-01 1.861854e-01
7.000000e+10 3.741993e-01 -7.635345e-02 3.229387e-01 1.729330e-01
7.100000e+10 3.625520e-01 -5.451335e-02 3.179769e-01 1.654174e-01
7.200000e+10 3.578568e-01 -3.329359e-02 3.167395e-01 1.631842e-01
7.300000e+10 3.601235e-01 -1.171630e-02 3.192645e-01 1.661981e-01
7.400000e+10 3.696812e-01 1.130763e-02 3.255087e-01 1.748726e-01
7.500000e+10 3.871954e-01 3.698662e-02 3.352693e-01 1.901231e-01
7.600000e+10 4.136240e-01 6.661128e-02 3.479872e-01 2.134308e-01
7.700000e+10 4.500250e-01 1.013702e-01 3.623699e-01 2.468494e-01
7.800000e+10 4.970328e-01 1.418309e-01 3.757771e-01 2.927749e-01
7.900000e+10 5.537386e-01 1.868171e-01 3.834568e-01 3.531101e-01
8.000000e+10 6.158912e-01 2.316030e-01 3.782264e-01 4.273486e-01
8.100000e+10 6.743683e-01 2.663760e-01 3.520782e-01 5.097621e-01
8.200000e+10 7.167117e-01 2.777736e-01 3.010863e-01 5.881025e-01
8.300000e+10 7.338542e-01 2.556452e-01 2.311544e-01 6.478852e-01
8.400000e+10 7.273330e-01 2.003758e-01 1.575081e-01 6.812151e-01
8.500000e+10 7.083597e-01 1.222208e-01 9.627951e-02 6.910614e-01
8.600000e+10 6.897308e-01 3.375054e-02 5.704550e-02 6.865386e-01
8.700000e+10 6.793754e-01 -5.567286e-02 4.229425e-02 6.757682e-01
8.800000e+10 6.788924e-01 -1.400499e-01 5.045903e-02 6.623706e-01
8.900000e+10 6.846645e-01 -2.144216e-01 7.801639e-02 6.455249e-01
9.000000e+10 6.896604e-01 -2.732402e-01 1.197213e-01 6.218022e-01
9.100000e+10 6.860065e-01 -3.109264e-01 1.683446e-01 5.878688e-01
9.200000e+10 6.683439e-01 -3.243238e-01 2.155993e-01 5.431525e-01
9.300000e+10 6.363319e-01 -3.148932e-01 2.545469e-01 4.908833e-01
9.400000e+10 5.943463e-01 -2.883564e-01 2.817920e-01 4.366822e-01
9.500000e+10 5.487749e-01 -2.520243e-01 2.977200e-01 3.860058e-01
9.600000e+10 5.052739e-01 -2.121020e-01 3.050170e-01 3.424603e-01
9.700000e+10 4.675459e-01 -1.725037e-01 3.069454e-01 3.076137e-01
9.800000e+10 4.374667e-01 -1.349946e-01 3.063053e-01 2.816569e-01
9.900000e+10 4.157438e-01 -9.984173e-02 3.051073e-01 2.641667e-01
1.000000e+11 4.025543e-01 -6.642088e-02 3.046167e-01 2.546505e-01
1.010000e+11 3.979864e-01 -3.361143e-02 3.054927e-01 2.528590e-01
1.020000e+11 4.022932e-01 -7.460374e-06 3.078722e-01 2.589489e-01
1.030000e+11 4.159963e-01 3.596334e-02 3.113316e-01 2.735548e-01
1.040000e+11 4.398287e-01 7.589338e-02 3.146817e-01 2.977666e-01
1.050000e+11 4.744134e-01 1.210491e-01 3.155710e-01 3.329117e-01
1.060000e+11 5.194584e-01 1.715675e-01 3.099650e-01 3.798991e-01
1.070000e+11 5.722445e-01 2.249531e-01 2.919041e-01 4.377807e-01
1.080000e+11 6.257288e-01 2.741873e-01 2.545845e-01 5.015421e-01
1.090000e+11 6.681922e-01 3.073776e-01 1.940559e-01 5.606622e-01
1.100000e+11 6.875624e-01 3.120743e-01 1.144569e-01 6.018732e-01
1.110000e+11 6.795560e-01 2.834044e-01 2.907830e-02 6.169545e-01
1.120000e+11 6.514202e-01 2.278085e-01 -4.658750e-02 6.085073e-01
1.130000e+11 6.164645e-01 1.575882e-01 -1.032003e-01 5.869788e-01
1.140000e+11 5.862066e-01 8.311957e-02 -1.392061e-01 5.633391e-01
1.150000e+11 5.671447e-01 9.806690e-03 -1.572160e-01 5.448304e-01
1.160000e+11 5.615086e-01 -6.077482e-02 -1.603417e-01 5.346858e-01
1.170000e+11 5.687951e-01 -1.286085e-01 -1.504913e-01 5.332354e-01
1.180000e+11 5.865416e-01 -1.933095e-01 -1.281990e-01 5.387277e-01
1.190000e+11 6.103247e-01 -2.527645e-01 -9.335757e-02 5.476228e-01
1.200000e+11 6.336891e-01 -3.025266e-01 -4.654456e-02 5.548631e-01
1.210000e+11 6.490269e-01 -3.365484e-01 9.509969e-03 5.548700e-01
1.220000e+11 6.499888e-01 -3.495974e-01 6.933369e-02 5.435623e-01
1.230000e+11 6.343879e-01 -3.402073e-01 1.259982e-01 5.204147e-01
1.240000e+11 6.052412e-01 -3.117627e-01 1.737617e-01 4.888025e-01
1.250000e+11 5.689354e-01 -2.706918e-01 2.100248e-01 4.542060e-01
1.260000e+11 5.322227e-01 -2.234650e-01 2.352943e-01 4.218543e-01
1.270000e+11 5.002553e-01 -1.746089e-01 2.518054e-01 3.954252e-01
1.280000e+11 4.762131e-01 -1.262938e-01 2.620991e-01 3.770051e-01
1.290000e+11 4.618364e-01 -7.881740e-02 2.681651e-01 3.676522e-01
1.300000e+11 4.581150e-01 -3.127213e-02 2.710667e-01 3.679868e-01
1.310000e+11 4.657609e-01 1.789220e-02 2.707600e-01 3.785526e-01
1.320000e+11 4.853184e-01 7.035639e-02 2.658911e-01 3.998572e-01
1.330000e+11 5.167776e-01 1.272258e-01 2.535246e-01 4.319699e-01
1.340000e+11 5.584847e-01 1.878005e-01 2.290405e-01 4.734729e-01
1.350000e+11 6.053385e-01 2.477237e-01 1.869363e-01 5.197331e-01
1.360000e+11 6.473402e-01 2.975243e-01 1.236453e-01 5.614628e-01
1.370000e+11 6.713848e-01 3.244151e-01 4.216758e-02 5.862886e-01
1.380000e+11 6.682283e-01 3.192685e-01 -4.568176e-02 5.852434e-01
1.390000e+11 6.395103e-01 2.836427e-01 -1.244568e-01 5.594915e-01
1.400000e+11 5.964300e-01 2.284551e-01 -1.840253e-01 5.192992e-01
1.410000e+11 5.518030e-01 1.660314e-01 -2.229843e-01 4.766531e-01
1.420000e+11 5.143504e-01 1.043866e-01 -2.454000e-01 4.398165e-01
1.430000e+11 4.881118e-01 4.664155e-02 -2.564616e-01 4.126805e-01
1.440000e+11 4.741913e-01 -7.193205e-03 -2.601982e-01 3.963617e-01
1.450000e+11 4.723805e-01 -5.847532e-02 -2.589349e-01 3.907387e-01
1.460000e+11 4.819899e-01 -1.088200e-01 -2.534332e-01 3.952772e-01
1.470000e+11 5.019982e-01 -1.593914e-01 -2.431437e-01 4.092403e-01
1.480000e+11 5.307170e-01 -2.102787e-01 -2.264542e-01 4.314649e-01
1.490000e+11 5.651516e-01 -2.598088e-01 -2.010854e-01 4.598481e-01
1.500000e+11 6.004023e-01 -3.039843e-01 -1.649055e-01 4.907980e-01
1.510000e+11 6.298104e-01 -3.366761e-01 -1.172891e-01 5.191855e-01
1.520000e+11 6.466247e-01 -3.513274e-01 -6.053072e-02 5.394707e-01
1.530000e+11 6.469427e-01 -3.439076e-01 -8.258683e-05 5.479620e-01
1.540000e+11 6.319250e-01 -3.151187e-01 5.719914e-02 5.447547e-01
1.550000e+11 6.072657e-01 -2.698326e-01 1.057428e-01 5.336482e-01
1.560000e+11 5.804410e-01 -2.142936e-01 1.427943e-01 5.201920e-01
1.570000e+11 5.580909e-01 -1.534580e-01 1.680237e-01 5.095921e-01
1.580000e+11 5.449225e-01 -8.991877e-02 1.821056e-01 5.056606e-01
1.590000e+11 5.437994e-01 -2.421455e-02 1.853432e-01 5.106656e-01
1.600000e+11 5.560548e-01 4.415289e-02 1.767665e-01 5.253581e-01
1.610000e+11 5.812646e-01 1.152713e-01 1.537922e-01 5.485700e-01
1.620000e+11 6.161040e-01 1.868688e-01 1.127766e-01 5.761472e-01
1.630000e+11 6.526908e-01 2.522143e-01 5.122044e-02 5.998080e-01
1.640000e+11 6.785139e-01 2.998353e-01 -2.818819e-02 6.080175e-01
1.650000e+11 6.810901e-01 3.180929e-01 -1.145691e-01 5.912483e-01
1.660000e+11 6.561286e-01 3.033240e-01 -1.921965e-01 5.491446e-01
1.670000e+11 6.107909e-01 2.631043e-01 -2.494543e-01 4.915427e-01
1.680000e+11 5.578519e-01 2.104176e-01 -2.841729e-01 4.314730e-01
1.690000e+11 5.080148e-01 1.559775e-01 -3.011220e-01 3.782534e-01
1.700000e+11 4.670629e-01 1.053792e-01 -3.068989e-01 3.359405e-01
1.710000e+11 4.369334e-01 6.016767e-02 -3.069194e-01 3.051083e-01
1.720000e+11 4.176153e-01 1.972690e-02 -3.047311e-01 2.848725e-01
1.730000e+11 4.084622e-01 -1.741155e-02 -3.023334e-01 2.741035e-01
1.740000e+11 4.088332e-01 -5.290949e-02 -3.006442e-01 2.719527e-01
1.750000e+11 4.183084e-01 -8.833285e-02 -2.998175e-01 2.780084e-01
1.760000e+11 4.366592e-01 -1.249889e-01 -2.993751e-01 2.922732e-01
1.770000e+11 4.636381e-01 -1.637245e-01 -2.981880e-01 3.150213e-01
1.780000e+11 4.985729e-01 -2.045680e-01 -2.943800e-01 3.465072e-01
1.790000e+11 5.397547e-01 -2.461603e-01 -2.852891e-01 3.864587e-01
1.800000e+11 5.837487e-01 -2.850908e-01 -2.677484e-01 4.333551e-01
1.810000e+11 6.251089e-01 -3.156138e-01 -2.390124e-01 4.837583e-01
1.820000e+11 6.573070e-01 -3.305562e-01 -1.983778e-01 5.323827e-01
1.830000e+11 6.752632e-01 -3.238064e-01 -1.487028e-01 5.736003e-01
1.840000e+11 6.782458e-01 -2.931659e-01 -9.637852e-02 6.039721e-01
1.850000e+11 6.707365e-01 -2.411953e-01 -4.927975e-02 6.239261e-01
1.860000e+11 6.603923e-01 -1.732774e-01 -1.427065e-02 6.370944e-01
1.870000e+11 6.548435e-01 -9.484141e-02 3.830561e-03 6.479278e-01
1.880000e+11 6.592621e-01 -1.007692e-02 1.720840e-03 6.591828e-01
1.890000e+11 6.748650e-01 7.716533e-02 -2.307159e-02 6.700418e-01
1.900000e+11 6.976050e-01 1.609841e-01 -7.144658e-02 6.750054e-01
1.910000e+11 7.174773e-01 2.313879e-01 -1.398937e-01 6.645774e-01
1.920000e+11 7.210836e-01 2.758545e-01 -2.174787e-01 6.297372e-01
1.930000e+11 6.991125e-01 2.862153e-01 -2.877058e-01 5.692666e-01
1.940000e+11 6.532429e-01 2.652559e-01 -3.369804e-01 4.927574e-01
1.950000e+11 5.943626e-01 2.248041e-01 -3.617383e-01 4.145787e-01
1.960000e+11 5.345480e-01 1.776649e-01 -3.671005e-01 3.455633e-01
1.970000e+11 4.816325e-01 1.321839e-01 -3.609554e-01 2.901869e-01
1.980000e+11 4.388316e-01 9.187999e-02 -3.498746e-01 2.484331e-01
1.990000e+11 4.065429e-01 5.725272e-02 -3.380800e-01 2.184061e-01
2.000000e+11 3.839929e-01 2.743288e-02 -3.279020e-01 1.979349e-01
2.010000e+11 3.701732e-01 1.115719e-03 -3.204915e-01 1.852355e-01
2.020000e+11 3.642527e-01 -2.303527e-02 -3.163540e-01 1.790797e-01
2.030000e+11 3.657156e-01 -4.625735e-02 -3.156651e-01 1.787840e-01
2.040000e+11 3.743796e-01 -6.966632e-02 -3.184225e-01 1.841569e-01
2.050000e+11 3.903556e-01 -9.425392e-02 -3.244847e-01 1.954568e-01
2.060000e+11 4.139606e-01 -1.208483e-01 -3.335215e-01 2.133600e-01
2.070000e+11 4.455525e-01 -1.499840e-01 -3.448819e-01 2.389106e-01
2.080000e+11 4.852311e-01 -1.816158e-01 -3.573847e-01 2.733882e-01
2.090000e+11 5.323488e-01 -2.146187e-01 -3.690801e-01 3.179842e-01
2.100000e+11 5.848563e-01 -2.461005e-01 -3.771454e-01 3.731660e-01
2.110000e+11 6.387728e-01 -2.708251e-01 -3.782586e-01 4.377270e-01
2.120000e+11 6.884629e-01 -2.814488e-01 -3.698579e-01 5.079103e-01
2.130000e+11 7.284280e-01 -2.703393e-01 -3.521974e-01 5.774782e-01
2.140000e+11 7.561666e-01 -2.326724e-01 -3.299952e-01 6.393392e-01
2.150000e+11 7.738626e-01 -1.688632e-01 -3.119567e-01 6.877729e-01
2.160000e+11 7.867540e-01 -8.467680e-02 -3.078656e-01 7.190483e-01
2.170000e+11 7.987027e-01 1.003488e-02 -3.246550e-01 7.296742e-01
2.180000e+11 8.077848e-01 1.020277e-01 -3.626592e-01 7.145522e-01
2.190000e+11 8.053289e-01 1.756438e-01 -4.130317e-01 6.686619e-01
2.200000e+11 7.810856e-01 2.174631e-01 -4.594650e-01 5.930400e-01
2.210000e+11 7.320407e-01 2.237693e-01 -4.866390e-01 4.989923e-01
2.220000e+11 6.657821e-01 2.027232e-01 -4.892629e-01 4.034736e-01
2.230000e+11 5.947033e-01 1.677896e-01 -4.724883e-01 3.198023e-01
2.240000e+11 5.286926e-01 1.300044e-01 -4.454188e-01 2.534104e-01
2.250000e+11 4.726680e-01 9.531233e-02 -4.156894e-01 2.037963e-01
2.260000e+11 4.278004e-01 6.571309e-02 -3.879144e-01 1.679804e-01
2.270000e+11 3.934038e-01 4.113288e-02 -3.642934e-01 1.427058e-01
2.280000e+11 3.682043e-01 2.069693e-02 -3.456111e-01 1.252958e-01
2.290000e+11 3.509579e-01 3.355700e-03 -3.319761e-01 1.138070e-01
2.300000e+11 3.406848e-01 -1.187432e-02 -3.232491e-01 1.069355e-01
2.310000e+11 3.367308e-01 -2.584999e-02 -3.192620e-01 1.038807e-01
2.320000e+11 3.387634e-01 -3.931097e-02 -3.199215e-01 1.042378e-01
2.330000e+11 3.467526e-01 -5.290789e-02 -3.252522e-01 1.079312e-01
2.340000e+11 3.609512e-01 -6.722535e-02 -3.354076e-01 1.151879e-01
2.350000e+11 3.818723e-01 -8.278354e-02 -3.506566e-01 1.265438e-01
2.360000e+11 4.102493e-01 -9.999854e-02 -3.713391e-01 1.428709e-01
2.370000e+11 4.469454e-01 -1.190688e-01 -3.977735e-01 1.654055e-01
2.380000e+11 4.927573e-01 -1.397375e-01 -4.300872e-01 1.957248e-01
2.390000e+11 5.480440e-01 -1.608721e-01 -4.679517e-01 2.355709e-01
2.400000e+11 6.121294e-01 -1.798522e-01 -5.102606e-01 2.863384e-01
2.410000e+11 6.825775e-01 -1.919564e-01 -5.549347e-01 3.480120e-01
2.420000e+11 7.547390e-01 -1.903619e-01 -5.992237e-01 4.175217e-01
2.430000e+11 8.221847e-01 -1.677767e-01 -6.407640e-01 4.870936e-01
2.440000e+11 8.780680e-01 -1.202793e-01 -6.787009e-01 5.439682e-01
2.450000e+11 9.160660e-01 -5.199501e-02 -7.129198e-01 5.729038e-01
2.460000e+11 9.297526e-01 2.298982e-02 -7.404942e-01 5.617649e-01
2.470000e+11 9.127914e-01 8.510687e-02 -7.531337e-01 5.086596e-01
2.480000e+11 8.633488e-01 1.196460e-01 -7.414549e-01 4.257940e-01
2.490000e+11 7.888056e-01 1.249453e-01 -7.035651e-01 3.340644e-01
2.500000e+11 7.031884e-01 1.102405e-01 -6.473812e-01 2.514330e-01
2.510000e+11 6.196307e-01 8.698771e-02 -5.845581e-01 1.861911e-01
2.520000e+11 5.458915e-01 6.304968e-02 -5.242347e-01 1.385650e-01
2.530000e+11 4.846753e-01 4.204165e-02 -4.712478e-01 1.052053e-01
2.540000e+11 4.357530e-01 2.488218e-02 -4.271929e-01 8.226680e-02
2.550000e+11 3.977186e-01 1.126298e-02 -3.919394e-01 6.660862e-02
2.560000e+11 3.689497e-01 4.871849e-04 -3.646776e-01 5.598118e-02
2.570000e+11 3.480152e-01 -8.163290e-03 -3.444703e-01 4.886879e-02
2.580000e+11 3.338024e-01 -1.530416e-02 -3.304978e-01 4.428352e-02
2.590000e+11 3.255299e-01 -2.142852e-02 -3.221490e-01 4.159948e-02
2.600000e+11 3.227237e-01 -2.692230e-02 -3.190462e-01 4.043865e-02
2.610000e+11 3.251927e-01 -3.208674e-02 -3.210490e-01 4.059848e-02
2.620000e+11 3.330127e-01 -3.715705e-02 -3.282560e-01 4.200907e-02
2.630000e+11 3.465252e-01 -4.231231e-02 -3.410137e-01 4.471066e-02
2.640000e+11 3.663471e-01 -4.767318e-02 -3.599330e-01 4.884374e-02
2.650000e+11 3.933837e-01 -5.328166e-02 -3.859090e-01 5.464472e-02
2.660000e+11 4.288304e-01 -5.905400e-02 -4.201309e-01 6.243547e-02
2.670000e+11 4.741234e-01 -6.469348e-02 -4.640466e-01 7.258433e-02
2.680000e+11 5.307668e-01 -6.955167e-02 -5.192148e-01 8.539281e-02
2.690000e+11 5.999008e-01 -7.245038e-02 -5.869124e-01 1.008255e-01
2.700000e+11 6.813993e-01 -7.156200e-02 -6.672832e-01 1.179701e-01
2.710000e+11 7.722880e-01 -6.463949e-02 -7.577877e-01 1.341948e-01
2.720000e+11 8.646017e-01 -5.011286e-02 -8.509831e-01 1.444045e-01
2.730000e+11 9.439026e-01 -2.926887e-02 -9.327400e-01 1.417449e-01
2.740000e+11 9.914074e-01 -7.969967e-03 -9.839111e-01 1.214250e-01
2.750000e+11 9.921857e-01 5.548858e-03 -9.884263e-01 8.611019e-02
2.760000e+11 9.451566e-01 6.879970e-03 -9.439984e-01 4.626812e-02
2.770000e+11 8.643842e-01 -1.321082e-03 -8.642870e-01 1.289476e-02
2.780000e+11 7.696638e-01 -1.293845e-02 -7.695007e-01 -9.147185e-03
2.790000e+11 6.767218e-01 -2.328051e-02 -6.759980e-01 -2.090828e-02
2.800000e+11 5.940740e-01 -3.050769e-02 -5.927328e-01 -2.571093e-02
2.810000e+11 5.246290e-01 -3.465809e-02 -5.228063e-01 -2.660710e-02
2.820000e+11 4.682315e-01 -3.646195e-02 -4.661050e-01 -2.564002e-02
2.830000e+11 4.234774e-01 -3.669385e-02 -4.212028e-01 -2.397755e-02
2.840000e+11 3.886813e-01 -3.595184e-02 -3.863764e-01 -2.222496e-02
2.850000e+11 3.623013e-01 -3.463410e-02 -3.600490e-01 -2.067435e-02
2.860000e+11 3.430870e-01 -3.297704e-02 -3.409435e-01 -1.946072e-02
2.870000e+11 3.301068e-01 -3.109875e-02 -3.281090e-01 -1.865074e-02
2.880000e+11 3.227318e-01 -2.903141e-02 -3.209025e-01 -1.829277e-02
2.890000e+11 3.206131e-01 -2.674004e-02 -3.189631e-01 -1.844761e-02
2.900000e+11 3.236657e-01 -2.412943e-02 -3.221927e-01 -1.921274e-02
2.910000e+11 3.320661e-01 -2.104101e-02 -3.307486e-01 -2.074859e-02
2.920000e+11 3.462650e-01 -1.724115e-02 -3.450487e-01 -2.331500e-02
2.930000e+11 3.670116e-01 -1.240288e-02 -3.657826e-01 -2.732711e-02
2.940000e+11 3.953819e-01 -6.086496e-03 -3.939180e-01 -3.344277e-02
2.950000e+11 4.327859e-01 2.265425e-03 -4.306687e-01 -4.269633e-02
2.960000e+11 4.808941e-01 1.327794e-02 -4.773566e-01 -5.668731e-02
2.970000e+11 5.413537e-01 2.744632e-02 -5.350311e-01 -7.779584e-02
2.980000e+11 6.150536e-01 4.461748e-02 -6.036223e-01 -1.092717e-01
2.990000e+11 7.006189e-01 6.293926e-02 -6.804109e-01 -1.547463e-01
3.000000e+11 7.921156e-01 7.738821e-02 -7.580706e-01 -2.163033e-01
3.010000e+11 8.772698e-01 7.922221e-02 -8.239686e-01 -2.905200e-01
3.020000e+11 9.394235e-01 5.925587e-02 -8.637454e-01 -3.646219e-01
3.030000e+11 9.649227e-01 1.557781e-02 -8.691257e-01 -4.188720e-01
3.040000e+11 9.503903e-01 -4.147691e-02 -8.426325e-01 -4.375978e-01
3.050000e+11 9.025478e-01 -9.487285e-02 -7.936856e-01 -4.191119e-01
3.060000e+11 8.328000e-01 -1.317475e-01 -7.320899e-01 -3.744901e-01
3.070000e+11 7.528070e-01 -1.486951e-01 -6.655557e-01 -3.188161e-01
3.080000e+11 6.722226e-01 -1.494532e-01 -5.999096e-01 -2.639230e-01
3.090000e+11 5.976302e-01 -1.401138e-01 -5.392667e-01 -2.161514e-01
3.100000e+11 5.325006e-01 -1.259284e-01 -4.860044e-01 -1.774784e-01
3.110000e+11 4.779325e-01 -1.103191e-01 -4.410196e-01 -1.474818e-01
3.120000e+11 4.336148e-01 -9.510481e-02 -4.042220e-01 -1.248257e-01
3.130000e+11 3.986011e-01 -8.104285e-02 -3.750173e-01 -1.080598e-01
3.140000e+11 3.717944e-01 -6.828745e-02 -3.526502e-01 -9.594651e-02
3.150000e+11 3.521998e-01 -5.668254e-02 -3.364032e-01 -8.754820e-02
3.160000e+11 3.390362e-01 -4.592107e-02 -3.256944e-01 -8.221915e-02
3.170000e+11 3.317774e-01 -3.561855e-02 -3.201179e-01 -7.957421e-02
3.180000e+11 3.301644e-01 -2.533632e-02 -3.194556e-01 -7.946530e-02
3.190000e+11 3.342138e-01 -1.457623e-02 -3.236755e-01 -8.197903e-02
3.200000e+11 3.442310e-01 -2.759093e-03 -3.329228e-01 -8.746303e-02
3.210000e+11 3.608306e-01 1.080324e-02 -3.474949e-01 -9.658817e-02
3.220000e+11 3.849532e-01 2.692735e-02 -3.677823e-01 -1.104541e-01
3.230000e+11 4.178475e-01 4.653583e-02 -3.941297e-01 -1.307393e-01
3.240000e+11 4.609372e-01 7.051649e-02 -4.265362e-01 -1.598669e-01
3.250000e+11 5.154134e-01 9.930740e-02 -4.640700e-01 -2.010675e-01
3.260000e+11 5.812886e-01 1.319595e-01 -5.038986e-01 -2.580104e-01
3.270000e+11 6.557165e-01 1.645068e-01 -5.401604e-01 -3.333592e-01
3.280000e+11 7.311223e-01 1.882425e-01 -5.638556e-01 -4.256423e-01
3.290000e+11 7.954481e-01 1.902923e-01 -5.660242e-01 -5.254933e-01
3.300000e+11 8.373213e-01 1.594201e-01 -5.446256e-01 -6.156908e-01
3.310000e+11 8.535553e-01 9.458098e-02 -5.090276e-01 -6.786029e-01
3.320000e+11 8.502203e-01 7.352405e-03 -4.748520e-01 -7.052206e-01
3.330000e+11 8.353504e-01 -8.438111e-02 -4.534646e-01 -6.964624e-01
3.340000e+11 8.122439e-01 -1.640179e-01 -4.465066e-01 -6.583845e-01
3.350000e+11 7.794907e-01 -2.202906e-01 -4.478693e-01 -5.987411e-01
3.360000e+11 7.353598e-01 -2.488869e-01 -4.491145e-01 -5.264081e-01
3.370000e+11 6.813709e-01 -2.523304e-01 -4.443259e-01 -4.507441e-01
3.380000e+11 6.223120e-01 -2.376147e-01 -4.320121e-01 -3.797065e-01
3.390000e+11 5.638563e-01 -2.126851e-01 -4.140430e-01 -3.182253e-01
3.400000e+11 5.104159e-01 -1.838705e-01 -3.935079e-01 -2.680812e-01
3.410000e+11 4.644447e-01 -1.550870e-01 -3.731774e-01 -2.289006e-01
3.420000e+11 4.267938e-01 -1.282136e-01 -3.549508e-01 -1.993093e-01
3.430000e+11 3.973698e-01 -1.037980e-01 -3.399130e-01 -1.777297e-01
3.440000e+11 3.756831e-01 -8.164704e-02 -3.285909e-01 -1.627870e-01
3.450000e+11 3.611968e-01 -6.119634e-02 -3.211968e-01 -1.534624e-01
3.460000e+11 3.535179e-01 -4.169993e-02 -3.177989e-01 -1.491304e-01
3.470000e+11 3.524981e-01 -2.230528e-02 -3.184160e-01 -1.495615e-01
3.480000e+11 3.582877e-01 -2.063998e-03 -3.230502e-01 -1.549335e-01
3.490000e+11 3.713661e-01 2.008459e-02 -3.316561e-01 -1.658723e-01
3.500000e+11 3.925440e-01 4.532004e-02 -3.440300e-01 -1.835218e-01
3.510000e+11 4.228905e-01 7.487738e-02 -3.595680e-01 -2.096201e-01
3.520000e+11 4.634759e-01 1.097946e-01 -3.768229e-01 -2.464944e-01
3.530000e+11 5.147167e-01 1.502569e-01 -3.928053e-01 -2.967493e-01
3.540000e+11 5.750612e-01 1.942750e-01 -4.021850e-01 -3.622151e-01
3.550000e+11 6.390980e-01 2.357856e-01 -3.971908e-01 -4.416909e-01
3.560000e+11 6.965080e-01 2.636020e-01 -3.699134e-01 -5.280165e-01
3.570000e+11 7.349522e-01 2.643282e-01 -3.179798e-01 -6.075971e-01
3.580000e+11 7.477340e-01 2.301140e-01 -2.497168e-01 -6.661795e-01
3.590000e+11 7.394523e-01 1.645383e-01 -1.816020e-01 -6.976658e-01
3.600000e+11 7.224120e-01 7.949591e-02 -1.290288e-01 -7.063364e-01
3.610000e+11 7.080448e-01 -1.252797e-02 -1.000919e-01 -7.008225e-01
3.620000e+11 7.017190e-01 -1.023903e-01 -9.604234e-02 -6.875331e-01
3.630000e+11 7.023020e-01 -1.834334e-01 -1.140406e-01 -6.682627e-01
3.640000e+11 7.039443e-01 -2.495053e-01 -1.486592e-01 -6.412372e-01
3.650000e+11 6.988875e-01 -2.946902e-01 -1.922895e-01 -6.038428e-01
3.660000e+11 6.810544e-01 -3.152362e-01 -2.361660e-01 -5.555960e-01
3.670000e+11 6.490336e-01 -3.118421e-01 -2.727334e-01 -4.996155e-01
3.680000e+11 6.063966e-01 -2.897586e-01 -2.979823e-01 -4.415465e-01
3.690000e+11 5.592888e-01 -2.563589e-01 -3.119052e-01 -3.870390e-01
3.700000e+11 5.135300e-01 -2.182809e-01 -3.170765e-01 -3.398955e-01
3.710000e+11 4.730931e-01 -1.799531e-01 -3.168228e-01 -3.017570e-01
3.720000e+11 4.400447e-01 -1.435665e-01 -3.140616e-01 -2.727514e-01
3.730000e+11 4.151557e-01 -1.096949e-01 -3.109109e-01 -2.523008e-01
3.740000e+11 3.985583e-01 -7.793695e-02 -3.087313e-01 -2.397073e-01
3.750000e+11 3.902194e-01 -4.735376e-02 -3.082931e-01 -2.344870e-01
3.760000e+11 3.902257e-01 -1.670561e-02 -3.099118e-01 -2.365412e-01
3.770000e+11 3.989292e-01 1.543734e-02 -3.134810e-01 -2.462435e-01
3.780000e+11 4.169761e-01 5.061753e-02 -3.183696e-01 -2.644763e-01
3.790000e+11 4.451769e-01 9.032732e-02 -3.231430e-01 -2.925783e-01
3.800000e+11 4.840743e-01 1.355755e-01 -3.250891e-01 -3.320606e-01
3.810000e+11 5.329606e-01 1.859138e-01 -3.196599e-01 -3.837976e-01
3.820000e+11 5.881860e-01 2.377518e-01 -3.003632e-01 -4.463393e-01
3.830000e+11 6.414003e-01 2.826007e-01 -2.603435e-01 -5.135683e-01
3.840000e+11 6.801813e-01 3.076977e-01 -1.967761e-01 -5.738013e-01
3.850000e+11 6.938042e-01 3.017664e-01 -1.159238e-01 -6.138917e-01
3.860000e+11 6.811719e-01 2.629412e-01 -3.246287e-02 -6.275375e-01
3.870000e+11 6.520378e-01 2.000001e-01 3.871547e-02 -6.193984e-01
3.880000e+11 6.199063e-01 1.253206e-01 8.978487e-02 -6.004308e-01
3.890000e+11 5.950249e-01 4.802704e-02 1.200515e-01 -5.808061e-01
3.900000e+11 5.824648e-01 -2.758326e-02 1.320326e-01 -5.666320e-01
3.910000e+11 5.832575e-01 -1.002383e-01 1.282837e-01 -5.600757e-01
3.920000e+11 5.956765e-01 -1.693274e-01 1.102339e-01 -5.603635e-01
3.930000e+11 6.157079e-01 -2.330658e-01 7.849191e-02 -5.644604e-01
3.940000e+11 6.371408e-01 -2.875024e-01 3.402942e-02 -5.675674e-01
3.950000e+11 6.523118e-01 -3.268668e-01 -2.033563e-02 -5.641411e-01
3.960000e+11 6.543012e-01 -3.456775e-01 -7.916937e-02 -5.498630e-01
3.970000e+11 6.399205e-01 -3.417515e-01 -1.354507e-01 -5.237912e-01
3.980000e+11 6.112321e-01 -3.177732e-01 -1.831293e-01 -4.889668e-01
3.990000e+11 5.741573e-01 -2.799425e-01 -2.192589e-01 -4.507930e-01
4.000000e+11 5.354848e-01 -2.350034e-01 -2.441744e-01 -4.146037e-01
4.010000e+11 5.006202e-01 -1.879905e-01 -2.601620e-01 -3.841821e-01
4.020000e+11 4.729597e-01 -1.415759e-01 -2.699668e-01 -3.616146e-01
4.030000e+11 4.543242e-01 -9.645920e-02 -2.758730e-01 -3.478509e-01
4.040000e+11 4.456660e-01 -5.202786e-02 -2.793299e-01 -3.433455e-01
4.050000e+11 4.476253e-01 -6.909705e-03 -2.808291e-01 -3.485050e-01
4.060000e+11 4.608010e-01 4.060794e-02 -2.797875e-01 -3.638785e-01
4.070000e+11 4.856619e-01 9.212672e-02 -2.743140e-01 -3.900409e-01
4.080000e+11 5.219440e-01 1.483704e-01 -2.608988e-01 -4.270170e-01
4.090000e+11 5.673229e-01 2.077973e-01 -2.343776e-01 -4.730144e-01
4.100000e+11 6.155160e-01 2.646903e-01 -1.890702e-01 -5.225432e-01
4.110000e+11 6.553562e-01 3.082364e-01 -1.221787e-01 -5.652914e-01
4.120000e+11 6.739785e-01 3.257222e-01 -3.850434e-02 -5.887864e-01
4.130000e+11 6.646610e-01 3.103793e-01 4.865680e-02 -5.857230e-01
4.140000e+11 6.322145e-01 2.667725e-01 1.242880e-01 -5.595357e-01
4.150000e+11 5.891605e-01 2.069706e-01 1.800368e-01 -5.214020e-01
4.160000e+11 5.476028e-01 1.424100e-01 2.158478e-01 -4.826986e-01
4.170000e+11 5.149628e-01 7.962935e-02 2.360391e-01 -4.507009e-01
4.180000e+11 4.943472e-01 2.066733e-02 2.453685e-01 -4.286564e-01
4.190000e+11 4.863943e-01 -3.499176e-02 2.472246e-01 -4.174146e-01
4.200000e+11 4.906522e-01 -8.879571e-02 2.432773e-01 -4.167386e-01
4.210000e+11 5.061274e-01 -1.420763e-01 2.336531e-01 -4.258937e-01
4.220000e+11 5.311733e-01 -1.952771e-01 2.172310e-01 -4.436469e-01
4.230000e+11 5.629503e-01 -2.472129e-01 1.920717e-01 -4.678752e-01
4.240000e+11 5.968012e-01 -2.944311e-01 1.562099e-01 -4.950560e-01
4.250000e+11 6.262035e-01 -3.312067e-01 1.089607e-01 -5.201544e-01
4.260000e+11 6.441355e-01 -3.509550e-01 5.235903e-02 -5.375869e-01
4.270000e+11 6.458864e-01 -3.490727e-01 -8.414028e-03 -5.433661e-01
4.280000e+11 6.315808e-01 -3.254696e-01 -6.656406e-02 -5.371528e-01
4.290000e+11 6.061764e-01 -2.845509e-01 -1.163781e-01 -5.224335e-01
4.300000e+11 5.769439e-01 -2.326604e-01 -1.549888e-01 -5.046899e-01
4.310000e+11 5.506708e-01 -1.752351e-01 -1.821884e-01 -4.892222e-01
4.320000e+11 5.323005e-01 -1.154125e-01 -1.990694e-01 -4.799950e-01
4.330000e+11 5.249364e-01 -5.409013e-02 -2.066281e-01 -4.795178e-01
4.340000e+11 5.303190e-01 9.283200e-03 -2.048089e-01 -4.890862e-01
4.350000e+11 5.490095e-01 7.561405e-02 -1.919730e-01 -5.087635e-01
4.360000e+11 5.798166e-01 1.447092e-01 -1.648276e-01 -5.367293e-01
4.370000e+11 6.183230e-01 2.133055e-01 -1.193085e-01 -5.679697e-01
4.380000e+11 6.552986e-01 2.732397e-01 -5.328111e-02 -5.932263e-01
4.390000e+11 6.776003e-01 3.122502e-01 2.917753e-02 -6.006586e-01
4.400000e+11 6.742244e-01 3.199993e-01 1.157220e-01 -5.820545e-01
4.410000e+11 6.441021e-01 2.958693e-01 1.908059e-01 -5.393718e-01
4.420000e+11 5.967955e-01 2.496671e-01 2.446877e-01 -4.836932e-01
4.430000e+11 5.451836e-01 1.943169e-01 2.769466e-01 -4.275122e-01
4.440000e+11 4.987603e-01 1.391596e-01 2.928901e-01 -3.789616e-01
4.450000e+11 4.621483e-01 8.846247e-02 2.987939e-01 -3.412882e-01
4.460000e+11 4.366493e-01 4.296014e-02 2.995280e-01 -3.148016e-01
4.470000e+11 4.220449e-01 1.650217e-03 2.981700e-01 -2.986869e-01
4.480000e+11 4.177045e-01 -3.708690e-02 2.963580e-01 -2.920164e-01
4.490000e+11 4.230718e-01 -7.494090e-02 2.946919e-01 -2.941604e-01
4.500000e+11 4.377685e-01 -1.134029e-01 2.929717e-01 -3.048748e-01
4.510000e+11 4.614515e-01 -1.535435e-01 2.902640e-01 -3.242046e-01
4.520000e+11 4.934538e-01 -1.956796e-01 2.848615e-01 -3.522217e-01
4.530000e+11 5.322044e-01 -2.388428e-01 2.742647e-01 -3.885544e-01
4.540000e+11 5.745247e-01 -2.801154e-01 2.554293e-01 -4.317058e-01
4.550000e+11 6.152117e-01 -3.142325e-01 2.255961e-01 -4.783825e-01
4.560000e+11 6.476890e-01 -3.342286e-01 1.838078e-01 -5.234567e-01
4.570000e+11 6.662831e-01 -3.336861e-01 1.324530e-01 -5.612868e-01
4.580000e+11 6.692247e-01 -3.096917e-01 7.743644e-02 -5.881806e-01
4.590000e+11 6.600260e-01 -2.641679e-01 2.629615e-02 -6.042831e-01
4.600000e+11 6.459180e-01 -2.023115e-01 -1.437697e-02 -6.132482e-01
4.610000e+11 6.347709e-01 -1.296752e-01 -4.018177e-02 -6.200837e-01
4.620000e+11 6.326656e-01 -5.031134e-02 -4.837057e-02 -6.288043e-01
4.630000e+11 6.426432e-01 3.304946e-02 -3.668208e-02 -6.407436e-01
4.640000e+11 6.637614e-01 1.171464e-01 -2.968880e-03 -6.533354e-01
4.650000e+11 6.898696e-01 1.955981e-01 5.329920e-02 -6.594093e-01
4.660000e+11 7.093607e-01 2.575752e-01 1.275796e-01 -6.485145e-01
4.670000e+11 7.089862e-01 2.909534e-01 2.076521e-01 -6.122811e-01
4.680000e+11 6.819838e-01 2.900968e-01 2.770400e-01 -5.515384e-01
4.690000e+11 6.331404e-01 2.607663e-01 3.240649e-01 -4.773360e-01
4.700000e+11 5.745373e-01 2.158103e-01 3.473193e-01 -4.035942e-01
4.710000e+11 5.174686e-01 1.670731e-01 3.527741e-01 -3.397217e-01
4.720000e+11 4.684714e-01 1.214309e-01 3.480340e-01 -2.891233e-01
4.730000e+11 4.298658e-01 8.134113e-02 3.390621e-01 -2.514063e-01
4.740000e+11 4.016576e-01 4.674897e-02 3.295981e-01 -2.247409e-01
4.750000e+11 3.830013e-01 1.654811e-02 3.216947e-01 -2.071924e-01
4.760000e+11 3.729687e-01 -1.065718e-02 3.163663e-01 -1.972421e-01
4.770000e+11 3.708669e-01 -3.624317e-02 3.140478e-01 -1.939140e-01
4.780000e+11 3.763297e-01 -6.147351e-02 3.148501e-01 -1.967598e-01
4.790000e+11 3.893059e-01 -8.747834e-02 3.186639e-01 -2.058152e-01
4.800000e+11 4.099833e-01 -1.152226e-01 3.251511e-01 -2.215553e-01
4.810000e+11 4.386371e-01 -1.454005e-01 3.336416e-01 -2.448357e-01
4.820000e+11 4.753535e-01 -1.781880e-01 3.429475e-01 -2.767617e-01
4.830000e+11 5.195688e-01 -2.127893e-01 3.511391e-01 -3.183925e-01
4.840000e+11 5.694277e-01 -2.467776e-01 3.554263e-01 -3.701634e-01
4.850000e+11 6.211893e-01 -2.754635e-01 3.524562e-01 -4.310111e-01
4.860000e+11 6.693012e-01 -2.919204e-01 3.394277e-01 -4.975293e-01
4.870000e+11 7.079246e-01 -2.884790e-01 3.160294e-01 -5.639703e-01
4.880000e+11 7.337849e-01 -2.596430e-01 2.861835e-01 -6.237986e-01
4.890000e+11 7.484119e-01 -2.046644e-01 2.579434e-01 -6.720849e-01
4.900000e+11 7.574328e-01 -1.277910e-01 2.411227e-01 -7.065647e-01
4.910000e+11 7.668749e-01 -3.667456e-02 2.441018e-01 -7.260623e-01
4.920000e+11 7.786618e-01 5.863056e-02 2.710131e-01 -7.276184e-01
4.930000e+11 7.877012e-01 1.452711e-01 3.190537e-01 -7.053894e-01
4.940000e+11 7.830754e-01 2.085775e-01 3.766963e-01 -6.540660e-01
4.950000e+11 7.549883e-01 2.377137e-01 4.266664e-01 -5.757216e-01
4.960000e+11 7.030296e-01 2.326855e-01 4.551161e-01 -4.826773e-01
4.970000e+11 6.367672e-01 2.040834e-01 4.591321e-01 -3.911779e-01
4.980000e+11 5.684663e-01 1.653258e-01 4.450556e-01 -3.126449e-01
4.990000e+11 5.067444e-01 1.260863e-01 4.217777e-01 -2.509895e-01
5.000000e+11 4.553791e-01 9.100864e-02 3.962483e-01 -2.051215e-01
5.010000e+11 4.149353e-01 6.130819e-02 3.725535e-01 -1.720944e-01
5.020000e+11 3.845350e-01 3.654310e-02 3.526431e-01 -1.489115e-01
5.030000e+11 3.629292e-01 1.569435e-02 3.372469e-01 -1.331759e-01
5.040000e+11 3.489867e-01 -2.338264e-03 3.265165e-01 -1.231798e-01
5.050000e+11 3.418683e-01 -1.856108e-02 3.203908e-01 -1.178099e-01
5.060000e+11 3.410645e-01 -3.385410e-02 3.187835e-01 -1.164301e-01
5.070000e+11 3.463855e-01 -4.898964e-02 3.216687e-01 -1.187947e-01
5.080000e+11 3.579392e-01 -6.465919e-02 3.291113e-01 -1.250016e-01
5.090000e+11 3.761052e-01 -8.148552e-02 3.412617e-01 -1.354832e-01
5.100000e+11 4.014926e-01 -9.999870e-02 3.583138e-01 -1.510225e-01
5.110000e+11 4.348553e-01 -1.205452e-01 3.804150e-01 -1.727785e-01
5.120000e+11 4.769143e-01 -1.430818e-01 4.075048e-01 -2.022739e-01
5.130000e+11 5.280204e-01 -1.667924e-01 4.390665e-01 -2.412601e-01
5.140000e+11 5.876060e-01 -1.894951e-01 4.738318e-01 -2.913003e-01
5.150000e+11 6.534998e-01 -2.069629e-01 5.096132e-01 -3.528778e-01
5.160000e+11 7.214787e-01 -2.126506e-01 5.436529e-01 -4.239726e-01
5.170000e+11 7.857213e-01 -1.987541e-01 5.738509e-01 -4.985478e-01
5.180000e+11 8.404299e-01 -1.593228e-01 6.004526e-01 -5.660347e-01
5.190000e+11 8.813398e-01 -9.464373e-02 6.263062e-01 -6.128155e-01
5.200000e+11 9.049679e-01 -1.430427e-02 6.537042e-01 -6.256462e-01
5.210000e+11 9.062283e-01 6.390797e-02 6.792029e-01 -5.965307e-01
5.220000e+11 8.792074e-01 1.207895e-01 6.923772e-01 -5.282323e-01
5.230000e+11 8.231793e-01 1.457929e-01 6.828048e-01 -4.360575e-01
5.240000e+11 7.467304e-01 1.420239e-01 6.490413e-01 -3.408532e-01
5.250000e+11 6.635311e-01 1.210291e-01 5.991244e-01 -2.582159e-01
5.260000e+11 5.850026e-01 9.410237e-02 5.437920e-01 -1.940699e-01
5.270000e+11 5.171703e-01 6.808919e-02 4.910146e-01 -1.474235e-01
5.280000e+11 4.616785e-01 4.576688e-02 4.448748e-01 -1.146251e-01
5.290000e+11 4.178620e-01 2.758896e-02 4.066929e-01 -9.191492e-02
5.300000e+11 3.842403e-01 1.303543e-02 3.763595e-01 -7.631674e-02
5.310000e+11 3.592776e-01 1.321834e-03 3.532133e-01 -6.571926e-02
5.320000e+11 3.416825e-01 -8.308520e-03 3.364992e-01 -5.870408e-02
5.330000e+11 3.304902e-01 -1.649590e-02 3.255726e-01 -5.435200e-02
5.340000e+11 3.250601e-01 -2.375810e-02 3.199781e-01 -5.209288e-02
5.350000e+11 3.250512e-01 -3.051098e-02 3.194751e-01 -5.160473e-02
5.360000e+11 3.304008e-01 -3.709247e-02 3.240463e-01 -5.275227e-02
5.370000e+11 3.413140e-01 -4.378042e-02 3.339044e-01 -5.555477e-02
5.380000e+11 3.582651e-01 -5.079939e-02 3.495029e-01 -6.017475e-02
5.390000e+11 3.820056e-01 -5.831023e-02 3.715505e-01 -6.692106e-02
5.400000e+11 4.135650e-01 -6.637239e-02 4.010181e-01 -7.625764e-02
5.410000e+11 4.542179e-01 -7.486202e-02 4.391173e-01 -8.880090e-02
5.420000e+11 5.053614e-01 -8.332188e-02 4.872025e-01 -1.052679e-01
5.430000e+11 5.682046e-01 -9.072418e-02 5.465118e-01 -1.262954e-01
5.440000e+11 6.431171e-01 -9.517653e-02 6.176089e-01 -1.519876e-01
5.450000e+11 7.284678e-01 -9.376411e-02 6.993613e-01 -1.810177e-01
5.460000e+11 8.189441e-01 -8.304785e-02 7.873782e-01 -2.093039e-01
5.470000e+11 9.039022e-01 -6.097667e-02 8.722641e-01 -2.290772e-01
5.480000e+11 9.674068e-01 -3.010804e-02 9.390660e-01 -2.304871e-01
5.490000e+11 9.924915e-01 7.922440e-04 9.705604e-01 -2.074877e-01
5.500000e+11 9.699831e-01 2.102460e-02 9.557238e-01 -1.643691e-01
5.510000e+11 9.054991e-01 2.584939e-02 8.978643e-01 -1.144559e-01
5.520000e+11 8.163465e-01 1.885931e-02 8.130611e-01 -7.069337e-02
5.530000e+11 7.211464e-01 6.957467e-03 7.200653e-01 -3.885474e-02
5.540000e+11 6.324916e-01 -4.706720e-03 6.322063e-01 -1.840419e-02
5.550000e+11 5.561188e-01 -1.390640e-02 5.559090e-01 -6.310893e-03
5.560000e+11 4.932439e-01 -2.032309e-02 4.928248e-01 4.311203e-04
5.570000e+11 4.429191e-01 -2.442146e-02 4.422272e-01 4.001923e-03
5.580000e+11 4.034809e-01 -2.682129e-02 4.025469e-01 5.785404e-03
5.590000e+11 3.732453e-01 -2.805456e-02 3.721308e-01 6.606639e-03
