# #nu(Hz) #T #rho #c #s
0.000000e+00 1.000000e+00 0.000000e+00 1.000000e+00 0.000000e+00
1.000000e+09 9.653338e-01 3.152533e-03 9.653087e-01 -6.216950e-03
2.000000e+09 8.763418e-01 1.040635e-02 8.762372e-01 -8.656208e-03
3.000000e+09 7.643919e-01 1.784031e-02 7.641522e-01 -6.934861e-03
4.000000e+09 6.554282e-01 2.333423e-02 6.550061e-01 -2.926385e-03
5.000000e+09 5.622250e-01 2.679637e-02 5.615837e-01 1.628307e-03
6.000000e+09 4.878780e-01 2.893271e-02 4.869836e-01 5.900599e-03
7.000000e+09 4.309793e-01 3.046283e-02 4.297914e-01 9.720800e-03
8.000000e+09 3.888163e-01 3.190982e-02 3.872790e-01 1.322211e-02
9.000000e+09 3.587769e-01 3.362797e-02 3.568095e-01 1.664399e-02
1.000000e+10 3.388111e-01 3.587658e-02 3.362964e-01 2.026236e-02
1.100000e+10 3.275103e-01 3.888270e-02 3.242784e-01 2.438523e-02
1.200000e+10 3.240697e-01 4.288700e-02 3.198728e-01 2.938076e-02
1.300000e+10 3.282392e-01 4.817792e-02 3.227126e-01 3.572751e-02
1.400000e+10 3.402999e-01 5.511709e-02 3.328997e-01 4.409029e-02
1.500000e+10 3.610672e-01 6.415061e-02 3.509723e-01 5.543188e-02
1.600000e+10 3.918999e-01 7.578320e-02 3.778581e-01 7.117359e-02
1.700000e+10 4.346496e-01 9.045497e-02 4.147455e-01 9.340417e-02
1.800000e+10 4.913975e-01 1.081881e-01 4.627342e-01 1.250757e-01
1.900000e+10 5.636751e-01 1.277687e-01 5.220404e-01 1.699371e-01
2.000000e+10 6.507531e-01 1.452406e-01 5.905720e-01 2.315372e-01
2.100000e+10 7.469718e-01 1.521545e-01 6.622856e-01 3.101511e-01
2.200000e+10 8.397370e-01 1.361063e-01 7.271870e-01 3.972813e-01
2.300000e+10 9.115571e-01 8.790308e-02 7.750204e-01 4.717550e-01
2.400000e+10 9.463229e-01 1.395689e-02 7.994970e-01 5.060996e-01
2.500000e+10 9.344346e-01 -6.043277e-02 7.967057e-01 4.845369e-01
2.600000e+10 8.763429e-01 -1.078381e-01 7.632885e-01 4.168195e-01
2.700000e+10 7.858057e-01 -1.194860e-01 7.025999e-01 3.310093e-01
2.800000e+10 6.845138e-01 -1.057619e-01 6.274256e-01 2.524097e-01
2.900000e+10 5.902952e-01 -8.149890e-02 5.522108e-01 1.920147e-01
3.000000e+10 5.117318e-01 -5.628910e-02 4.860497e-01 1.498555e-01
3.100000e+10 4.503948e-01 -3.395663e-02 4.322357e-01 1.219618e-01
3.200000e+10 4.046615e-01 -1.509473e-02 3.907021e-01 1.042828e-01
3.300000e+10 3.721366e-01 9.761658e-04 3.601071e-01 9.384859e-02
3.400000e+10 3.506982e-01 1.527650e-02 3.389287e-01 8.878742e-02
3.500000e+10 3.388232e-01 2.884307e-02 3.258989e-01 8.808618e-02
3.600000e+10 3.356337e-01 4.266941e-02 3.201209e-01 9.138879e-02
3.700000e+10 3.408663e-01 5.774022e-02 3.210538e-01 9.889568e-02
3.800000e+10 3.548347e-01 7.508318e-02 3.284333e-01 1.113631e-01
3.900000e+10 3.783842e-01 9.578668e-02 3.421264e-01 1.301885e-01
4.000000e+10 4.127756e-01 1.209065e-01 3.618605e-01 1.575509e-01
4.100000e+10 4.593407e-01 1.511023e-01 3.867141e-01 1.965050e-01
4.200000e+10 5.186265e-01 1.857212e-01 4.142592e-01 2.507396e-01
4.300000e+10 5.887169e-01 2.210319e-01 4.394989e-01 3.233777e-01
4.400000e+10 6.630764e-01 2.479971e-01 4.546540e-01 4.140743e-01
4.500000e+10 7.302472e-01 2.520520e-01 4.521404e-01 5.150727e-01
4.600000e+10 7.790044e-01 2.188405e-01 4.316527e-01 6.104364e-01
4.700000e+10 8.067982e-01 1.444810e-01 4.052276e-01 6.825242e-01
4.800000e+10 8.204943e-01 4.045436e-02 3.915078e-01 7.199278e-01
4.900000e+10 8.256491e-01 -7.080025e-02 4.023635e-01 7.174869e-01
5.000000e+10 8.169750e-01 -1.628456e-01 4.333678e-01 6.731433e-01
5.100000e+10 7.828784e-01 -2.141002e-01 4.655016e-01 5.919188e-01
5.200000e+10 7.205013e-01 -2.194441e-01 4.793735e-01 4.910881e-01
5.300000e+10 6.416937e-01 -1.920138e-01 4.695362e-01 3.929851e-01
5.400000e+10 5.629452e-01 -1.505956e-01 4.435453e-01 3.122432e-01
5.500000e+10 4.950986e-01 -1.081989e-01 4.118583e-01 2.525636e-01
5.600000e+10 4.419786e-01 -7.028779e-02 3.817076e-01 2.114332e-01
5.700000e+10 4.033935e-01 -3.769232e-02 3.565827e-01 1.848091e-01
5.800000e+10 3.778055e-01 -9.282900e-03 3.376361e-01 1.692711e-01
5.900000e+10 3.636906e-01 1.665720e-02 3.249148e-01 1.625539e-01
6.000000e+10 3.600488e-01 4.192798e-02 3.180338e-01 1.634984e-01
6.100000e+10 3.665323e-01 6.829842e-02 3.164311e-01 1.719088e-01
6.200000e+10 3.834102e-01 9.750049e-02 3.193428e-01 1.884601e-01
6.300000e+10 4.113985e-01 1.311481e-01 3.255422e-01 2.146420e-01
6.400000e+10 4.512190e-01 1.703715e-01 3.328144e-01 2.525999e-01
6.500000e+10 5.025996e-01 2.148555e-01 3.371846e-01 3.045490e-01
6.600000e+10 5.624458e-01 2.610072e-01 3.322839e-01 3.712249e-01
6.700000e+10 6.227283e-01 2.997976e-01 3.101507e-01 4.491308e-01
6.800000e+10 6.708053e-01 3.170026e-01 2.653587e-01 5.282745e-01
6.900000e+10 6.957357e-01 2.994307e-01 2.014860e-01 5.948049e-01
7.000000e+10 6.974497e-01 2.440941e-01 1.328578e-01 6.396897e-01
7.100000e+10 6.879240e-01 1.597234e-01 7.719181e-02 6.646573e-01
7.200000e+10 6.822275e-01 5.907061e-02 4.723233e-02 6.780223e-01
7.300000e+10 6.893098e-01 -4.710669e-02 4.917445e-02 6.859379e-01
7.400000e+10 7.076775e-01 -1.485778e-01 8.422068e-02 6.867597e-01
7.500000e+10 7.247219e-01 -2.311330e-01 1.470255e-01 6.709567e-01
7.600000e+10 7.219334e-01 -2.777849e-01 2.221400e-01 6.282334e-01
7.700000e+10 6.882679e-01 -2.798116e-01 2.876690e-01 5.591643e-01
7.800000e+10 6.299287e-01 -2.455280e-01 3.285316e-01 4.781142e-01
7.900000e+10 5.635759e-01 -1.931559e-01 3.442180e-01 4.022718e-01
8.000000e+10 5.033682e-01 -1.377959e-01 3.431589e-01 3.415169e-01
8.100000e+10 4.561648e-01 -8.663813e-02 3.343076e-01 2.980245e-01
8.200000e+10 4.236088e-01 -4.105548e-02 3.236222e-01 2.702360e-01
8.300000e+10 4.051824e-01 3.490856e-04 3.141476e-01 2.558983e-01
8.400000e+10 4.000278e-01 3.993349e-02 3.069629e-01 2.533799e-01
8.500000e+10 4.076712e-01 8.023640e-02 3.018398e-01 2.620127e-01
8.600000e+10 4.280939e-01 1.236074e-01 2.974138e-01 2.820117e-01
8.700000e+10 4.612916e-01 1.717318e-01 2.909401e-01 3.140891e-01
8.800000e+10 5.061535e-01 2.245909e-01 2.778441e-01 3.585429e-01
8.900000e+10 5.584877e-01 2.785712e-01 2.516997e-01 4.134656e-01
9.000000e+10 6.089609e-01 3.244580e-01 2.060093e-01 4.723563e-01
9.100000e+10 6.439906e-01 3.483384e-01 1.389030e-01 5.235363e-01
9.200000e+10 6.528104e-01 3.386349e-01 5.795792e-02 5.550934e-01
9.300000e+10 6.362844e-01 2.948509e-01 -2.183221e-02 5.634219e-01
9.400000e+10 6.067911e-01 2.273634e-01 -8.712307e-02 5.557975e-01
9.500000e+10 5.793654e-01 1.485176e-01 -1.321849e-01 5.441819e-01
9.600000e+10 5.647254e-01 6.582470e-02 -1.570519e-01 5.384390e-01
9.700000e+10 5.680981e-01 -1.838285e-02 -1.628190e-01 5.439554e-01
9.800000e+10 5.900980e-01 -1.037114e-01 -1.485760e-01 5.615912e-01
9.900000e+10 6.261862e-01 -1.873427e-01 -1.111067e-01 5.870836e-01
1.000000e+11 6.646036e-01 -2.598494e-01 -4.805005e-02 6.098093e-01
1.010000e+11 6.871396e-01 -3.050725e-01 3.558768e-02 6.146748e-01
1.020000e+11 6.786679e-01 -3.093688e-01 1.235996e-01 5.912734e-01
1.030000e+11 6.397327e-01 -2.741449e-01 1.963568e-01 5.436419e-01
1.040000e+11 5.855882e-01 -2.149086e-01 2.439271e-01 4.870599e-01
1.050000e+11 5.331529e-01 -1.482308e-01 2.685774e-01 4.360571e-01
1.060000e+11 4.926496e-01 -8.337537e-02 2.777200e-01 3.982760e-01
1.070000e+11 4.679796e-01 -2.266515e-02 2.778682e-01 3.758729e-01
1.080000e+11 4.598569e-01 3.530968e-02 2.726601e-01 3.686164e-01
1.090000e+11 4.679379e-01 9.321064e-02 2.628879e-01 3.757227e-01
1.100000e+11 4.913734e-01 1.533622e-01 2.468269e-01 3.962377e-01
1.110000e+11 5.279863e-01 2.162047e-01 2.205069e-01 4.282543e-01
1.120000e+11 5.723128e-01 2.782024e-01 1.785873e-01 4.671745e-01
1.130000e+11 6.136945e-01 3.299940e-01 1.171293e-01 5.039897e-01
1.140000e+11 6.378122e-01 3.580166e-01 3.843120e-02 5.264519e-01
1.150000e+11 6.344121e-01 3.522975e-01 -4.629985e-02 5.255678e-01
1.160000e+11 6.054706e-01 3.146464e-01 -1.221589e-01 5.026625e-01
1.170000e+11 5.635395e-01 2.569839e-01 -1.798013e-01 4.681960e-01
1.180000e+11 5.225456e-01 1.920850e-01 -2.185850e-01 4.340252e-01
1.190000e+11 4.917385e-01 1.274394e-01 -2.428046e-01 4.081812e-01
1.200000e+11 4.755688e-01 6.505422e-02 -2.572122e-01 3.946840e-01
1.210000e+11 4.758098e-01 3.635429e-03 -2.647493e-01 3.953347e-01
1.220000e+11 4.931071e-01 -5.934708e-02 -2.657894e-01 4.110821e-01
1.230000e+11 5.270991e-01 -1.258598e-01 -2.577879e-01 4.421970e-01
1.240000e+11 5.748506e-01 -1.949544e-01 -2.351976e-01 4.869580e-01
1.250000e+11 6.278503e-01 -2.595235e-01 -1.909092e-01 5.388851e-01
1.260000e+11 6.703594e-01 -3.046118e-01 -1.213600e-01 5.846924e-01
1.270000e+11 6.852601e-01 -3.132775e-01 -3.393002e-02 6.085125e-01
1.280000e+11 6.673125e-01 -2.798557e-01 5.287957e-02 6.034820e-01
1.290000e+11 6.284397e-01 -2.152307e-01 1.213683e-01 5.778252e-01
1.300000e+11 5.872130e-01 -1.363180e-01 1.647870e-01 5.468837e-01
1.310000e+11 5.573061e-01 -5.461361e-02 1.853306e-01 5.227428e-01
1.320000e+11 5.450269e-01 2.586334e-02 1.872611e-01 5.111934e-01
1.330000e+11 5.515537e-01 1.051657e-01 1.727420e-01 5.131393e-01
1.340000e+11 5.744168e-01 1.833502e-01 1.410162e-01 5.257868e-01
1.350000e+11 6.068597e-01 2.569085e-01 8.992553e-02 5.423929e-01
1.360000e+11 6.367303e-01 3.165412e-01 1.966411e-02 5.521236e-01
1.370000e+11 6.489429e-01 3.493380e-01 -6.261501e-02 5.432948e-01
1.380000e+11 6.338391e-01 3.471552e-01 -1.426068e-01 5.107823e-01
1.390000e+11 5.945185e-01 3.140347e-01 -2.065040e-01 4.606415e-01
1.400000e+11 5.436808e-01 2.631236e-01 -2.490789e-01 4.053572e-01
1.410000e+11 4.942370e-01 2.073281e-01 -2.736119e-01 3.555585e-01
1.420000e+11 4.540451e-01 1.540471e-01 -2.866572e-01 3.166293e-01
1.430000e+11 4.262997e-01 1.055206e-01 -2.940888e-01 2.900148e-01
1.440000e+11 4.117707e-01 6.098915e-02 -2.998830e-01 2.755097e-01
1.450000e+11 4.105451e-01 1.834794e-02 -3.062599e-01 2.727922e-01
1.460000e+11 4.229007e-01 -2.499259e-02 -3.140097e-01 2.821671e-01
1.470000e+11 4.495021e-01 -7.161630e-02 -3.225060e-01 3.048165e-01
1.480000e+11 4.909291e-01 -1.234272e-01 -3.292436e-01 3.426015e-01
1.490000e+11 5.461951e-01 -1.801430e-01 -3.290096e-01 3.970268e-01
1.500000e+11 6.099375e-01 -2.365003e-01 -3.135489e-01 4.666675e-01
1.510000e+11 6.696409e-01 -2.794805e-01 -2.740852e-01 5.433110e-01
1.520000e+11 7.081069e-01 -2.907670e-01 -2.087718e-01 6.109700e-01
1.530000e+11 7.151189e-01 -2.584108e-01 -1.297588e-01 6.540501e-01
1.540000e+11 6.976436e-01 -1.871534e-01 -5.831224e-02 6.695370e-01
1.550000e+11 6.739360e-01 -9.300864e-02 -1.126224e-02 6.673922e-01
1.560000e+11 6.596641e-01 9.300680e-03 4.759775e-03 6.595814e-01
1.570000e+11 6.608827e-01 1.105585e-01 -1.041516e-02 6.514862e-01
1.580000e+11 6.736376e-01 2.031231e-01 -5.400204e-02 6.400097e-01
1.590000e+11 6.856823e-01 2.764246e-01 -1.191334e-01 6.160818e-01
1.600000e+11 6.815173e-01 3.181493e-01 -1.923184e-01 5.711922e-01
1.610000e+11 6.520654e-01 3.222759e-01 -2.563324e-01 5.055900e-01
1.620000e+11 6.013018e-01 2.952065e-01 -2.993281e-01 4.299066e-01
1.630000e+11 5.417927e-01 2.512517e-01 -3.203303e-01 3.574918e-01
1.640000e+11 4.853475e-01 2.033599e-01 -3.257548e-01 2.968009e-01
1.650000e+11 4.385566e-01 1.587408e-01 -3.232589e-01 2.502738e-01
1.660000e+11 4.035866e-01 1.197172e-01 -3.185901e-01 2.169107e-01
1.670000e+11 3.803827e-01 8.594259e-02 -3.152721e-01 1.947007e-01
1.680000e+11 3.682671e-01 5.597093e-02 -3.152907e-01 1.818784e-01
1.690000e+11 3.667527e-01 2.800410e-02 -3.197746e-01 1.773910e-01
1.700000e+11 3.758874e-01 1.460340e-04 -3.294121e-01 1.810497e-01
1.710000e+11 3.963657e-01 -2.954208e-02 -3.445918e-01 1.936222e-01
1.720000e+11 4.294655e-01 -6.296402e-02 -3.652513e-01 2.169509e-01
1.730000e+11 4.766674e-01 -1.016223e-01 -3.903368e-01 2.540117e-01
1.740000e+11 5.385602e-01 -1.455248e-01 -4.167403e-01 3.085405e-01
1.750000e+11 6.125109e-01 -1.908397e-01 -4.379379e-01 3.833538e-01
1.760000e+11 6.894943e-01 -2.267355e-01 -4.439354e-01 4.763556e-01
1.770000e+11 7.537934e-01 -2.352293e-01 -4.260155e-01 5.756582e-01
1.780000e+11 7.913167e-01 -2.000567e-01 -3.866481e-01 6.608046e-01
1.790000e+11 8.018216e-01 -1.203617e-01 -3.436668e-01 7.143697e-01
1.800000e+11 7.979330e-01 -1.275383e-02 -3.190737e-01 7.312498e-01
1.810000e+11 7.902564e-01 9.917689e-02 -3.240372e-01 7.139111e-01
1.820000e+11 7.771557e-01 1.929803e-01 -3.536674e-01 6.645667e-01
1.830000e+11 7.485260e-01 2.514492e-01 -3.909547e-01 5.867017e-01
1.840000e+11 6.981260e-01 2.686717e-01 -4.171741e-01 4.910816e-01
1.850000e+11 6.312166e-01 2.528294e-01 -4.231981e-01 3.942272e-01
1.860000e+11 5.599809e-01 2.193059e-01 -4.117848e-01 3.097045e-01
1.870000e+11 4.948598e-01 1.812161e-01 -3.910877e-01 2.430994e-01
1.880000e+11 4.410521e-01 1.457441e-01 -3.684291e-01 1.937669e-01
1.890000e+11 3.996956e-01 1.153746e-01 -3.483078e-01 1.585149e-01
1.900000e+11 3.700102e-01 9.012632e-02 -3.329247e-01 1.339625e-01
1.910000e+11 3.507337e-01 6.905671e-02 -3.231971e-01 1.174262e-01
1.920000e+11 3.408057e-01 5.097652e-02 -3.195117e-01 1.070618e-01
1.930000e+11 3.396340e-01 3.470331e-02 -3.221630e-01 1.017739e-01
1.940000e+11 3.471888e-01 1.910241e-02 -3.315884e-01 1.011152e-01
1.950000e+11 3.640488e-01 3.047592e-03 -3.484871e-01 1.052566e-01
1.960000e+11 3.914339e-01 -1.462590e-02 -3.738563e-01 1.150567e-01
1.970000e+11 4.311862e-01 -3.510089e-02 -4.089042e-01 1.322378e-01
1.980000e+11 4.855494e-01 -5.934227e-02 -4.547035e-01 1.596291e-01
1.990000e+11 5.563881e-01 -8.733594e-02 -5.113081e-01 2.012566e-01
2.000000e+11 6.432519e-01 -1.163335e-01 -5.760386e-01 2.615704e-01
2.010000e+11 7.399878e-01 -1.381004e-01 -6.413351e-01 3.423440e-01
2.020000e+11 8.319201e-01 -1.377297e-01 -6.948321e-01 4.362682e-01
2.030000e+11 8.992408e-01 -1.002979e-01 -7.256126e-01 5.215943e-01
2.040000e+11 9.278681e-01 -2.614365e-02 -7.327333e-01 5.686455e-01
2.050000e+11 9.154133e-01 6.189080e-02 -7.225603e-01 5.586212e-01
2.060000e+11 8.663979e-01 1.328064e-01 -6.976328e-01 4.963026e-01
2.070000e+11 7.895490e-01 1.688673e-01 -6.562582e-01 4.052118e-01
2.080000e+11 6.987171e-01 1.725118e-01 -6.010052e-01 3.118301e-01
2.090000e+11 6.086934e-01 1.568783e-01 -5.401483e-01 2.326731e-01
2.100000e+11 5.294160e-01 1.342702e-01 -4.821959e-01 1.724528e-01
2.110000e+11 4.647698e-01 1.118203e-01 -4.322473e-01 1.291102e-01
2.120000e+11 4.147187e-01 9.239644e-02 -3.920876e-01 9.859963e-02
2.130000e+11 3.776092e-01 7.657906e-02 -3.616166e-01 7.718683e-02
2.140000e+11 3.515256e-01 6.401988e-02 -3.400298e-01 6.205996e-02
2.150000e+11 3.348714e-01 5.410960e-02 -3.264698e-01 5.126920e-02
2.160000e+11 3.265533e-01 4.624204e-02 -3.203212e-01 4.350922e-02
2.170000e+11 3.260127e-01 3.989122e-02 -3.213331e-01 3.792131e-02
2.180000e+11 3.332246e-01 3.461272e-02 -3.296784e-01 3.395247e-02
2.190000e+11 3.487103e-01 3.001749e-02 -3.460060e-01 3.126788e-02
2.200000e+11 3.735773e-01 2.573596e-02 -3.715039e-01 2.970759e-02
2.210000e+11 4.095717e-01 2.138071e-02 -4.079636e-01 2.928396e-02
2.220000e+11 4.590749e-01 1.651864e-02 -4.577810e-01 3.022404e-02
2.230000e+11 5.248690e-01 1.068810e-02 -5.237175e-01 3.306379e-02
2.240000e+11 6.092510e-01 3.556224e-03 -6.080056e-01 3.877130e-02
2.250000e+11 7.117334e-01 -4.593829e-03 -7.100479e-01 4.873632e-02
2.260000e+11 8.245974e-01 -1.190654e-02 -8.220157e-01 6.410318e-02
2.270000e+11 9.277867e-01 -1.421564e-02 -9.238973e-01 8.366592e-02
2.280000e+11 9.905156e-01 -6.954867e-03 -9.853050e-01 1.012265e-01
2.290000e+11 9.879364e-01 9.423475e-03 -9.820246e-01 1.075048e-01
2.300000e+11 9.215934e-01 2.765976e-02 -9.158982e-01 9.848704e-02
2.310000e+11 8.176472e-01 4.047049e-02 -8.127874e-01 7.928314e-02
2.320000e+11 7.058117e-01 4.612393e-02 -7.019157e-01 5.794056e-02
2.330000e+11 6.047722e-01 4.677939e-02 -6.016720e-01 3.939497e-02
2.340000e+11 5.215887e-01 4.509098e-02 -5.190354e-01 2.497599e-02
2.350000e+11 4.566130e-01 4.282153e-02 -4.543790e-01 1.419304e-02
2.360000e+11 4.076023e-01 4.087318e-02 -4.055024e-01 6.069201e-03
2.370000e+11 3.718568e-01 3.964238e-02 -3.697375e-01 -3.132644e-04
2.380000e+11 3.470560e-01 3.929416e-02 -3.447774e-01 -5.690554e-03
2.390000e+11 3.314888e-01 3.991698e-02 -3.289044e-01 -1.064737e-02
2.400000e+11 3.240597e-01 4.160176e-02 -3.209952e-01 -1.568565e-02
2.410000e+11 3.242423e-01 4.448295e-02 -3.204695e-01 -2.129926e-02
2.420000e+11 3.320444e-01 4.876229e-02 -3.272441e-01 -2.805369e-02
2.430000e+11 3.480012e-01 5.472154e-02 -3.417088e-01 -3.668145e-02
2.440000e+11 3.731947e-01 6.271682e-02 -3.647148e-01 -4.820794e-02
2.450000e+11 4.092633e-01 7.312476e-02 -3.975396e-01 -6.412067e-02
2.460000e+11 4.583161e-01 8.616739e-02 -4.417400e-01 -8.657159e-02
2.470000e+11 5.225504e-01 1.014658e-01 -4.987162e-01 -1.185148e-01
2.480000e+11 6.031928e-01 1.170951e-01 -5.686991e-01 -1.634368e-01
2.490000e+11 6.983114e-01 1.280667e-01 -6.489440e-01 -2.238515e-01
2.500000e+11 7.996870e-01 1.252220e-01 -7.316825e-01 -2.974216e-01
2.510000e+11 8.909987e-01 9.786227e-02 -8.039872e-01 -3.713573e-01
2.520000e+11 9.510880e-01 4.336807e-02 -8.514744e-01 -4.215198e-01
2.530000e+11 9.623395e-01 -2.297129e-02 -8.630889e-01 -4.250261e-01
2.540000e+11 9.194750e-01 -7.470423e-02 -8.339968e-01 -3.798721e-01
2.550000e+11 8.342985e-01 -9.588700e-02 -7.694469e-01 -3.079141e-01
2.560000e+11 7.302559e-01 -9.057277e-02 -6.851959e-01 -2.357472e-01
2.570000e+11 6.289694e-01 -7.190510e-02 -5.989596e-01 -1.779875e-01
2.580000e+11 5.422474e-01 -5.022385e-02 -5.222409e-01 -1.370194e-01
2.590000e+11 4.733210e-01 -3.032802e-02 -4.594144e-01 -1.097790e-01
2.600000e+11 4.210633e-01 -1.341619e-02 -4.105726e-01 -9.243612e-02
2.610000e+11 3.830145e-01 8.724215e-04 -3.741276e-01 -8.202331e-02
2.620000e+11 3.567910e-01 1.337630e-02 -3.482113e-01 -7.661422e-02
2.630000e+11 3.405655e-01 2.499797e-02 -3.312367e-01 -7.511450e-02
2.640000e+11 3.331594e-01 3.660173e-02 -3.220539e-01 -7.705055e-02
2.650000e+11 3.340175e-01 4.902952e-02 -3.199473e-01 -8.244693e-02
2.660000e+11 3.431669e-01 6.315054e-02 -3.245746e-01 -9.179781e-02
2.670000e+11 3.611869e-01 7.990247e-02 -3.358709e-01 -1.061241e-01
2.680000e+11 3.891620e-01 1.002786e-01 -3.538863e-01 -1.271053e-01
2.690000e+11 4.285318e-01 1.251689e-01 -3.784769e-01 -1.572497e-01
2.700000e+11 4.806454e-01 1.548641e-01 -4.087163e-01 -1.999704e-01
2.710000e+11 5.457013e-01 1.879118e-01 -4.419259e-01 -2.591922e-01
2.720000e+11 6.208347e-01 2.191216e-01 -4.726024e-01 -3.377401e-01
2.730000e+11 6.981027e-01 2.375711e-01 -4.926541e-01 -4.338195e-01
2.740000e+11 7.653211e-01 2.278448e-01 -4.954551e-01 -5.369612e-01
2.750000e+11 8.125662e-01 1.779488e-01 -4.832956e-01 -6.285089e-01
2.760000e+11 8.391092e-01 8.971448e-02 -4.699504e-01 -6.893492e-01
2.770000e+11 8.499296e-01 -1.868571e-02 -4.710832e-01 -7.071858e-01
2.780000e+11 8.444520e-01 -1.194229e-01 -4.900135e-01 -6.772917e-01
2.790000e+11 8.140338e-01 -1.859441e-01 -5.131488e-01 -6.039488e-01
2.800000e+11 7.540984e-01 -2.063558e-01 -5.213453e-01 -5.042627e-01
2.810000e+11 6.740604e-01 -1.891828e-01 -5.065547e-01 -4.024544e-01
2.820000e+11 5.907239e-01 -1.529880e-01 -4.748658e-01 -3.163097e-01
2.830000e+11 5.167832e-01 -1.127977e-01 -4.370447e-01 -2.516614e-01
2.840000e+11 4.574904e-01 -7.590202e-02 -4.010599e-01 -2.066090e-01
2.850000e+11 4.132236e-01 -4.414536e-02 -3.708187e-01 -1.769138e-01
2.860000e+11 3.824689e-01 -1.685911e-02 -3.475616e-01 -1.587425e-01
2.870000e+11 3.634881e-01 7.458057e-03 -3.312706e-01 -1.494247e-01
2.880000e+11 3.549865e-01 3.046469e-02 -3.214816e-01 -1.474344e-01
2.890000e+11 3.563057e-01 5.379523e-02 -3.176311e-01 -1.522181e-01
2.900000e+11 3.674332e-01 7.905755e-02 -3.191187e-01 -1.640741e-01
2.910000e+11 3.889204e-01 1.078360e-01 -3.251663e-01 -1.841123e-01
2.920000e+11 4.216603e-01 1.415506e-01 -3.344634e-01 -2.142314e-01
2.930000e+11 4.663310e-01 1.809497e-01 -3.445409e-01 -2.569307e-01
2.940000e+11 5.221848e-01 2.249051e-01 -3.509247e-01 -3.145576e-01
2.950000e+11 5.850223e-01 2.683515e-01 -3.466303e-01 -3.874094e-01
2.960000e+11 6.453912e-01 3.004105e-01 -3.236140e-01 -4.706987e-01
2.970000e+11 6.903638e-01 3.060794e-01 -2.779248e-01 -5.528792e-01
2.980000e+11 7.114544e-01 2.741117e-01 -2.160655e-01 -6.199564e-01
2.990000e+11 7.125351e-01 2.051481e-01 -1.545954e-01 -6.646208e-01
3.000000e+11 7.073822e-01 1.102076e-01 -1.113525e-01 -6.898149e-01
3.010000e+11 7.091043e-01 2.710552e-03 -9.805003e-02 -7.022875e-01
3.020000e+11 7.216261e-01 -1.048477e-01 -1.190644e-01 -7.039708e-01
3.030000e+11 7.366165e-01 -1.979039e-01 -1.710019e-01 -6.886192e-01
3.040000e+11 7.367522e-01 -2.587608e-01 -2.400964e-01 -6.466842e-01
3.050000e+11 7.078554e-01 -2.751563e-01 -3.043566e-01 -5.768149e-01
3.060000e+11 6.516769e-01 -2.511667e-01 -3.459570e-01 -4.918454e-01
3.070000e+11 5.834329e-01 -2.039808e-01 -3.616000e-01 -4.099161e-01
3.080000e+11 5.186348e-01 -1.504972e-01 -3.589639e-01 -3.427501e-01
3.090000e+11 4.658047e-01 -1.000040e-01 -3.475898e-01 -2.935209e-01
3.100000e+11 4.274487e-01 -5.516720e-02 -3.341922e-01 -2.607384e-01
3.110000e+11 4.032293e-01 -1.520749e-02 -3.223391e-01 -2.417853e-01
3.120000e+11 3.921284e-01 2.194906e-02 -3.134705e-01 -2.345616e-01
3.130000e+11 3.934157e-01 5.870505e-02 -3.077398e-01 -2.379617e-01
3.140000e+11 4.069136e-01 9.742655e-02 -3.043710e-01 -2.518830e-01
3.150000e+11 4.328344e-01 1.401815e-01 -3.015763e-01 -2.770315e-01
3.160000e+11 4.711475e-01 1.881739e-01 -2.961330e-01 -3.144453e-01
3.170000e+11 5.202183e-01 2.404713e-01 -2.828728e-01 -3.643949e-01
3.180000e+11 5.746583e-01 2.919175e-01 -2.548885e-01 -4.243208e-01
3.190000e+11 6.236999e-01 3.315296e-01 -2.060137e-01 -4.864649e-01
3.200000e+11 6.536938e-01 3.449743e-01 -1.361726e-01 -5.382986e-01
3.210000e+11 6.566240e-01 3.230222e-01 -5.530296e-02 -5.689932e-01
3.220000e+11 6.373294e-01 2.686815e-01 2.086240e-02 -5.775498e-01
3.230000e+11 6.101171e-01 1.937411e-01 8.012891e-02 -5.729630e-01
3.240000e+11 5.893477e-01 1.094444e-01 1.178252e-01 -5.669831e-01
3.250000e+11 5.840507e-01 2.170415e-02 1.336951e-01 -5.681283e-01
3.260000e+11 5.974638e-01 -6.749224e-02 1.274930e-01 -5.797873e-01
3.270000e+11 6.271317e-01 -1.557715e-01 9.709712e-02 -5.996679e-01
3.280000e+11 6.634125e-01 -2.355344e-01 4.037938e-02 -6.188773e-01
3.290000e+11 6.891540e-01 -2.919361e-01 -3.900843e-02 -6.230448e-01
3.300000e+11 6.869595e-01 -3.094839e-01 -1.265279e-01 -6.001032e-01
3.310000e+11 6.526024e-01 -2.852581e-01 -2.019062e-01 -5.511366e-01
3.320000e+11 5.985201e-01 -2.323840e-01 -2.526044e-01 -4.903214e-01
3.330000e+11 5.422648e-01 -1.684959e-01 -2.791546e-01 -4.332816e-01
3.340000e+11 4.958366e-01 -1.050748e-01 -2.889791e-01 -3.889785e-01
3.350000e+11 4.643070e-01 -4.605607e-02 -2.894346e-01 -3.601214e-01
3.360000e+11 4.488046e-01 9.179640e-03 -2.851365e-01 -3.464657e-01
3.370000e+11 4.490951e-01 6.310148e-02 -2.778797e-01 -3.471131e-01
3.380000e+11 4.646739e-01 1.184424e-01 -2.670691e-01 -3.613410e-01
3.390000e+11 4.945877e-01 1.770337e-01 -2.499210e-01 -3.883497e-01
3.400000e+11 5.361203e-01 2.382602e-01 -2.216388e-01 -4.260673e-01
3.410000e+11 5.826033e-01 2.969016e-01 -1.765253e-01 -4.691640e-01
3.420000e+11 6.220450e-01 3.418519e-01 -1.113592e-01 -5.076183e-01
3.430000e+11 6.403802e-01 3.594434e-01 -3.037634e-02 -5.291167e-01
3.440000e+11 6.303923e-01 3.424059e-01 5.358119e-02 -5.265754e-01
3.450000e+11 5.978613e-01 2.960099e-01 1.261235e-01 -5.038939e-01
3.460000e+11 5.568197e-01 2.332754e-01 1.798490e-01 -4.725306e-01
3.470000e+11 5.203219e-01 1.656595e-01 2.154201e-01 -4.437184e-01
3.480000e+11 4.962475e-01 9.877517e-02 2.371318e-01 -4.245864e-01
3.490000e+11 4.882110e-01 3.330505e-02 2.488921e-01 -4.186806e-01
3.500000e+11 4.975931e-01 -3.261430e-02 2.523424e-01 -4.276196e-01
3.510000e+11 5.244553e-01 -1.011875e-01 2.461707e-01 -4.519009e-01
3.520000e+11 5.666753e-01 -1.725705e-01 2.259331e-01 -4.901984e-01
3.530000e+11 6.173172e-01 -2.416602e-01 1.850866e-01 -5.370510e-01
3.540000e+11 6.621818e-01 -2.954845e-01 1.192103e-01 -5.804847e-01
3.550000e+11 6.832352e-01 -3.166185e-01 3.331292e-02 -6.045274e-01
3.560000e+11 6.709420e-01 -2.955323e-01 -5.566213e-02 -5.997712e-01
3.570000e+11 6.332426e-01 -2.395685e-01 -1.288383e-01 -5.718425e-01
3.580000e+11 5.882532e-01 -1.656276e-01 -1.774208e-01 -5.358462e-01
3.590000e+11 5.513503e-01 -8.726381e-02 -2.029828e-01 -5.051438e-01
3.600000e+11 5.305280e-01 -1.019774e-02 -2.105949e-01 -4.868323e-01
3.610000e+11 5.282819e-01 6.523030e-02 -2.037852e-01 -4.830097e-01
3.620000e+11 5.438917e-01 1.402765e-01 -1.829476e-01 -4.926163e-01
3.630000e+11 5.736607e-01 2.144665e-01 -1.458022e-01 -5.116957e-01
3.640000e+11 6.094448e-01 2.826562e-01 -8.956347e-02 -5.324536e-01
3.650000e+11 6.378964e-01 3.338497e-01 -1.516213e-02 -5.433473e-01
3.660000e+11 6.445975e-01 3.553034e-01 6.859968e-02 -5.334412e-01
3.670000e+11 6.232612e-01 3.418094e-01 1.467981e-01 -5.000712e-01
3.680000e+11 5.806401e-01 3.006876e-01 2.072131e-01 -4.514340e-01
3.690000e+11 5.305159e-01 2.458276e-01 2.468353e-01 -4.001103e-01
3.700000e+11 4.847005e-01 1.887000e-01 2.699743e-01 -3.555851e-01
3.710000e+11 4.496484e-01 1.349363e-01 2.830202e-01 -3.222971e-01
3.720000e+11 4.277703e-01 8.557221e-02 2.912390e-01 -3.014045e-01
3.730000e+11 4.196588e-01 3.918317e-02 2.979746e-01 -2.928982e-01
3.740000e+11 4.255572e-01 -6.693260e-03 3.048106e-01 -2.968916e-01
3.750000e+11 4.459516e-01 -5.478403e-02 3.117123e-01 -3.141767e-01
3.760000e+11 4.813959e-01 -1.074020e-01 3.167653e-01 -3.462176e-01
3.770000e+11 5.313713e-01 -1.651754e-01 3.155022e-01 -3.943741e-01
3.780000e+11 5.918048e-01 -2.245620e-01 3.004385e-01 -4.577571e-01
3.790000e+11 6.519522e-01 -2.747462e-01 2.627889e-01 -5.296208e-01
3.800000e+11 6.948855e-01 -2.981236e-01 1.988194e-01 -5.953646e-01
3.810000e+11 7.071080e-01 -2.799020e-01 1.177169e-01 -6.385917e-01
3.820000e+11 6.909681e-01 -2.205354e-01 3.963395e-02 -6.536285e-01
3.830000e+11 6.631929e-01 -1.344477e-01 -1.738784e-02 -6.491889e-01
3.840000e+11 6.414466e-01 -3.724415e-02 -4.552864e-02 -6.387439e-01
3.850000e+11 6.353593e-01 6.158771e-02 -4.420548e-02 -6.308203e-01
3.860000e+11 6.453810e-01 1.565103e-01 -1.494989e-02 -6.259374e-01
3.870000e+11 6.637490e-01 2.405533e-01 3.939921e-02 -6.173690e-01
3.880000e+11 6.762217e-01 3.025013e-01 1.114847e-01 -5.944240e-01
3.890000e+11 6.680893e-01 3.308098e-01 1.870992e-01 -5.494562e-01
3.900000e+11 6.338942e-01 3.226225e-01 2.498656e-01 -4.850812e-01
3.910000e+11 5.811136e-01 2.873289e-01 2.905414e-01 -4.131838e-01
3.920000e+11 5.230888e-01 2.395536e-01 3.103611e-01 -3.462830e-01
3.930000e+11 4.704216e-01 1.906428e-01 3.163102e-01 -2.913755e-01
3.940000e+11 4.283435e-01 1.460984e-01 3.155953e-01 -2.500661e-01
3.950000e+11 3.982790e-01 1.071676e-01 3.133630e-01 -2.212351e-01
3.960000e+11 3.799825e-01 7.296214e-02 3.127284e-01 -2.031358e-01
3.970000e+11 3.728996e-01 4.176241e-02 3.154569e-01 -1.944143e-01
3.980000e+11 3.768201e-01 1.158298e-02 3.225381e-01 -1.944953e-01
3.990000e+11 3.921324e-01 -1.964762e-02 3.344737e-01 -2.037380e-01
4.000000e+11 4.198423e-01 -5.400247e-02 3.512509e-01 -2.235488e-01
4.010000e+11 4.613054e-01 -9.329017e-02 3.719368e-01 -2.564423e-01
4.020000e+11 5.173619e-01 -1.382021e-01 3.937806e-01 -3.057782e-01
4.030000e+11 5.863475e-01 -1.863191e-01 4.109393e-01 -3.744562e-01
4.040000e+11 6.609655e-01 -2.289687e-01 4.140191e-01 -4.615591e-01
4.050000e+11 7.267018e-01 -2.496740e-01 3.935476e-01 -5.575650e-01
4.060000e+11 7.678014e-01 -2.303561e-01 3.491137e-01 -6.438748e-01
4.070000e+11 7.801850e-01 -1.650004e-01 2.959169e-01 -7.027778e-01
4.080000e+11 7.754174e-01 -6.547682e-02 2.569153e-01 -7.286834e-01
4.090000e+11 7.681798e-01 4.745032e-02 2.479290e-01 -7.255204e-01
4.100000e+11 7.627697e-01 1.532756e-01 2.708001e-01 -6.964133e-01
4.110000e+11 7.509992e-01 2.337791e-01 3.143487e-01 -6.407277e-01
4.120000e+11 7.208595e-01 2.759668e-01 3.594328e-01 -5.606146e-01
4.130000e+11 6.685689e-01 2.786250e-01 3.889764e-01 -4.669580e-01
4.140000e+11 6.022015e-01 2.530744e-01 3.971038e-01 -3.753779e-01
4.150000e+11 5.343158e-01 2.147117e-01 3.885792e-01 -2.973188e-01
4.160000e+11 4.741010e-01 1.748850e-01 3.717411e-01 -2.366337e-01
4.170000e+11 4.255287e-01 1.390661e-01 3.533563e-01 -1.920276e-01
4.180000e+11 3.891191e-01 1.087050e-01 3.374491e-01 -1.603902e-01
4.190000e+11 3.639577e-01 8.332387e-02 3.260191e-01 -1.386864e-01
4.200000e+11 3.488977e-01 6.175995e-02 3.199817e-01 -1.246074e-01
4.210000e+11 3.431019e-01 4.270653e-02 3.198234e-01 -1.166536e-01
4.220000e+11 3.462510e-01 2.487680e-02 3.259764e-01 -1.140627e-01
4.230000e+11 3.586233e-01 7.004997e-03 3.390120e-01 -1.167581e-01
4.240000e+11 3.811353e-01 -1.220051e-02 3.597140e-01 -1.253837e-01
4.250000e+11 4.153406e-01 -3.406762e-02 3.890248e-01 -1.414459e-01
4.260000e+11 4.632809e-01 -5.980364e-02 4.277658e-01 -1.675384e-01
4.270000e+11 5.269030e-01 -8.990069e-02 4.759118e-01 -2.074912e-01
4.280000e+11 6.065138e-01 -1.226366e-01 5.311514e-01 -2.658899e-01
4.290000e+11 6.978150e-01 -1.513812e-01 5.869561e-01 -3.457051e-01
4.300000e+11 7.887497e-01 -1.622947e-01 6.322680e-01 -4.427455e-01
4.310000e+11 8.611477e-01 -1.380189e-01 6.568643e-01 -5.394955e-01
4.320000e+11 9.006749e-01 -7.137672e-02 6.608303e-01 -6.078026e-01
4.330000e+11 9.047351e-01 2.253081e-02 6.544886e-01 -6.242456e-01
4.340000e+11 8.769771e-01 1.128913e-01 6.445525e-01 -5.838634e-01
4.350000e+11 8.207379e-01 1.729601e-01 6.265708e-01 -5.011033e-01
4.360000e+11 7.426842e-01 1.944783e-01 5.940207e-01 -4.011202e-01
4.370000e+11 6.553754e-01 1.865104e-01 5.482934e-01 -3.067656e-01
4.380000e+11 5.717703e-01 1.637610e-01 4.971940e-01 -2.300039e-01
4.390000e+11 4.998097e-01 1.373660e-01 4.484617e-01 -1.726917e-01
4.400000e+11 4.420832e-01 1.129593e-01 4.066085e-01 -1.317091e-01
4.410000e+11 3.980550e-01 9.241540e-02 3.732568e-01 -1.028907e-01
4.420000e+11 3.660547e-01 7.579314e-02 3.484458e-01 -8.268579e-02
4.430000e+11 3.443555e-01 6.249124e-02 3.316370e-01 -6.850116e-02
4.440000e+11 3.316101e-01 5.177054e-02 3.222647e-01 -5.857051e-02
4.450000e+11 3.269816e-01 4.293978e-02 3.199940e-01 -5.173999e-02
4.460000e+11 3.301676e-01 3.539366e-02 3.248404e-01 -4.729321e-02
4.470000e+11 3.414090e-01 2.859341e-02 3.372417e-01 -4.483927e-02
4.480000e+11 3.615201e-01 2.202812e-02 3.581236e-01 -4.426068e-02
4.490000e+11 3.919374e-01 1.517457e-02 3.889660e-01 -4.571843e-02
4.500000e+11 4.347526e-01 7.475050e-03 4.318357e-01 -4.971804e-02
4.510000e+11 4.926055e-01 -1.619788e-03 4.892661e-01 -5.723874e-02
4.520000e+11 5.681398e-01 -1.242620e-02 5.636883e-01 -6.988464e-02
4.530000e+11 6.624015e-01 -2.439303e-02 6.558275e-01 -8.983847e-02
4.540000e+11 7.713451e-01 -3.485639e-02 7.613216e-01 -1.189447e-01
4.550000e+11 8.807030e-01 -3.785654e-02 8.659866e-01 -1.557944e-01
4.560000e+11 9.639337e-01 -2.603416e-02 9.443919e-01 -1.913487e-01
4.570000e+11 9.922244e-01 1.731137e-03 9.698196e-01 -2.096574e-01
4.580000e+11 9.547142e-01 3.482415e-02 9.328693e-01 -2.000532e-01
4.590000e+11 8.671629e-01 5.932190e-02 8.486619e-01 -1.680041e-01
