# #nu(Hz) #T #rho #c #s
0.000000e+00 1.000000e+00 0.000000e+00 1.000000e+00 0.000000e+00
1.000000e+09 9.646506e-01 -3.046114e-03 9.644294e-01 2.043041e-02
2.000000e+09 8.741805e-01 -9.634554e-03 8.734792e-01 3.365738e-02
3.000000e+09 7.609074e-01 -1.539658e-02 7.597802e-01 3.843266e-02
4.000000e+09 6.511934e-01 -1.825597e-02 6.498407e-01 3.777053e-02
5.000000e+09 5.577445e-01 -1.844142e-02 5.563456e-01 3.490547e-02
6.000000e+09 4.834549e-01 -1.691151e-02 4.821144e-01 3.175457e-02
7.000000e+09 4.267571e-01 -1.446593e-02 4.255145e-01 2.915033e-02
8.000000e+09 3.848474e-01 -1.156387e-02 3.836988e-01 2.736862e-02
9.000000e+09 3.550730e-01 -8.394319e-03 3.539851e-01 2.647429e-02
1.000000e+10 3.353744e-01 -4.969617e-03 3.342894e-01 2.649258e-02
1.100000e+10 3.243547e-01 -1.184523e-03 3.231854e-01 2.749029e-02
1.200000e+10 3.212390e-01 3.159835e-03 3.198545e-01 2.962428e-02
1.300000e+10 3.258309e-01 8.357853e-03 3.240282e-01 3.319053e-02
1.400000e+10 3.384999e-01 1.481905e-02 3.359541e-01 3.869601e-02
1.500000e+10 3.602072e-01 2.309614e-02 3.563833e-01 4.697595e-02
1.600000e+10 3.925478e-01 3.390024e-02 3.865464e-01 5.938384e-02
1.700000e+10 4.377380e-01 4.804322e-02 4.280305e-01 7.807847e-02
1.800000e+10 4.983563e-01 6.615150e-02 4.823549e-01 1.063800e-01
1.900000e+10 5.764022e-01 8.781282e-02 5.498580e-01 1.489449e-01
2.000000e+10 6.709584e-01 1.096722e-01 6.274437e-01 2.108828e-01
2.100000e+10 7.741996e-01 1.226832e-01 7.056332e-01 2.939656e-01
2.200000e+10 8.684578e-01 1.118956e-01 7.683894e-01 3.889422e-01
2.300000e+10 9.310037e-01 6.556775e-02 8.007737e-01 4.703513e-01
2.400000e+10 9.467091e-01 -9.006078e-03 7.992541e-01 5.073165e-01
2.500000e+10 9.146626e-01 -8.425914e-02 7.698233e-01 4.867033e-01
2.600000e+10 8.445186e-01 -1.334589e-01 7.190060e-01 4.224107e-01
2.700000e+10 7.523994e-01 -1.490493e-01 6.535360e-01 3.417307e-01
2.800000e+10 6.560059e-01 -1.400942e-01 5.827205e-01 2.667472e-01
2.900000e+10 5.683693e-01 -1.194743e-01 5.156026e-01 2.071800e-01
3.000000e+10 4.955474e-01 -9.611081e-02 4.577269e-01 1.637560e-01
3.100000e+10 4.385022e-01 -7.418130e-02 4.110150e-01 1.335964e-01
3.200000e+10 3.958103e-01 -5.489206e-02 3.752260e-01 1.133937e-01
3.300000e+10 3.654495e-01 -3.805899e-02 3.492808e-01 1.005374e-01
3.400000e+10 3.456318e-01 -2.296975e-02 3.320121e-01 9.328278e-02
3.500000e+10 3.350998e-01 -8.743341e-03 3.224906e-01 9.063813e-02
3.600000e+10 3.332003e-01 5.567679e-03 3.201295e-01 9.224188e-02
3.700000e+10 3.398942e-01 2.098949e-02 3.246875e-01 9.831348e-02
3.800000e+10 3.557652e-01 3.868025e-02 3.362116e-01 1.097017e-01
3.900000e+10 3.820216e-01 5.996798e-02 3.548950e-01 1.280386e-01
4.000000e+10 4.204131e-01 8.627552e-02 3.807530e-01 1.559837e-01
4.100000e+10 4.728387e-01 1.187063e-01 4.129204e-01 1.974387e-01
4.200000e+10 5.401765e-01 1.568308e-01 4.483224e-01 2.572970e-01
4.300000e+10 6.197439e-01 1.961113e-01 4.798600e-01 3.396428e-01
4.400000e+10 7.018919e-01 2.245521e-01 4.959651e-01 4.429979e-01
4.500000e+10 7.700530e-01 2.230929e-01 4.859284e-01 5.541523e-01
4.600000e+10 8.102646e-01 1.761829e-01 4.516184e-01 6.492527e-01
4.700000e+10 8.232866e-01 8.631044e-02 4.120691e-01 7.074959e-01
4.800000e+10 8.209071e-01 -2.557292e-02 3.896958e-01 7.220607e-01
4.900000e+10 8.099493e-01 -1.322397e-01 3.931701e-01 6.956636e-01
5.000000e+10 7.856277e-01 -2.100753e-01 4.135860e-01 6.340551e-01
5.100000e+10 7.403524e-01 -2.460657e-01 4.330607e-01 5.477516e-01
5.200000e+10 6.754568e-01 -2.427052e-01 4.380938e-01 4.532216e-01
5.300000e+10 6.018207e-01 -2.140144e-01 4.267541e-01 3.664245e-01
5.400000e+10 5.315044e-01 -1.751481e-01 4.051214e-01 2.961362e-01
5.500000e+10 4.718481e-01 -1.358494e-01 3.804401e-01 2.438256e-01
5.600000e+10 4.253387e-01 -1.002132e-01 3.576879e-01 2.071948e-01
5.700000e+10 3.917645e-01 -6.889340e-02 3.394066e-01 1.831292e-01
5.800000e+10 3.700281e-01 -4.097175e-02 3.265891e-01 1.690612e-01
5.900000e+10 3.591172e-01 -1.494364e-02 3.194627e-01 1.633568e-01
6.000000e+10 3.585198e-01 1.090380e-02 3.179295e-01 1.653432e-01
6.100000e+10 3.683730e-01 3.840752e-02 3.217108e-01 1.752875e-01
6.200000e+10 3.894758e-01 6.952453e-02 3.302368e-01 1.944258e-01
6.300000e+10 4.231255e-01 1.062114e-01 3.422336e-01 2.250122e-01
6.400000e+10 4.705245e-01 1.498704e-01 3.548853e-01 2.701640e-01
6.500000e+10 5.312312e-01 1.998138e-01 3.625603e-01 3.329130e-01
6.600000e+10 6.001983e-01 2.502859e-01 3.558881e-01 4.134472e-01
6.700000e+10 6.647849e-01 2.874333e-01 3.239108e-01 5.043836e-01
6.800000e+10 7.074471e-01 2.919555e-01 2.623985e-01 5.885494e-01
6.900000e+10 7.183492e-01 2.517451e-01 1.830040e-01 6.474253e-01
7.000000e+10 7.057501e-01 1.725451e-01 1.089839e-01 6.755989e-01
7.100000e+10 6.886339e-01 7.146046e-02 5.977988e-02 6.823022e-01
7.200000e+10 6.817043e-01 -3.592986e-02 4.361601e-02 6.793582e-01
7.300000e+10 6.883454e-01 -1.387610e-01 6.067113e-02 6.714788e-01
7.400000e+10 7.008245e-01 -2.264621e-01 1.060904e-01 6.546867e-01
7.500000e+10 7.042096e-01 -2.861817e-01 1.690113e-01 6.208432e-01
7.600000e+10 6.851135e-01 -3.077865e-01 2.328326e-01 5.660716e-01
7.700000e+10 6.415566e-01 -2.922201e-01 2.820301e-01 4.966501e-01
7.800000e+10 5.836338e-01 -2.517471e-01 3.102959e-01 4.254037e-01
7.900000e+10 5.247067e-01 -2.011124e-01 3.208494e-01 3.632169e-01
8.000000e+10 4.740460e-01 -1.502472e-01 3.207151e-01 3.150987e-01
8.100000e+10 4.357489e-01 -1.032322e-01 3.161049e-01 2.815989e-01
8.200000e+10 4.107733e-01 -6.033126e-02 3.110100e-01 2.614721e-01
8.300000e+10 3.989474e-01 -1.995214e-02 3.074744e-01 2.534175e-01
8.400000e+10 4.001207e-01 2.026431e-02 3.061287e-01 2.568485e-01
8.500000e+10 4.146180e-01 6.294771e-02 3.064166e-01 2.721297e-01
8.600000e+10 4.431623e-01 1.106195e-01 3.063662e-01 3.004928e-01
8.700000e+10 4.861029e-01 1.648817e-01 3.019021e-01 3.434606e-01
8.800000e+10 5.414535e-01 2.244934e-01 2.860452e-01 4.011892e-01
8.900000e+10 6.015833e-01 2.821039e-01 2.494498e-01 4.691424e-01
9.000000e+10 6.510834e-01 3.221388e-01 1.851185e-01 5.346656e-01
9.100000e+10 6.724046e-01 3.264259e-01 9.727184e-02 5.797519e-01
9.200000e+10 6.599658e-01 2.882654e-01 4.185438e-03 5.936669e-01
9.300000e+10 6.262797e-01 2.185125e-01 -7.365858e-02 5.822825e-01
9.400000e+10 5.908363e-01 1.344684e-01 -1.264175e-01 5.612704e-01
9.500000e+10 5.677410e-01 4.772580e-02 -1.544799e-01 5.442316e-01
9.600000e+10 5.631271e-01 -3.768540e-02 -1.613161e-01 5.382091e-01
9.700000e+10 5.773369e-01 -1.212751e-01 -1.487227e-01 5.445106e-01
9.800000e+10 6.060520e-01 -2.014116e-01 -1.159751e-01 5.597161e-01
9.900000e+10 6.395572e-01 -2.716258e-01 -6.204254e-02 5.756766e-01
1.000000e+11 6.631393e-01 -3.199248e-01 9.894315e-03 5.807787e-01
1.010000e+11 6.629423e-01 -3.343878e-01 8.898773e-02 5.654719e-01
1.020000e+11 6.354510e-01 -3.126645e-01 1.600946e-01 5.295363e-01
1.030000e+11 5.900236e-01 -2.645722e-01 2.127029e-01 4.825835e-01
1.040000e+11 5.410179e-01 -2.042568e-01 2.454522e-01 4.367296e-01
1.050000e+11 4.995219e-01 -1.419062e-01 2.629178e-01 4.003236e-01
1.060000e+11 4.713198e-01 -8.165847e-02 2.706167e-01 3.771484e-01
1.070000e+11 4.586981e-01 -2.335885e-02 2.723316e-01 3.683664e-01
1.080000e+11 4.624951e-01 3.527306e-02 2.693827e-01 3.742866e-01
1.090000e+11 4.830275e-01 9.702773e-02 2.604609e-01 3.950460e-01
1.100000e+11 5.195936e-01 1.635790e-01 2.414002e-01 4.300528e-01
1.110000e+11 5.682876e-01 2.329176e-01 2.053639e-01 4.759473e-01
1.120000e+11 6.186220e-01 2.959049e-01 1.453165e-01 5.234660e-01
1.130000e+11 6.529026e-01 3.356793e-01 6.070749e-02 5.567008e-01
1.140000e+11 6.549919e-01 3.364649e-01 -3.582804e-02 5.608227e-01
1.150000e+11 6.242352e-01 2.975212e-01 -1.233237e-01 5.347354e-01
1.160000e+11 5.761664e-01 2.338433e-01 -1.874834e-01 4.920722e-01
1.170000e+11 5.289158e-01 1.625353e-01 -2.272191e-01 4.491166e-01
1.180000e+11 4.936801e-01 9.323517e-02 -2.487905e-01 4.160896e-01
1.190000e+11 4.748521e-01 2.823557e-02 -2.588114e-01 3.971196e-01
1.200000e+11 4.733420e-01 -3.404034e-02 -2.613107e-01 3.932055e-01
1.210000e+11 4.887611e-01 -9.625208e-02 -2.572961e-01 4.042544e-01
1.220000e+11 5.197653e-01 -1.602077e-01 -2.449404e-01 4.295272e-01
1.230000e+11 5.628183e-01 -2.248694e-01 -2.199935e-01 4.666916e-01
1.240000e+11 6.100182e-01 -2.840388e-01 -1.772726e-01 5.099202e-01
1.250000e+11 6.482613e-01 -3.255644e-01 -1.144690e-01 5.487689e-01
1.260000e+11 6.637416e-01 -3.359016e-01 -3.708059e-02 5.712688e-01
1.270000e+11 6.514117e-01 -3.095935e-01 4.135494e-02 5.716458e-01
1.280000e+11 6.195347e-01 -2.537920e-01 1.068449e-01 5.549748e-01
1.290000e+11 5.832144e-01 -1.817241e-01 1.524594e-01 5.327960e-01
1.300000e+11 5.554030e-01 -1.036756e-01 1.782214e-01 5.157140e-01
1.310000e+11 5.436156e-01 -2.393246e-02 1.864489e-01 5.100803e-01
1.320000e+11 5.508421e-01 5.731306e-02 1.779347e-01 5.181520e-01
1.330000e+11 5.763564e-01 1.403745e-01 1.504596e-01 5.383712e-01
1.340000e+11 6.143398e-01 2.218363e-01 9.975084e-02 5.641381e-01
1.350000e+11 6.513301e-01 2.906720e-01 2.394690e-02 5.823807e-01
1.360000e+11 6.680342e-01 3.295813e-01 -6.909244e-02 5.769507e-01
1.370000e+11 6.510336e-01 3.265915e-01 -1.599658e-01 5.399941e-01
1.380000e+11 6.046835e-01 2.869796e-01 -2.294161e-01 4.802636e-01
1.390000e+11 5.462762e-01 2.284814e-01 -2.713200e-01 4.154509e-01
1.400000e+11 4.918080e-01 1.670871e-01 -2.915024e-01 3.591426e-01
1.410000e+11 4.495605e-01 1.106226e-01 -2.990670e-01 3.169011e-01
1.420000e+11 4.219224e-01 6.054117e-02 -3.011515e-01 2.892421e-01
1.430000e+11 4.087539e-01 1.524268e-02 -3.020119e-01 2.750203e-01
1.440000e+11 4.094468e-01 -2.788819e-02 -3.036697e-01 2.732283e-01
1.450000e+11 4.237232e-01 -7.157300e-02 -3.065357e-01 2.836450e-01
1.460000e+11 4.516439e-01 -1.181398e-01 -3.095823e-01 3.068942e-01
1.470000e+11 4.929568e-01 -1.688129e-01 -3.100695e-01 3.440429e-01
1.480000e+11 5.456130e-01 -2.222884e-01 -3.031125e-01 3.954797e-01
1.490000e+11 6.035332e-01 -2.725523e-01 -2.819759e-01 4.587561e-01
1.500000e+11 6.552632e-01 -3.075408e-01 -2.407504e-01 5.261442e-01
1.510000e+11 6.873411e-01 -3.124639e-01 -1.799145e-01 5.851794e-01
1.520000e+11 6.934192e-01 -2.788629e-01 -1.101743e-01 6.252418e-01
1.530000e+11 6.805223e-01 -2.108877e-01 -4.814085e-02 6.452282e-01
1.540000e+11 6.640452e-01 -1.206713e-01 -7.491849e-03 6.529459e-01
1.550000e+11 6.576227e-01 -1.958990e-02 4.558313e-03 6.573150e-01
1.560000e+11 6.670091e-01 8.431762e-02 -1.498682e-02 6.614885e-01
1.570000e+11 6.878080e-01 1.822738e-01 -6.619126e-02 6.599052e-01
1.580000e+11 7.051514e-01 2.599571e-01 -1.425775e-01 6.397909e-01
1.590000e+11 6.996423e-01 3.002622e-01 -2.265992e-01 5.899108e-01
1.600000e+11 6.617838e-01 2.961736e-01 -2.951312e-01 5.129684e-01
1.610000e+11 6.003791e-01 2.585810e-01 -3.347410e-01 4.260744e-01
1.620000e+11 5.330568e-01 2.066569e-01 -3.479293e-01 3.469692e-01
1.630000e+11 4.731461e-01 1.547430e-01 -3.450969e-01 2.843061e-01
1.640000e+11 4.262821e-01 1.090006e-01 -3.358368e-01 2.388492e-01
1.650000e+11 3.932287e-01 7.026746e-02 -3.261898e-01 2.080662e-01
1.660000e+11 3.729391e-01 3.712302e-02 -3.193065e-01 1.890736e-01
1.670000e+11 3.642057e-01 7.513561e-03 -3.166703e-01 1.797477e-01
1.680000e+11 3.663059e-01 -2.064651e-02 -3.189421e-01 1.789684e-01
1.690000e+11 3.791791e-01 -4.932909e-02 -3.263718e-01 1.866141e-01
1.700000e+11 4.033903e-01 -8.035462e-02 -3.388754e-01 2.035444e-01
1.710000e+11 4.399010e-01 -1.152270e-01 -3.558113e-01 2.315900e-01
1.720000e+11 4.894699e-01 -1.545745e-01 -3.754252e-01 2.733924e-01
1.730000e+11 5.513637e-01 -1.968504e-01 -3.940048e-01 3.316807e-01
1.740000e+11 6.212602e-01 -2.361810e-01 -4.052968e-01 4.073294e-01
1.750000e+11 6.895421e-01 -2.606041e-01 -4.018445e-01 4.960592e-01
1.760000e+11 7.434792e-01 -2.543341e-01 -3.801429e-01 5.861458e-01
1.770000e+11 7.753401e-01 -2.064568e-01 -3.472260e-01 6.617869e-01
1.780000e+11 7.891256e-01 -1.195485e-01 -3.203819e-01 7.111841e-01
1.790000e+11 7.955042e-01 -8.997368e-03 -3.172402e-01 7.294550e-01
1.800000e+11 7.989075e-01 1.031182e-01 -3.446076e-01 7.133480e-01
1.810000e+11 7.906609e-01 1.922552e-01 -3.926915e-01 6.587686e-01
1.820000e+11 7.567127e-01 2.386284e-01 -4.383859e-01 5.687604e-01
1.830000e+11 6.940807e-01 2.392065e-01 -4.606943e-01 4.607483e-01
1.840000e+11 6.156242e-01 2.089811e-01 -4.553073e-01 3.577924e-01
1.850000e+11 5.381503e-01 1.672690e-01 -4.317986e-01 2.741838e-01
1.860000e+11 4.720037e-01 1.265911e-01 -4.019494e-01 2.126004e-01
1.870000e+11 4.203919e-01 9.179740e-02 -3.735447e-01 1.696083e-01
1.880000e+11 3.827134e-01 6.339101e-02 -3.502831e-01 1.405449e-01
1.890000e+11 3.572013e-01 4.021548e-02 -3.334666e-01 1.215545e-01
1.900000e+11 3.421790e-01 2.074776e-02 -3.233593e-01 1.099759e-01
1.910000e+11 3.364963e-01 3.545291e-03 -3.199407e-01 1.041879e-01
1.920000e+11 3.396326e-01 -1.267087e-02 -3.232642e-01 1.033925e-01
1.930000e+11 3.517014e-01 -2.905430e-02 -3.336132e-01 1.074801e-01
1.940000e+11 3.734376e-01 -4.668342e-02 -3.515494e-01 1.170013e-01
1.950000e+11 4.061627e-01 -6.655273e-02 -3.778708e-01 1.332386e-01
1.960000e+11 4.516409e-01 -8.940413e-02 -4.134192e-01 1.583382e-01
1.970000e+11 5.116226e-01 -1.152077e-01 -4.586023e-01 1.953685e-01
1.980000e+11 5.867200e-01 -1.420018e-01 -5.124614e-01 2.479096e-01
1.990000e+11 6.743134e-01 -1.639755e-01 -5.713805e-01 3.183314e-01
2.000000e+11 7.661195e-01 -1.698945e-01 -6.285101e-01 4.037945e-01
2.010000e+11 8.481479e-01 -1.455496e-01 -6.760901e-01 4.909912e-01
2.020000e+11 9.055513e-01 -8.386680e-02 -7.103321e-01 5.553538e-01
2.030000e+11 9.279845e-01 3.042037e-03 -7.315828e-01 5.709051e-01
2.040000e+11 9.094130e-01 8.524030e-02 -7.363334e-01 5.268578e-01
2.050000e+11 8.494488e-01 1.346910e-01 -7.154653e-01 4.376425e-01
2.060000e+11 7.596308e-01 1.449477e-01 -6.665342e-01 3.343072e-01
2.070000e+11 6.603244e-01 1.291344e-01 -6.001928e-01 2.431483e-01
2.080000e+11 5.686613e-01 1.036247e-01 -5.312480e-01 1.743938e-01
2.090000e+11 4.927033e-01 7.839703e-02 -4.696548e-01 1.266290e-01
2.100000e+11 4.336673e-01 5.718522e-02 -4.193428e-01 9.459772e-02
2.110000e+11 3.897537e-01 4.044959e-02 -3.806495e-01 7.333308e-02
2.120000e+11 3.585069e-01 2.747622e-02 -3.525113e-01 5.922861e-02
2.130000e+11 3.377933e-01 1.732970e-02 -3.336348e-01 4.991783e-02
2.140000e+11 3.260829e-01 9.175754e-03 -3.229815e-01 4.391859e-02
2.150000e+11 3.224737e-01 2.346131e-03 -3.199326e-01 4.033516e-02
2.160000e+11 3.266561e-01 -3.680453e-03 -3.243392e-01 3.866151e-02
2.170000e+11 3.388928e-01 -9.313438e-03 -3.365508e-01 3.866642e-02
2.180000e+11 3.600326e-01 -1.487610e-02 -3.574566e-01 4.033575e-02
2.190000e+11 3.915516e-01 -2.060721e-02 -3.885422e-01 4.385228e-02
2.200000e+11 4.355749e-01 -2.661888e-02 -4.319230e-01 4.959240e-02
2.210000e+11 4.947565e-01 -3.277448e-02 -4.902390e-01 5.809947e-02
2.220000e+11 5.717173e-01 -3.843526e-02 -5.661210e-01 6.993226e-02
2.230000e+11 6.674393e-01 -4.206794e-02 -6.606460e-01 8.516093e-02
2.240000e+11 7.777965e-01 -4.098690e-02 -7.699658e-01 1.021771e-01
2.250000e+11 8.883581e-01 -3.222126e-02 -8.801664e-01 1.159702e-01
2.260000e+11 9.717954e-01 -1.572279e-02 -9.644572e-01 1.181581e-01
2.270000e+11 9.974112e-01 2.373369e-03 -9.921051e-01 1.027183e-01
2.280000e+11 9.534248e-01 1.338835e-02 -9.504619e-01 7.390387e-02
2.290000e+11 8.582191e-01 1.462329e-02 -8.569865e-01 4.359353e-02
2.300000e+11 7.441554e-01 1.009911e-02 -7.438080e-01 2.036887e-02
2.310000e+11 6.360600e-01 4.549687e-03 -6.360187e-01 5.650064e-03
2.320000e+11 5.451488e-01 2.889388e-04 -5.451416e-01 -2.776473e-03
2.330000e+11 4.734503e-01 -2.246124e-03 -4.733866e-01 -7.437674e-03
2.340000e+11 4.190458e-01 -3.338045e-03 -4.189106e-01 -1.010669e-02
2.350000e+11 3.790564e-01 -3.367559e-03 -3.788563e-01 -1.184506e-02
2.360000e+11 3.508682e-01 -2.612384e-03 -3.506076e-01 -1.326713e-02
2.370000e+11 3.324959e-01 -1.217528e-03 -3.321662e-01 -1.475298e-02
2.380000e+11 3.226194e-01 7.902775e-04 -3.221919e-01 -1.658518e-02
2.390000e+11 3.205345e-01 3.489010e-03 -3.199495e-01 -1.903877e-02
2.400000e+11 3.261080e-01 7.060448e-03 -3.252574e-01 -2.245475e-02
2.410000e+11 3.397700e-01 1.180271e-02 -3.384640e-01 -2.732201e-02
2.420000e+11 3.625428e-01 1.815110e-02 -3.604510e-01 -3.439253e-02
2.430000e+11 3.960896e-01 2.668990e-02 -3.926351e-01 -4.485870e-02
2.440000e+11 4.427108e-01 3.810368e-02 -4.368823e-01 -6.062007e-02
2.450000e+11 5.050978e-01 5.293227e-02 -4.951368e-01 -8.462519e-02
2.460000e+11 5.854091e-01 7.083008e-02 -5.683540e-01 -1.210811e-01
2.470000e+11 6.829193e-01 8.889036e-02 -6.541712e-01 -1.747495e-01
2.480000e+11 7.898272e-01 9.918648e-02 -7.434359e-01 -2.475725e-01
2.490000e+11 8.876306e-01 8.856247e-02 -8.186668e-01 -3.314053e-01
2.500000e+11 9.510443e-01 4.702479e-02 -8.603565e-01 -4.025676e-01
2.510000e+11 9.617403e-01 -1.762422e-02 -8.590347e-01 -4.320802e-01
2.520000e+11 9.188197e-01 -7.975473e-02 -8.187955e-01 -4.091977e-01
2.530000e+11 8.366853e-01 -1.170948e-01 -7.510181e-01 -3.497183e-01
2.540000e+11 7.366060e-01 -1.260184e-01 -6.697067e-01 -2.796437e-01
2.550000e+11 6.376036e-01 -1.160074e-01 -5.881274e-01 -2.172252e-01
2.560000e+11 5.510169e-01 -9.785088e-02 -5.152546e-01 -1.689895e-01
2.570000e+11 4.808174e-01 -7.828253e-02 -4.549632e-01 -1.344087e-01
2.580000e+11 4.266677e-01 -6.020028e-02 -4.076489e-01 -1.106509e-01
2.590000e+11 3.865848e-01 -4.430562e-02 -3.721253e-01 -9.490831e-02
2.600000e+11 3.583963e-01 -3.032264e-02 -3.468269e-01 -8.508545e-02
2.610000e+11 3.403364e-01 -1.761453e-02 -3.303711e-01 -7.983410e-02
2.620000e+11 3.312231e-01 -5.425412e-03 -3.217573e-01 -7.843205e-02
2.630000e+11 3.304840e-01 7.062038e-03 -3.204056e-01 -8.068500e-02
2.640000e+11 3.381513e-01 2.075038e-02 -3.261343e-01 -8.690280e-02
2.650000e+11 3.548689e-01 3.667985e-02 -3.391003e-01 -9.796661e-02
2.660000e+11 3.819025e-01 5.606425e-02 -3.596756e-01 -1.154980e-01
2.670000e+11 4.210745e-01 8.022257e-02 -3.881606e-01 -1.421246e-01
2.680000e+11 4.744131e-01 1.101957e-01 -4.241380e-01 -1.817463e-01
2.690000e+11 5.430627e-01 1.456111e-01 -4.651858e-01 -2.394091e-01
2.700000e+11 6.248420e-01 1.822264e-01 -5.049665e-01 -3.197341e-01
2.710000e+11 7.107717e-01 2.085919e-01 -5.322739e-01 -4.223392e-01
2.720000e+11 7.845057e-01 2.060346e-01 -5.354005e-01 -5.351124e-01
2.730000e+11 8.308844e-01 1.587034e-01 -5.135946e-01 -6.335635e-01
2.740000e+11 8.481210e-01 6.884740e-02 -4.832093e-01 -6.935979e-01
2.750000e+11 8.453321e-01 -4.118061e-02 -4.650038e-01 -7.047425e-01
2.760000e+11 8.276413e-01 -1.417101e-01 -4.660065e-01 -6.691386e-01
2.770000e+11 7.911560e-01 -2.088197e-01 -4.760656e-01 -5.963922e-01
2.780000e+11 7.327692e-01 -2.332345e-01 -4.792490e-01 -5.028646e-01
2.790000e+11 6.588773e-01 -2.222232e-01 -4.672670e-01 -4.079187e-01
2.800000e+11 5.819705e-01 -1.913651e-01 -4.425969e-01 -3.258482e-01
2.810000e+11 5.124932e-01 -1.542349e-01 -4.124744e-01 -2.621560e-01
2.820000e+11 4.555331e-01 -1.183805e-01 -3.831573e-01 -2.160716e-01
2.830000e+11 4.120939e-01 -8.647116e-02 -3.582254e-01 -1.844416e-01
2.840000e+11 3.812962e-01 -5.854461e-02 -3.391735e-01 -1.640750e-01
2.850000e+11 3.618449e-01 -3.353458e-02 -3.263747e-01 -1.526000e-01
2.860000e+11 3.527330e-01 -9.991293e-03 -3.197425e-01 -1.486118e-01
2.870000e+11 3.535173e-01 1.367521e-02 -3.190579e-01 -1.516229e-01
2.880000e+11 3.644119e-01 3.916649e-02 -3.240486e-01 -1.620325e-01
2.890000e+11 3.862881e-01 6.831382e-02 -3.342561e-01 -1.811755e-01
2.900000e+11 4.205269e-01 1.029769e-01 -3.486305e-01 -2.114130e-01
2.910000e+11 4.684773e-01 1.445325e-01 -3.647094e-01 -2.560633e-01
2.920000e+11 5.300053e-01 1.924258e-01 -3.773115e-01 -3.186124e-01
2.930000e+11 6.006353e-01 2.412842e-01 -3.773834e-01 -4.001581e-01
2.940000e+11 6.684294e-01 2.777505e-01 -3.535648e-01 -4.946154e-01
2.950000e+11 7.160004e-01 2.824713e-01 -3.000033e-01 -5.855464e-01
2.960000e+11 7.325285e-01 2.422059e-01 -2.264394e-01 -6.531917e-01
2.970000e+11 7.249282e-01 1.614429e-01 -1.559688e-01 -6.892974e-01
2.980000e+11 7.115335e-01 5.735721e-02 -1.097304e-01 -7.006778e-01
2.990000e+11 7.065677e-01 -5.294918e-02 -9.749863e-02 -6.978025e-01
3.000000e+11 7.120720e-01 -1.561626e-01 -1.192059e-01 -6.844339e-01
3.010000e+11 7.184037e-01 -2.392118e-01 -1.674338e-01 -6.563898e-01
3.020000e+11 7.104019e-01 -2.888189e-01 -2.276537e-01 -6.078062e-01
3.030000e+11 6.781969e-01 -2.983522e-01 -2.818966e-01 -5.398808e-01
3.040000e+11 6.249319e-01 -2.739251e-01 -3.176496e-01 -4.632534e-01
3.050000e+11 5.629860e-01 -2.301445e-01 -3.332425e-01 -3.910705e-01
3.060000e+11 5.044825e-01 -1.805733e-01 -3.344858e-01 -3.316852e-01
3.070000e+11 4.563996e-01 -1.329006e-01 -3.285580e-01 -2.875547e-01
3.080000e+11 4.211894e-01 -8.961097e-02 -3.207919e-01 -2.578042e-01
3.090000e+11 3.990203e-01 -5.022970e-02 -3.142795e-01 -2.406710e-01
3.100000e+11 3.894596e-01 -1.295915e-02 -3.104603e-01 -2.347875e-01
3.110000e+11 3.923343e-01 2.452359e-02 -3.096523e-01 -2.396669e-01
3.120000e+11 4.080356e-01 6.473477e-02 -3.112132e-01 -2.558298e-01
3.130000e+11 4.373992e-01 1.100959e-01 -3.132597e-01 -2.847197e-01
3.140000e+11 4.809706e-01 1.622038e-01 -3.119319e-01 -3.282090e-01
3.150000e+11 5.371442e-01 2.200149e-01 -3.004645e-01 -3.870897e-01
3.160000e+11 5.989234e-01 2.766402e-01 -2.693689e-01 -4.578425e-01
3.170000e+11 6.515163e-01 3.169488e-01 -2.105974e-01 -5.288342e-01
3.180000e+11 6.772046e-01 3.224137e-01 -1.264703e-01 -5.819456e-01
3.190000e+11 6.692233e-01 2.849478e-01 -3.408109e-02 -6.045685e-01
3.200000e+11 6.391099e-01 2.142189e-01 4.518756e-02 -6.004413e-01
3.210000e+11 6.064662e-01 1.274715e-01 9.947311e-02 -5.845146e-01
3.220000e+11 5.859809e-01 3.690766e-02 1.275444e-01 -5.707397e-01
3.230000e+11 5.839886e-01 -5.267619e-02 1.319785e-01 -5.664358e-01
3.240000e+11 6.001971e-01 -1.397044e-01 1.142407e-01 -5.724232e-01
3.250000e+11 6.286118e-01 -2.207429e-01 7.411005e-02 -5.838948e-01
3.260000e+11 6.572473e-01 -2.870634e-01 1.267347e-02 -5.911075e-01
3.270000e+11 6.704926e-01 -3.258283e-01 -6.306604e-02 -5.825967e-01
3.280000e+11 6.572951e-01 -3.279787e-01 -1.391345e-01 -5.523662e-01
3.290000e+11 6.193204e-01 -2.963993e-01 -2.012216e-01 -5.051882e-01
3.300000e+11 5.689260e-01 -2.439566e-01 -2.428912e-01 -4.529524e-01
3.310000e+11 5.197150e-01 -1.840908e-01 -2.663272e-01 -4.065515e-01
3.320000e+11 4.804943e-01 -1.247608e-01 -2.773823e-01 -3.719792e-01
3.330000e+11 4.552360e-01 -6.834947e-02 -2.813611e-01 -3.512891e-01
3.340000e+11 4.452999e-01 -1.383323e-02 -2.814390e-01 -3.448082e-01
3.350000e+11 4.512029e-01 4.135285e-02 -2.784591e-01 -3.526110e-01
3.360000e+11 4.732651e-01 1.000446e-01 -2.708805e-01 -3.749596e-01
3.370000e+11 5.110062e-01 1.639741e-01 -2.544748e-01 -4.116825e-01
3.380000e+11 5.609916e-01 2.313916e-01 -2.222755e-01 -4.601773e-01
3.390000e+11 6.134335e-01 2.936534e-01 -1.665958e-01 -5.121662e-01
3.400000e+11 6.511178e-01 3.341919e-01 -8.534041e-02 -5.522565e-01
3.410000e+11 6.573878e-01 3.365381e-01 1.060140e-02 -5.646135e-01
3.420000e+11 6.302844e-01 2.984748e-01 1.004902e-01 -5.459606e-01
3.430000e+11 5.846564e-01 2.341292e-01 1.684721e-01 -5.085506e-01
3.440000e+11 5.390202e-01 1.607913e-01 2.117354e-01 -4.688891e-01
3.450000e+11 5.052879e-01 8.860163e-02 2.356316e-01 -4.381134e-01
3.460000e+11 4.883492e-01 2.016645e-02 2.464485e-01 -4.211192e-01
3.470000e+11 4.892939e-01 -4.593884e-02 2.479974e-01 -4.192797e-01
3.480000e+11 5.075533e-01 -1.121227e-01 2.409248e-01 -4.324281e-01
3.490000e+11 5.410389e-01 -1.794789e-01 2.229212e-01 -4.591476e-01
3.500000e+11 5.846111e-01 -2.454230e-01 1.895550e-01 -4.955871e-01
3.510000e+11 6.280787e-01 -3.015250e-01 1.367308e-01 -5.337323e-01
3.520000e+11 6.569856e-01 -3.343335e-01 6.536701e-02 -5.617636e-01
3.530000e+11 6.596144e-01 -3.324419e-01 -1.493238e-02 -5.695179e-01
3.540000e+11 6.359929e-01 -2.955179e-01 -8.929536e-02 -5.560418e-01
3.550000e+11 5.980413e-01 -2.344242e-01 -1.465471e-01 -5.303043e-01
3.560000e+11 5.606703e-01 -1.622525e-01 -1.837320e-01 -5.042498e-01
3.570000e+11 5.346281e-01 -8.714000e-02 -2.032097e-01 -4.867644e-01
3.580000e+11 5.254829e-01 -1.144708e-02 -2.078908e-01 -4.824755e-01
3.590000e+11 5.352302e-01 6.572504e-02 -1.983606e-01 -4.927521e-01
3.600000e+11 5.629551e-01 1.452675e-01 -1.719647e-01 -5.159883e-01
3.610000e+11 6.032294e-01 2.242646e-01 -1.237400e-01 -5.461497e-01
3.620000e+11 6.432715e-01 2.922278e-01 -5.050490e-02 -5.708330e-01
3.630000e+11 6.640585e-01 3.319182e-01 4.180952e-02 -5.736340e-01
3.640000e+11 6.513389e-01 3.303226e-01 1.350453e-01 -5.448781e-01
3.650000e+11 6.082077e-01 2.912683e-01 2.091748e-01 -4.912487e-01
3.660000e+11 5.516117e-01 2.319703e-01 2.561904e-01 -4.299206e-01
3.670000e+11 4.981016e-01 1.688016e-01 2.806300e-01 -3.753106e-01
3.680000e+11 4.566252e-01 1.100741e-01 2.912507e-01 -3.340108e-01
3.690000e+11 4.299960e-01 5.746909e-02 2.952896e-01 -3.072425e-01
3.700000e+11 4.182971e-01 9.396861e-03 2.971418e-01 -2.942634e-01
3.710000e+11 4.210320e-01 -3.684056e-02 2.988317e-01 -2.942964e-01
3.720000e+11 4.379371e-01 -8.402147e-02 3.005581e-01 -3.072362e-01
3.730000e+11 4.688864e-01 -1.343455e-01 3.008089e-01 -3.336461e-01
3.740000e+11 5.129889e-01 -1.884544e-01 2.960880e-01 -3.741316e-01
3.750000e+11 5.667614e-01 -2.436613e-01 2.807387e-01 -4.278241e-01
3.760000e+11 6.218962e-01 -2.917728e-01 2.480946e-01 -4.899720e-01
3.770000e+11 6.652259e-01 -3.190623e-01 1.944825e-01 -5.503647e-01
3.780000e+11 6.846466e-01 -3.121525e-01 1.247664e-01 -5.964354e-01
3.790000e+11 6.786096e-01 -2.674426e-01 5.296118e-02 -6.214343e-01
3.800000e+11 6.583734e-01 -1.933662e-01 -5.274703e-03 -6.293149e-01
3.810000e+11 6.398086e-01 -1.025313e-01 -4.002693e-02 -6.302700e-01
3.820000e+11 6.346096e-01 -4.213838e-03 -4.721749e-02 -6.328365e-01
3.830000e+11 6.467190e-01 9.587741e-02 -2.499825e-02 -6.390838e-01
3.840000e+11 6.710634e-01 1.906827e-01 2.727682e-02 -6.428236e-01
3.850000e+11 6.928679e-01 2.669222e-01 1.049488e-01 -6.307172e-01
3.860000e+11 6.925156e-01 3.074603e-01 1.924825e-01 -5.899123e-01
3.870000e+11 6.593633e-01 3.040194e-01 2.671443e-01 -5.205441e-01
3.880000e+11 6.011314e-01 2.662018e-01 3.138723e-01 -4.381549e-01
3.890000e+11 5.354541e-01 2.129759e-01 3.333548e-01 -3.608696e-01
3.900000e+11 4.763305e-01 1.591605e-01 3.352854e-01 -2.985671e-01
3.910000e+11 4.299987e-01 1.113429e-01 3.293842e-01 -2.529973e-01
3.920000e+11 3.975620e-01 7.052860e-02 3.220582e-01 -2.221706e-01
3.930000e+11 3.781393e-01 3.528508e-02 3.167720e-01 -2.034695e-01
3.940000e+11 3.706192e-01 3.461146e-03 3.152010e-01 -1.949229e-01
3.950000e+11 3.743592e-01 -2.715937e-02 3.180724e-01 -1.955431e-01
3.960000e+11 3.893705e-01 -5.867898e-02 3.255646e-01 -2.053626e-01
3.970000e+11 4.162440e-01 -9.299877e-02 3.373387e-01 -2.254172e-01
3.980000e+11 4.558080e-01 -1.315397e-01 3.522268e-01 -2.576713e-01
3.990000e+11 5.082926e-01 -1.744505e-01 3.675779e-01 -3.046554e-01
4.000000e+11 5.716936e-01 -2.189650e-01 3.784661e-01 -3.683087e-01
4.010000e+11 6.395540e-01 -2.571309e-01 3.777217e-01 -4.474811e-01
4.020000e+11 7.002704e-01 -2.750585e-01 3.587672e-01 -5.347968e-01
4.030000e+11 7.417709e-01 -2.576619e-01 3.219732e-01 -6.165773e-01
4.040000e+11 7.607496e-01 -1.984205e-01 2.792834e-01 -6.792422e-01
4.050000e+11 7.660454e-01 -1.045079e-01 2.497301e-01 -7.166160e-01
4.060000e+11 7.698291e-01 7.850901e-03 2.489568e-01 -7.284200e-01
4.070000e+11 7.753343e-01 1.189360e-01 2.814993e-01 -7.125698e-01
4.080000e+11 7.721643e-01 2.068391e-01 3.371440e-01 -6.631661e-01
4.090000e+11 7.444466e-01 2.526726e-01 3.929367e-01 -5.796189e-01
4.100000e+11 6.872582e-01 2.526192e-01 4.265289e-01 -4.760047e-01
4.110000e+11 6.124053e-01 2.209012e-01 4.313211e-01 -3.744397e-01
4.120000e+11 5.369232e-01 1.769814e-01 4.156019e-01 -2.902399e-01
4.130000e+11 4.718656e-01 1.338919e-01 3.912037e-01 -2.273539e-01
4.140000e+11 4.209843e-01 9.681573e-02 3.665123e-01 -1.830935e-01
4.150000e+11 3.839652e-01 6.634731e-02 3.458160e-01 -1.530967e-01
4.160000e+11 3.591773e-01 4.128662e-02 3.308403e-01 -1.335981e-01
4.170000e+11 3.450183e-01 2.001330e-02 3.221214e-01 -1.219627e-01
4.180000e+11 3.403982e-01 9.692171e-04 3.198036e-01 -1.166003e-01
4.190000e+11 3.448625e-01 -1.724883e-02 3.240285e-01 -1.167824e-01
4.200000e+11 3.586022e-01 -3.592518e-02 3.350995e-01 -1.225285e-01
4.210000e+11 3.824314e-01 -5.626692e-02 3.535127e-01 -1.345979e-01
4.220000e+11 4.177145e-01 -7.936081e-02 3.798595e-01 -1.545769e-01
4.230000e+11 4.661233e-01 -1.059091e-01 4.145252e-01 -1.849949e-01
4.240000e+11 5.289701e-01 -1.355014e-01 4.570433e-01 -2.292600e-01
4.250000e+11 6.057504e-01 -1.651161e-01 5.050352e-01 -2.908775e-01
4.260000e+11 6.918515e-01 -1.869777e-01 5.532152e-01 -3.710133e-01
4.270000e+11 7.768895e-01 -1.876764e-01 5.942139e-01 -4.639448e-01
4.280000e+11 8.470652e-01 -1.528532e-01 6.231567e-01 -5.530199e-01
4.290000e+11 8.918099e-01 -7.888907e-02 6.426757e-01 -6.132449e-01
4.300000e+11 9.064234e-01 1.767885e-02 6.589118e-01 -6.221945e-01
4.310000e+11 8.870328e-01 1.052872e-01 6.694154e-01 -5.723852e-01
4.320000e+11 8.310018e-01 1.565397e-01 6.614107e-01 -4.781163e-01
4.330000e+11 7.462337e-01 1.658510e-01 6.269596e-01 -3.691610e-01
4.340000e+11 6.509911e-01 1.472928e-01 5.728224e-01 -2.719721e-01
4.350000e+11 5.621157e-01 1.183332e-01 5.127130e-01 -1.977288e-01
4.360000e+11 4.880659e-01 8.974195e-02 4.571218e-01 -1.455830e-01
4.370000e+11 4.304383e-01 6.559124e-02 4.108558e-01 -1.103285e-01
4.380000e+11 3.876628e-01 4.638364e-02 3.749580e-01 -8.681865e-02
4.390000e+11 3.574126e-01 3.132150e-02 3.488376e-01 -7.123922e-02
4.400000e+11 3.376349e-01 1.935071e-02 3.315030e-01 -6.106286e-02
4.410000e+11 3.268617e-01 9.517128e-03 3.221102e-01 -5.470849e-02
4.420000e+11 3.242486e-01 1.038014e-03 3.201724e-01 -5.124132e-02
4.430000e+11 3.295471e-01 -6.720942e-03 3.256356e-01 -5.017502e-02
4.440000e+11 3.430890e-01 -1.428733e-02 3.389214e-01 -5.136349e-02
4.450000e+11 3.658010e-01 -2.211217e-02 3.609719e-01 -5.496114e-02
4.460000e+11 3.992374e-01 -3.056688e-02 3.932962e-01 -6.143500e-02
4.470000e+11 4.455729e-01 -3.987172e-02 4.379700e-01 -7.160768e-02
4.480000e+11 5.074047e-01 -4.988577e-02 4.974519e-01 -8.667500e-02
4.490000e+11 5.870232e-01 -5.964903e-02 5.739055e-01 -1.080310e-01
4.500000e+11 6.845357e-01 -6.662234e-02 6.674742e-01 -1.364871e-01
4.510000e+11 7.942168e-01 -6.605835e-02 7.729427e-01 -1.702238e-01
4.520000e+11 8.998866e-01 -5.225694e-02 8.754670e-01 -2.015507e-01
4.530000e+11 9.742403e-01 -2.400846e-02 9.496465e-01 -2.161925e-01
4.540000e+11 9.898129e-01 9.326047e-03 9.689454e-01 -2.019591e-01
4.550000e+11 9.389138e-01 3.277106e-02 9.242010e-01 -1.622889e-01
4.560000e+11 8.412742e-01 3.973730e-02 8.324864e-01 -1.145850e-01
4.570000e+11 7.280041e-01 3.502861e-02 7.233899e-01 -7.395913e-02
4.580000e+11 6.221988e-01 2.618716e-02 6.199999e-01 -4.522928e-02
4.590000e+11 5.339262e-01 1.776026e-02 5.329634e-01 -2.667999e-02
