# #nu(Hz) #T #rho #c #s
0.000000e+00 1.000000e+00 0.000000e+00 1.000000e+00 0.000000e+00
1.000000e+09 9.755061e-01 -3.587402e-03 9.751847e-01 2.478239e-02
2.000000e+09 9.098389e-01 -1.223424e-02 9.087463e-01 4.286522e-02
3.000000e+09 8.209274e-01 -2.165984e-02 8.190031e-01 5.183119e-02
4.000000e+09 7.265673e-01 -2.873643e-02 7.240325e-01 5.339555e-02
5.000000e+09 6.385084e-01 -3.254716e-02 6.356622e-01 5.066726e-02
6.000000e+09 5.622030e-01 -3.357392e-02 5.592949e-01 4.619755e-02
7.000000e+09 4.989526e-01 -3.270265e-02 4.961466e-01 4.150639e-02
8.000000e+09 4.479938e-01 -3.070855e-02 4.453792e-01 3.731955e-02
9.000000e+09 4.078167e-01 -2.811998e-02 4.054307e-01 3.390735e-02
1.000000e+10 3.768340e-01 -2.524357e-02 3.746804e-01 3.132497e-02
1.100000e+10 3.536626e-01 -2.222591e-02 3.517245e-01 2.954807e-02
1.200000e+10 3.372145e-01 -1.910623e-02 3.354608e-01 2.854146e-02
1.300000e+10 3.267060e-01 -1.585071e-02 3.250924e-01 2.829325e-02
1.400000e+10 3.216411e-01 -1.237047e-02 3.201071e-01 2.883440e-02
1.500000e+10 3.217927e-01 -8.527261e-03 3.202537e-01 3.025533e-02
1.600000e+10 3.271937e-01 -4.130073e-03 3.255267e-01 3.272682e-02
1.700000e+10 3.381411e-01 1.075024e-03 3.361602e-01 3.653180e-02
1.800000e+10 3.552117e-01 7.419068e-03 3.526282e-01 4.211470e-02
1.900000e+10 3.792839e-01 1.532278e-02 3.756404e-01 5.015762e-02
2.000000e+10 4.115485e-01 2.529336e-02 4.061114e-01 6.169259e-02
2.100000e+10 4.534651e-01 3.787195e-02 4.450536e-01 7.825350e-02
2.200000e+10 5.065725e-01 5.345879e-02 4.933006e-01 1.020411e-01
2.300000e+10 5.719813e-01 7.188255e-02 5.509119e-01 1.359839e-01
2.400000e+10 6.493014e-01 9.154211e-02 6.161072e-01 1.833692e-01
2.500000e+10 7.348963e-01 1.081342e-01 6.838570e-01 2.464126e-01
2.600000e+10 8.201368e-01 1.137997e-01 7.451337e-01 3.231870e-01
2.700000e+10 8.917858e-01 9.889824e-02 7.888829e-01 4.039366e-01
2.800000e+10 9.365496e-01 5.810961e-02 8.074035e-01 4.710074e-01
2.900000e+10 9.473039e-01 -2.876770e-03 8.006979e-01 5.062206e-01
3.000000e+10 9.249618e-01 -6.810674e-02 7.743720e-01 5.012622e-01
3.100000e+10 8.755615e-01 -1.205139e-01 7.342054e-01 4.615482e-01
3.200000e+10 8.075290e-01 -1.508392e-01 6.843276e-01 4.013059e-01
3.300000e+10 7.303153e-01 -1.595088e-01 6.287291e-01 3.355846e-01
3.400000e+10 6.526866e-01 -1.526681e-01 5.719478e-01 2.748964e-01
3.500000e+10 5.809976e-01 -1.373455e-01 5.181278e-01 2.241382e-01
3.600000e+10 5.186522e-01 -1.188193e-01 4.700683e-01 1.841680e-01
3.700000e+10 4.667045e-01 -1.001665e-01 4.290856e-01 1.538354e-01
3.800000e+10 4.248178e-01 -8.280001e-02 3.954141e-01 1.313849e-01
3.900000e+10 3.920500e-01 -6.713353e-02 3.686963e-01 1.151491e-01
4.000000e+10 3.673356e-01 -5.306197e-02 3.483482e-01 1.037950e-01
4.100000e+10 3.497309e-01 -4.023993e-02 3.337769e-01 9.636084e-02
4.200000e+10 3.385186e-01 -2.821857e-02 3.244900e-01 9.222136e-02
4.300000e+10 3.332457e-01 -1.649951e-02 3.201426e-01 9.104507e-02
4.400000e+10 3.337348e-01 -4.543507e-03 3.205500e-01 9.276870e-02
4.500000e+10 3.400915e-01 8.244017e-03 3.256819e-01 9.759902e-02
4.600000e+10 3.527144e-01 2.253690e-02 3.356390e-01 1.060473e-01
4.700000e+10 3.723046e-01 3.910766e-02 3.506000e-01 1.189999e-01
4.800000e+10 3.998520e-01 5.881691e-02 3.707108e-01 1.378247e-01
4.900000e+10 4.365458e-01 8.251883e-02 3.958602e-01 1.644917e-01
5.000000e+10 4.834987e-01 1.107730e-01 4.252584e-01 2.016323e-01
5.100000e+10 5.410954e-01 1.431804e-01 4.567447e-01 2.523250e-01
5.200000e+10 6.077738e-01 1.771616e-01 4.859242e-01 3.191871e-01
5.300000e+10 6.784170e-01 2.063844e-01 5.058035e-01 4.022660e-01
5.400000e+10 7.436809e-01 2.202153e-01 5.084651e-01 4.960138e-01
5.500000e+10 7.927022e-01 2.067348e-01 4.899163e-01 5.878941e-01
5.600000e+10 8.193752e-01 1.596478e-01 4.553012e-01 6.622606e-01
5.700000e+10 8.264520e-01 8.349368e-02 4.180491e-01 7.080160e-01
5.800000e+10 8.219539e-01 -8.399550e-03 3.920162e-01 7.223995e-01
5.900000e+10 8.116853e-01 -1.001011e-01 3.840054e-01 7.080626e-01
6.000000e+10 7.954350e-01 -1.774950e-01 3.918943e-01 6.690524e-01
6.100000e+10 7.690271e-01 -2.305404e-01 4.073371e-01 6.101887e-01
6.200000e+10 7.293029e-01 -2.552109e-01 4.205792e-01 5.383896e-01
6.300000e+10 6.776420e-01 -2.542633e-01 4.250548e-01 4.624686e-01
6.400000e+10 6.194982e-01 -2.351726e-01 4.193118e-01 3.907039e-01
6.500000e+10 5.613590e-01 -2.063599e-01 4.057458e-01 3.284964e-01
6.600000e+10 5.081925e-01 -1.743786e-01 3.880995e-01 2.779037e-01
6.700000e+10 4.627014e-01 -1.431138e-01 3.696835e-01 2.386319e-01
6.800000e+10 4.257961e-01 -1.142759e-01 3.527609e-01 2.092919e-01
6.900000e+10 3.973682e-01 -8.821000e-02 3.386340e-01 1.882751e-01
7.000000e+10 3.769051e-01 -6.453581e-02 3.279473e-01 1.741930e-01
7.100000e+10 3.638642e-01 -4.253053e-02 3.209649e-01 1.660416e-01
7.200000e+10 3.578698e-01 -2.131489e-02 3.177568e-01 1.632394e-01
7.300000e+10 3.588101e-01 7.888135e-05 3.182952e-01 1.656287e-01
7.400000e+10 3.668813e-01 2.269781e-02 3.224740e-01 1.734854e-01
7.500000e+10 3.825968e-01 4.767291e-02 3.300504e-01 1.875483e-01
7.600000e+10 4.067447e-01 7.618785e-02 3.404854e-01 2.090607e-01
7.700000e+10 4.402249e-01 1.093294e-01 3.526416e-01 2.397686e-01
7.800000e+10 4.836283e-01 1.476742e-01 3.642931e-01 2.817433e-01
7.900000e+10 5.363523e-01 1.904028e-01 3.715066e-01 3.367542e-01
8.000000e+10 5.951539e-01 2.338455e-01 3.682942e-01 4.048256e-01
8.100000e+10 6.527292e-01 2.700478e-01 3.475892e-01 4.819869e-01
8.200000e+10 6.983039e-01 2.873502e-01 3.047666e-01 5.587267e-01
8.300000e+10 7.223923e-01 2.751572e-01 2.426409e-01 6.223059e-01
8.400000e+10 7.234898e-01 2.306937e-01 1.728544e-01 6.635807e-01
8.500000e+10 7.096466e-01 1.607676e-01 1.103565e-01 6.823295e-01
8.600000e+10 6.928022e-01 7.653138e-02 6.616041e-02 6.853763e-01
8.700000e+10 6.821238e-01 -1.235561e-02 4.496114e-02 6.805283e-01
8.800000e+10 6.811443e-01 -9.926462e-02 4.698210e-02 6.722327e-01
8.900000e+10 6.878816e-01 -1.788999e-01 7.002805e-02 6.605089e-01
9.000000e+10 6.960549e-01 -2.453490e-01 1.098854e-01 6.420448e-01
9.100000e+10 6.972505e-01 -2.919876e-01 1.598074e-01 6.126688e-01
9.200000e+10 6.844278e-01 -3.138128e-01 2.109514e-01 5.704931e-01
9.300000e+10 6.554436e-01 -3.104809e-01 2.548252e-01 5.179499e-01
9.400000e+10 6.138920e-01 -2.869980e-01 2.863359e-01 4.609851e-01
9.500000e+10 5.665871e-01 -2.511920e-01 3.049026e-01 4.061502e-01
9.600000e+10 5.201500e-01 -2.103308e-01 3.131229e-01 3.581496e-01
9.700000e+10 4.791235e-01 -1.692699e-01 3.146548e-01 3.192168e-01
9.800000e+10 4.458571e-01 -1.303571e-01 3.127772e-01 2.897689e-01
9.900000e+10 4.212158e-01 -9.414038e-02 3.098702e-01 2.693340e-01
1.000000e+11 4.053395e-01 -6.010870e-02 3.074320e-01 2.572405e-01
1.010000e+11 3.981777e-01 -2.719293e-02 3.062568e-01 2.530075e-01
1.020000e+11 3.997928e-01 5.961520e-03 3.065780e-01 2.565321e-01
1.030000e+11 4.104911e-01 4.085221e-02 3.080956e-01 2.681624e-01
1.040000e+11 4.307996e-01 7.899053e-02 3.098567e-01 2.886825e-01
1.050000e+11 4.612339e-01 1.216419e-01 3.099696e-01 3.191532e-01
1.060000e+11 5.017032e-01 1.692362e-01 3.051972e-01 3.604441e-01
1.070000e+11 5.503662e-01 2.202367e-01 2.906730e-01 4.121989e-01
1.080000e+11 6.020404e-01 2.695611e-01 2.604353e-01 4.711294e-01
1.090000e+11 6.473140e-01 3.076969e-01 2.098309e-01 5.294422e-01
1.100000e+11 6.748003e-01 3.229523e-01 1.397540e-01 5.757831e-01
1.110000e+11 6.774259e-01 3.077325e-01 5.927910e-02 6.005769e-01
1.120000e+11 6.578306e-01 2.639269e-01 -1.781076e-02 6.023010e-01
1.130000e+11 6.266055e-01 2.011417e-01 -8.046095e-02 5.879647e-01
1.140000e+11 5.955390e-01 1.299736e-01 -1.243381e-01 5.677267e-01
1.150000e+11 5.728513e-01 5.735059e-02 -1.502458e-01 5.498143e-01
1.160000e+11 5.625141e-01 -1.387429e-02 -1.607062e-01 5.388906e-01
1.170000e+11 5.653985e-01 -8.319789e-02 -1.576751e-01 5.365558e-01
1.180000e+11 5.802018e-01 -1.505035e-01 -1.417880e-01 5.421061e-01
1.190000e+11 6.035749e-01 -2.144322e-01 -1.126793e-01 5.528335e-01
1.200000e+11 6.298278e-01 -2.712627e-01 -7.010131e-02 5.640793e-01
1.210000e+11 6.511916e-01 -3.148659e-01 -1.559362e-02 5.697954e-01
1.220000e+11 6.597293e-01 -3.385432e-01 4.616399e-02 5.643582e-01
1.230000e+11 6.507276e-01 -3.384324e-01 1.077838e-01 5.452455e-01
1.240000e+11 6.251953e-01 -3.160419e-01 1.618402e-01 5.145818e-01
1.250000e+11 5.890745e-01 -2.774901e-01 2.038576e-01 4.779646e-01
1.260000e+11 5.499519e-01 -2.302274e-01 2.332384e-01 4.416360e-01
1.270000e+11 5.141469e-01 -1.801157e-01 2.520330e-01 4.103471e-01
1.280000e+11 4.856943e-01 -1.303855e-01 2.631384e-01 3.868550e-01
1.290000e+11 4.667314e-01 -8.198633e-02 2.690691e-01 3.724490e-01
1.300000e+11 4.582968e-01 -3.436698e-02 2.714171e-01 3.676787e-01
1.310000e+11 4.609644e-01 1.383572e-02 2.706762e-01 3.728688e-01
1.320000e+11 4.751223e-01 6.425253e-02 2.661362e-01 3.883096e-01
1.330000e+11 5.008164e-01 1.181994e-01 2.557204e-01 4.140689e-01
1.340000e+11 5.370366e-01 1.757759e-01 2.358650e-01 4.493093e-01
1.350000e+11 5.803669e-01 2.344503e-01 2.018792e-01 4.910230e-01
1.360000e+11 6.234750e-01 2.875403e-01 1.496120e-01 5.325954e-01
1.370000e+11 6.552477e-01 3.243592e-01 7.888282e-02 5.638423e-01
1.380000e+11 6.649475e-01 3.343854e-01 -3.255472e-03 5.747443e-01
1.390000e+11 6.490420e-01 3.141004e-01 -8.387964e-02 5.617479e-01
1.400000e+11 6.139303e-01 2.697159e-01 -1.510151e-01 5.304321e-01
1.410000e+11 5.712204e-01 2.124436e-01 -1.994287e-01 4.913132e-01
1.420000e+11 5.311654e-01 1.519188e-01 -2.304510e-01 4.538169e-01
1.430000e+11 4.998625e-01 9.338688e-02 -2.483625e-01 4.236243e-01
1.440000e+11 4.798873e-01 3.834333e-02 -2.574077e-01 4.031909e-01
1.450000e+11 4.718579e-01 -1.384879e-02 -2.605330e-01 3.931675e-01
1.460000e+11 4.755656e-01 -6.466353e-02 -2.591727e-01 3.934600e-01
1.470000e+11 4.904340e-01 -1.155681e-01 -2.533703e-01 4.036992e-01
1.480000e+11 5.154195e-01 -1.673652e-01 -2.419360e-01 4.232176e-01
1.490000e+11 5.484733e-01 -2.194747e-01 -2.226677e-01 4.506361e-01
1.500000e+11 5.857613e-01 -2.691302e-01 -1.928898e-01 4.831964e-01
1.510000e+11 6.211688e-01 -3.109128e-01 -1.506258e-01 5.162324e-01
1.520000e+11 6.470610e-01 -3.375454e-01 -9.634893e-02 5.435697e-01
1.530000e+11 6.569600e-01 -3.425915e-01 -3.428797e-02 5.595103e-01
1.540000e+11 6.489483e-01 -3.238616e-01 2.830256e-02 5.616462e-01
1.550000e+11 6.269330e-01 -2.846600e-01 8.403335e-02 5.522247e-01
1.560000e+11 5.985098e-01 -2.316173e-01 1.281915e-01 5.367815e-01
1.570000e+11 5.715189e-01 -1.712129e-01 1.593799e-01 5.214576e-01
1.580000e+11 5.518941e-01 -1.076266e-01 1.782494e-01 5.111074e-01
1.590000e+11 5.432954e-01 -4.249360e-02 1.858016e-01 5.087651e-01
1.600000e+11 5.475466e-01 2.422965e-02 1.821703e-01 5.157850e-01
1.610000e+11 5.648756e-01 9.296382e-02 1.660411e-01 5.318576e-01
1.620000e+11 5.934137e-01 1.628978e-01 1.347569e-01 5.544770e-01
1.630000e+11 6.279544e-01 2.301145e-01 8.550385e-02 5.779819e-01
1.640000e+11 6.589957e-01 2.863271e-01 1.805841e-02 5.932673e-01
1.650000e+11 6.744727e-01 3.204869e-01 -6.180621e-02 5.902386e-01
1.660000e+11 6.656441e-01 3.246361e-01 -1.418978e-01 5.635233e-01
1.670000e+11 6.330780e-01 2.998951e-01 -2.090356e-01 5.168702e-01
1.680000e+11 5.859849e-01 2.558091e-01 -2.561256e-01 4.608033e-01
1.690000e+11 5.357237e-01 2.038656e-01 -2.839058e-01 4.060002e-01
1.700000e+11 4.905205e-01 1.522188e-01 -2.974850e-01 3.590855e-01
1.710000e+11 4.544363e-01 1.046541e-01 -3.024999e-01 3.225735e-01
1.720000e+11 4.286851e-01 6.189567e-02 -3.032936e-01 2.965684e-01
1.730000e+11 4.131451e-01 2.310456e-02 -3.026571e-01 2.802744e-01
1.740000e+11 4.073203e-01 -1.316732e-02 -3.021453e-01 2.728455e-01
1.750000e+11 4.107947e-01 -4.850233e-02 -3.024249e-01 2.737499e-01
1.760000e+11 4.233664e-01 -8.439181e-02 -3.034791e-01 2.828738e-01
1.770000e+11 4.449731e-01 -1.220677e-01 -3.046500e-01 3.004811e-01
1.780000e+11 4.754261e-01 -1.622446e-01 -3.045491e-01 3.270420e-01
1.790000e+11 5.139108e-01 -2.046545e-01 -3.009141e-01 3.628658e-01
1.800000e+11 5.582469e-01 -2.473370e-01 -2.905964e-01 4.074527e-01
1.810000e+11 6.041327e-01 -2.858981e-01 -2.700288e-01 4.586099e-01
1.820000e+11 6.450776e-01 -3.134355e-01 -2.365556e-01 5.117858e-01
1.830000e+11 6.740046e-01 -3.221182e-01 -1.904653e-01 5.605756e-01
1.840000e+11 6.865526e-01 -3.064529e-01 -1.363950e-01 5.990304e-01
1.850000e+11 6.839204e-01 -2.661039e-01 -8.240508e-02 6.246161e-01
1.860000e+11 6.725812e-01 -2.056465e-01 -3.699901e-02 6.393012e-01
1.870000e+11 6.610745e-01 -1.315833e-01 -6.576094e-03 6.478133e-01
1.880000e+11 6.565646e-01 -4.955289e-02 4.989686e-03 6.546729e-01
1.890000e+11 6.628048e-01 3.623776e-02 -4.601397e-03 6.617974e-01
1.900000e+11 6.790653e-01 1.214715e-01 -3.660192e-02 6.671091e-01
1.910000e+11 6.993405e-01 1.993781e-01 -9.005012e-02 6.642412e-01
1.920000e+11 7.127952e-01 2.597914e-01 -1.591040e-01 6.444155e-01
1.930000e+11 7.077509e-01 2.922447e-01 -2.316478e-01 6.015345e-01
1.940000e+11 6.787159e-01 2.925278e-01 -2.930505e-01 5.377771e-01
1.950000e+11 6.301992e-01 2.662880e-01 -3.337127e-01 4.635488e-01
1.960000e+11 5.728778e-01 2.251201e-01 -3.529672e-01 3.910551e-01
1.970000e+11 5.168327e-01 1.797880e-01 -3.563091e-01 3.283842e-01
1.980000e+11 4.681140e-01 1.367990e-01 -3.505703e-01 2.784192e-01
1.990000e+11 4.290464e-01 9.872290e-02 -3.411563e-01 2.407217e-01
2.000000e+11 3.997974e-01 6.576992e-02 -3.315195e-01 2.135583e-01
2.010000e+11 3.796707e-01 3.708498e-02 -3.236024e-01 1.950796e-01
2.020000e+11 3.678296e-01 1.146564e-02 -3.184078e-01 1.838033e-01
2.030000e+11 3.636218e-01 -1.232613e-02 -3.164174e-01 1.787427e-01
2.040000e+11 3.666940e-01 -3.546167e-02 -3.178385e-01 1.794035e-01
2.050000e+11 3.770096e-01 -5.902683e-02 -3.227178e-01 1.857559e-01
2.060000e+11 3.948143e-01 -8.401267e-02 -3.309555e-01 1.982138e-01
2.070000e+11 4.205470e-01 -1.112611e-01 -3.422310e-01 2.176205e-01
2.080000e+11 4.546549e-01 -1.413047e-01 -3.558365e-01 2.452030e-01
2.090000e+11 4.972444e-01 -1.740215e-01 -3.704191e-01 2.824150e-01
2.100000e+11 5.474953e-01 -2.080364e-01 -3.836932e-01 3.305320e-01
2.110000e+11 6.028908e-01 -2.399203e-01 -3.923415e-01 3.898508e-01
2.120000e+11 6.586602e-01 -2.635982e-01 -3.925558e-01 4.585293e-01
2.130000e+11 7.083181e-01 -2.708821e-01 -3.816894e-01 5.316490e-01
2.140000e+11 7.460477e-01 -2.539522e-01 -3.607129e-01 6.016491e-01
2.150000e+11 7.699807e-01 -2.090061e-01 -3.357212e-01 6.606648e-01
2.160000e+11 7.834391e-01 -1.384486e-01 -3.165657e-01 7.031323e-01
2.170000e+11 7.922310e-01 -5.013227e-02 -3.129873e-01 7.260549e-01
2.180000e+11 7.996706e-01 4.459487e-02 -3.304584e-01 7.268298e-01
2.190000e+11 8.028700e-01 1.320247e-01 -3.671106e-01 7.017118e-01
2.200000e+11 7.933369e-01 1.977426e-01 -4.126913e-01 6.480488e-01
2.210000e+11 7.629263e-01 2.314238e-01 -4.519377e-01 5.694312e-01
2.220000e+11 7.110517e-01 2.324740e-01 -4.726339e-01 4.776689e-01
2.230000e+11 6.457382e-01 2.099011e-01 -4.719365e-01 3.875503e-01
2.240000e+11 5.778920e-01 1.758924e-01 -4.551479e-01 3.096149e-01
2.250000e+11 5.156857e-01 1.398566e-01 -4.301201e-01 2.477268e-01
2.260000e+11 4.630583e-01 1.067808e-01 -4.032190e-01 2.010851e-01
2.270000e+11 4.208826e-01 7.835486e-02 -3.783025e-01 1.670028e-01
2.280000e+11 3.885171e-01 5.452139e-02 -3.572572e-01 1.426194e-01
2.290000e+11 3.648389e-01 3.452244e-02 -3.408028e-01 1.255749e-01
2.300000e+11 3.487587e-01 1.742611e-02 -3.290918e-01 1.141384e-01
2.310000e+11 3.394256e-01 2.338041e-03 -3.220651e-01 1.071368e-01
2.320000e+11 3.362874e-01 -1.154020e-02 -3.196429e-01 1.038482e-01
2.330000e+11 3.390954e-01 -2.491569e-02 -3.218174e-01 1.039157e-01
2.340000e+11 3.478947e-01 -3.842761e-02 -3.286965e-01 1.072969e-01
2.350000e+11 3.630125e-01 -5.266762e-02 -3.405163e-01 1.142490e-01
2.360000e+11 3.850430e-01 -6.818073e-02 -3.576282e-01 1.253458e-01
2.370000e+11 4.148102e-01 -8.542502e-02 -3.804512e-01 1.415164e-01
2.380000e+11 4.532715e-01 -1.046535e-01 -4.093643e-01 1.640839e-01
2.390000e+11 5.012977e-01 -1.256596e-01 -4.445020e-01 1.947487e-01
2.400000e+11 5.592405e-01 -1.473163e-01 -4.854242e-01 2.353959e-01
2.410000e+11 6.262239e-01 -1.668933e-01 -5.306972e-01 2.875126e-01
2.420000e+11 6.992765e-01 -1.793756e-01 -5.776135e-01 3.509624e-01
2.430000e+11 7.728166e-01 -1.775203e-01 -6.225312e-01 4.221219e-01
2.440000e+11 8.393002e-01 -1.538312e-01 -6.621986e-01 4.921929e-01
2.450000e+11 8.911172e-01 -1.049104e-01 -6.952647e-01 5.474400e-01
2.460000e+11 9.220883e-01 -3.613478e-02 -7.217376e-01 5.727442e-01
2.470000e+11 9.271302e-01 3.751296e-02 -7.395930e-01 5.578220e-01
2.480000e+11 9.023290e-01 9.720345e-02 -7.425613e-01 5.033405e-01
2.490000e+11 8.482762e-01 1.301554e-01 -7.239785e-01 4.224775e-01
2.500000e+11 7.730722e-01 1.357997e-01 -6.835400e-01 3.346224e-01
2.510000e+11 6.894959e-01 1.227948e-01 -6.285231e-01 2.555088e-01
2.520000e+11 6.089174e-01 1.014400e-01 -5.687790e-01 1.923037e-01
2.530000e+11 5.379682e-01 7.889816e-02 -5.119347e-01 1.452851e-01
2.540000e+11 4.789542e-01 5.864654e-02 -4.620636e-01 1.116017e-01
2.550000e+11 4.316436e-01 4.174249e-02 -4.205388e-01 8.786842e-02
2.560000e+11 3.947572e-01 2.807223e-02 -3.872602e-01 7.123688e-02
2.570000e+11 3.668080e-01 1.709971e-02 -3.615281e-01 5.960792e-02
2.580000e+11 3.464729e-01 8.217723e-03 -3.425213e-01 5.152755e-02
2.590000e+11 3.327174e-01 8.803813e-04 -3.295180e-01 4.602121e-02
2.600000e+11 3.248155e-01 -5.363790e-03 -3.219848e-01 4.245162e-02
2.610000e+11 3.223339e-01 -1.087716e-02 -3.196050e-01 4.041687e-02
2.620000e+11 3.251130e-01 -1.594915e-02 -3.222876e-01 3.968345e-02
2.630000e+11 3.332562e-01 -2.081192e-02 -3.301741e-01 4.014536e-02
2.640000e+11 3.471324e-01 -2.565027e-02 -3.436504e-01 4.180167e-02
2.650000e+11 3.673878e-01 -3.060250e-02 -3.633662e-01 4.474668e-02
2.660000e+11 3.949614e-01 -3.574723e-02 -3.902554e-01 4.916653e-02
2.670000e+11 4.310852e-01 -4.106830e-02 -4.255421e-01 5.533363e-02
2.680000e+11 4.772286e-01 -4.638566e-02 -4.706941e-01 6.358104e-02
2.690000e+11 5.349063e-01 -5.123961e-02 -5.272482e-01 7.421963e-02
2.700000e+11 6.052027e-01 -5.473148e-02 -5.963627e-01 8.732874e-02
2.710000e+11 6.877950e-01 -5.538976e-02 -6.778824e-01 1.023204e-01
2.720000e+11 7.792892e-01 -5.129053e-02 -7.687117e-01 1.172318e-01
2.730000e+11 8.711149e-01 -4.086463e-02 -8.606830e-01 1.280472e-01
2.740000e+11 9.484209e-01 -2.462913e-02 -9.392677e-01 1.291190e-01
2.750000e+11 9.928625e-01 -6.720752e-03 -9.860330e-01 1.160590e-01
2.760000e+11 9.908793e-01 6.458388e-03 -9.867601e-01 9.002584e-02
2.770000e+11 9.425392e-01 1.081059e-02 -9.406629e-01 5.845226e-02
2.780000e+11 8.618371e-01 7.387157e-03 -8.612840e-01 2.997498e-02
2.790000e+11 7.677772e-01 2.873264e-04 -7.677219e-01 9.209942e-03
2.800000e+11 6.754781e-01 -6.879323e-03 -6.754328e-01 -3.725826e-03
2.810000e+11 5.932571e-01 -1.237125e-02 -5.930290e-01 -1.084354e-02
2.820000e+11 5.240453e-01 -1.586978e-02 -5.236090e-01 -1.432459e-02
2.830000e+11 4.677601e-01 -1.768962e-02 -4.671589e-01 -1.578503e-02
2.840000e+11 4.230555e-01 -1.828245e-02 -4.223481e-01 -1.624285e-02
2.850000e+11 3.882802e-01 -1.803366e-02 -3.875189e-01 -1.629064e-02
2.860000e+11 3.619093e-01 -1.721354e-02 -3.611336e-01 -1.626377e-02
2.870000e+11 3.426997e-01 -1.598612e-02 -3.419356e-01 -1.635720e-02
2.880000e+11 3.297218e-01 -1.443074e-02 -3.289824e-01 -1.669818e-02
2.890000e+11 3.223460e-01 -1.256021e-02 -3.216314e-01 -1.739108e-02
2.900000e+11 3.202202e-01 -1.033141e-02 -3.195156e-01 -1.854795e-02
2.910000e+11 3.232542e-01 -7.648293e-03 -3.225246e-01 -2.031419e-02
2.920000e+11 3.316158e-01 -4.357940e-03 -3.307957e-01 -2.289675e-02
2.930000e+11 3.457413e-01 -2.411721e-04 -3.447163e-01 -2.660180e-02
2.940000e+11 3.663560e-01 4.999911e-03 -3.649312e-01 -3.188972e-02
2.950000e+11 3.944967e-01 1.175075e-02 -3.923426e-01 -3.945743e-02
2.960000e+11 4.315101e-01 2.047250e-02 -4.280724e-01 -5.035764e-02
2.970000e+11 4.789712e-01 3.162955e-02 -4.733249e-01 -6.615548e-02
2.980000e+11 5.384014e-01 4.547279e-02 -5.290298e-01 -8.908313e-02
2.990000e+11 6.105765e-01 6.153609e-02 -5.950831e-01 -1.220373e-01
3.000000e+11 6.941672e-01 7.770534e-02 -6.690291e-01 -1.680183e-01
3.010000e+11 7.837412e-01 8.904495e-02 -7.444399e-01 -2.283210e-01
3.020000e+11 8.682353e-01 8.759677e-02 -8.103567e-01 -2.991344e-01
3.030000e+11 9.324727e-01 6.547431e-02 -8.540809e-01 -3.684620e-01
3.040000e+11 9.631127e-01 2.154209e-02 -8.672646e-01 -4.182989e-01
3.050000e+11 9.550247e-01 -3.429129e-02 -8.499704e-01 -4.341043e-01
3.060000e+11 9.123512e-01 -8.585723e-02 -8.085004e-01 -4.139328e-01
3.070000e+11 8.450313e-01 -1.207601e-01 -7.509511e-01 -3.681948e-01
3.080000e+11 7.648965e-01 -1.357930e-01 -6.851439e-01 -3.117766e-01
3.090000e+11 6.826393e-01 -1.349117e-01 -6.180138e-01 -2.566206e-01
3.100000e+11 6.058635e-01 -1.243928e-01 -5.548644e-01 -2.090993e-01
3.110000e+11 5.386596e-01 -1.095309e-01 -4.988913e-01 -1.710689e-01
3.120000e+11 4.823740e-01 -9.366613e-02 -4.514046e-01 -1.419341e-01
3.130000e+11 4.367271e-01 -7.848463e-02 -4.124545e-01 -1.202167e-01
3.140000e+11 4.007143e-01 -6.461685e-02 -3.814469e-01 -1.043784e-01
3.150000e+11 3.731586e-01 -5.211899e-02 -3.575694e-01 -9.313990e-02
3.160000e+11 3.529905e-01 -4.076843e-02 -3.400311e-01 -8.555154e-02
3.170000e+11 3.393669e-01 -3.021740e-02 -3.281774e-01 -8.097151e-02
3.180000e+11 3.317098e-01 -2.006024e-02 -3.215338e-01 -7.902537e-02
3.190000e+11 3.297146e-01 -9.852221e-03 -3.198160e-01 -7.957637e-02
3.200000e+11 3.333521e-01 8.973415e-04 -3.229250e-01 -8.271808e-02
3.210000e+11 3.428747e-01 1.274516e-02 -3.309321e-01 -8.879489e-02
3.220000e+11 3.588288e-01 2.633715e-02 -3.440510e-01 -9.845506e-02
3.230000e+11 3.820625e-01 4.242021e-02 -3.625765e-01 -1.127409e-01
3.240000e+11 4.136987e-01 6.181159e-02 -3.867559e-01 -1.332136e-01
3.250000e+11 4.550068e-01 8.525866e-02 -4.165223e-01 -1.620841e-01
3.260000e+11 5.070350e-01 1.130588e-01 -4.509978e-01 -2.022455e-01
3.270000e+11 5.697995e-01 1.442425e-01 -4.876971e-01 -2.569380e-01
3.280000e+11 6.408810e-01 1.751984e-01 -5.216262e-01 -3.285424e-01
3.290000e+11 7.138630e-01 1.982177e-01 -5.451850e-01 -4.160330e-01
3.300000e+11 7.783728e-01 2.018102e-01 -5.506052e-01 -5.118308e-01
3.310000e+11 8.240097e-01 1.752102e-01 -5.354383e-01 -6.013311e-01
3.320000e+11 8.466559e-01 1.157260e-01 -5.068068e-01 -6.682669e-01
3.330000e+11 8.503615e-01 3.212628e-02 -4.782405e-01 -7.024020e-01
3.340000e+11 8.418417e-01 -5.944905e-02 -4.608574e-01 -7.019784e-01
3.350000e+11 8.240423e-01 -1.421479e-01 -4.572385e-01 -6.706509e-01
3.360000e+11 7.952668e-01 -2.030373e-01 -4.618540e-01 -6.147487e-01
3.370000e+11 7.532403e-01 -2.358414e-01 -4.658850e-01 -5.428637e-01
3.380000e+11 6.992108e-01 -2.418594e-01 -4.626445e-01 -4.651449e-01
3.390000e+11 6.383706e-01 -2.279771e-01 -4.502852e-01 -3.908793e-01
3.400000e+11 5.772158e-01 -2.027339e-01 -4.309373e-01 -3.261442e-01
3.410000e+11 5.209100e-01 -1.731359e-01 -4.082419e-01 -2.733309e-01
3.420000e+11 4.723478e-01 -1.435410e-01 -3.854676e-01 -2.322136e-01
3.430000e+11 4.325367e-01 -1.160199e-01 -3.648230e-01 -2.013245e-01
3.440000e+11 4.013722e-01 -9.115924e-02 -3.475301e-01 -1.789203e-01
3.450000e+11 3.782818e-01 -6.874053e-02 -3.341411e-01 -1.634675e-01
3.460000e+11 3.626251e-01 -4.816088e-02 -3.248342e-01 -1.538188e-01
3.470000e+11 3.539052e-01 -2.864730e-02 -3.196154e-01 -1.492456e-01
3.480000e+11 3.518712e-01 -9.341824e-03 -3.184296e-01 -1.494278e-01
3.490000e+11 3.565661e-01 1.068235e-02 -3.212026e-01 -1.544479e-01
3.500000e+11 3.683479e-01 3.243279e-02 -3.278191e-01 -1.648120e-01
3.510000e+11 3.878832e-01 5.700173e-02 -3.380286e-01 -1.814962e-01
3.520000e+11 4.160773e-01 8.550993e-02 -3.512442e-01 -2.059998e-01
3.530000e+11 4.538538e-01 1.188945e-01 -3.661793e-01 -2.403334e-01
3.540000e+11 5.016182e-01 1.573728e-01 -3.802851e-01 -2.867714e-01
3.550000e+11 5.581991e-01 1.993768e-01 -3.890979e-01 -3.470417e-01
3.560000e+11 6.192946e-01 2.399860e-01 -3.860599e-01 -4.205833e-01
3.570000e+11 6.763846e-01 2.698280e-01 -3.640693e-01 -5.021380e-01
3.580000e+11 7.184493e-01 2.768022e-01 -3.197584e-01 -5.807792e-01
3.590000e+11 7.378517e-01 2.520164e-01 -2.583037e-01 -6.435775e-01
3.600000e+11 7.361954e-01 1.958092e-01 -1.931022e-01 -6.829011e-01
3.610000e+11 7.233725e-01 1.171834e-01 -1.389643e-01 -7.001605e-01
3.620000e+11 7.106672e-01 2.766878e-02 -1.055958e-01 -7.022334e-01
3.630000e+11 7.048969e-01 -6.328010e-02 -9.637732e-02 -6.954040e-01
3.640000e+11 7.066320e-01 -1.484803e-01 -1.102285e-01 -6.820059e-01
3.650000e+11 7.110423e-01 -2.212156e-01 -1.429793e-01 -6.604557e-01
3.660000e+11 7.101790e-01 -2.745197e-01 -1.876005e-01 -6.275342e-01
3.670000e+11 6.966179e-01 -3.029171e-01 -2.348718e-01 -5.816812e-01
3.680000e+11 6.673223e-01 -3.053670e-01 -2.758138e-01 -5.253540e-01
3.690000e+11 6.250669e-01 -2.863327e-01 -3.048167e-01 -4.645524e-01
3.700000e+11 5.763243e-01 -2.535764e-01 -3.209488e-01 -4.060057e-01
3.710000e+11 5.278019e-01 -2.147035e-01 -3.267067e-01 -3.545983e-01
3.720000e+11 4.842785e-01 -1.750356e-01 -3.258127e-01 -3.126248e-01
3.730000e+11 4.482879e-01 -1.373227e-01 -3.216559e-01 -2.804319e-01
3.740000e+11 4.207652e-01 -1.024032e-01 -3.167107e-01 -2.573931e-01
3.750000e+11 4.018198e-01 -6.997121e-02 -3.125498e-01 -2.426433e-01
3.760000e+11 3.913016e-01 -3.911802e-02 -3.100495e-01 -2.354910e-01
3.770000e+11 3.891344e-01 -8.630320e-03 -3.095751e-01 -2.356148e-01
3.780000e+11 3.954806e-01 2.286890e-02 -3.110654e-01 -2.431466e-01
3.790000e+11 4.107830e-01 5.683833e-02 -3.139879e-01 -2.586961e-01
3.800000e+11 4.356683e-01 9.468729e-02 -3.171429e-01 -2.833047e-01
3.810000e+11 4.706166e-01 1.374478e-01 -3.183031e-01 -3.182314e-01
3.820000e+11 5.152149e-01 1.850408e-01 -3.137614e-01 -3.643626e-01
3.830000e+11 5.668371e-01 2.349685e-01 -2.981291e-01 -4.209669e-01
3.840000e+11 6.190768e-01 2.807519e-01 -2.652414e-01 -4.838196e-01
3.850000e+11 6.615331e-01 3.117139e-01 -2.112022e-01 -5.439248e-01
3.860000e+11 6.834120e-01 3.165703e-01 -1.388066e-01 -5.895489e-01
3.870000e+11 6.803360e-01 2.902256e-01 -5.896196e-02 -6.124946e-01
3.880000e+11 6.579719e-01 2.373942e-01 1.439584e-02 -6.134849e-01
3.890000e+11 6.280693e-01 1.686587e-01 7.152265e-02 -6.007577e-01
3.900000e+11 6.016554e-01 9.375667e-02 1.092981e-01 -5.841685e-01
3.910000e+11 5.855390e-01 1.832817e-02 1.288043e-01 -5.709023e-01
3.920000e+11 5.823908e-01 -5.547908e-02 1.321196e-01 -5.644870e-01
3.930000e+11 5.918372e-01 -1.269505e-01 1.205664e-01 -5.653482e-01
3.940000e+11 6.110205e-01 -1.947926e-01 9.449205e-02 -5.713783e-01
3.950000e+11 6.345663e-01 -2.556711e-01 5.416295e-02 -5.782500e-01
3.960000e+11 6.548300e-01 -3.038278e-01 1.362277e-03 -5.800768e-01
3.970000e+11 6.635995e-01 -3.325706e-01 -5.919045e-02 -5.711897e-01
3.980000e+11 6.554001e-01 -3.375419e-01 -1.200699e-01 -5.488151e-01
3.990000e+11 6.303083e-01 -3.195594e-01 -1.736553e-01 -5.147953e-01
4.000000e+11 5.936586e-01 -2.843567e-01 -2.151926e-01 -4.746197e-01
4.010000e+11 5.529321e-01 -2.394961e-01 -2.439204e-01 -4.346014e-01
4.020000e+11 5.146405e-01 -1.912573e-01 -2.619229e-01 -3.995896e-01
4.030000e+11 4.830373e-01 -1.433347e-01 -2.722771e-01 -3.723512e-01
4.040000e+11 4.603699e-01 -9.705845e-02 -2.777518e-01 -3.540820e-01
4.050000e+11 4.476724e-01 -5.215367e-02 -2.802517e-01 -3.451805e-01
4.060000e+11 4.454630e-01 -7.430976e-03 -2.806805e-01 -3.458330e-01
4.070000e+11 4.541378e-01 3.871835e-02 -2.789014e-01 -3.563089e-01
4.080000e+11 4.740207e-01 8.789956e-02 -2.736216e-01 -3.769622e-01
4.090000e+11 5.049903e-01 1.411290e-01 -2.621834e-01 -4.078697e-01
4.100000e+11 5.455388e-01 1.978160e-01 -2.404584e-01 -4.479522e-01
4.110000e+11 5.912611e-01 2.542377e-01 -2.034225e-01 -4.935303e-01
4.120000e+11 6.335769e-01 3.022706e-01 -1.473017e-01 -5.369864e-01
4.130000e+11 6.608969e-01 3.305699e-01 -7.335840e-02 -5.675621e-01
4.140000e+11 6.640380e-01 3.299946e-01 9.542052e-03 -5.761589e-01
4.150000e+11 6.426167e-01 3.000019e-01 8.795450e-02 -5.614437e-01
4.160000e+11 6.054143e-01 2.490070e-01 1.511974e-01 -5.307178e-01
4.170000e+11 5.642647e-01 1.882572e-01 1.957529e-01 -4.946056e-01
4.180000e+11 5.283152e-01 1.260815e-01 2.237946e-01 -4.616670e-01
4.190000e+11 5.025051e-01 6.636894e-02 2.395144e-01 -4.367372e-01
4.200000e+11 4.887052e-01 9.753449e-03 2.466077e-01 -4.218084e-01
4.210000e+11 4.871940e-01 -4.476711e-02 2.473382e-01 -4.173460e-01
4.220000e+11 4.975169e-01 -9.862549e-02 2.424267e-01 -4.231139e-01
4.230000e+11 5.186546e-01 -1.528217e-01 2.311971e-01 -4.384016e-01
4.240000e+11 5.486351e-01 -2.071245e-01 2.118376e-01 -4.617626e-01
4.250000e+11 5.838069e-01 -2.592281e-01 1.819491e-01 -4.904343e-01
4.260000e+11 6.182651e-01 -3.041784e-01 1.396749e-01 -5.198251e-01
4.270000e+11 6.443752e-01 -3.349312e-01 8.540750e-02 -5.438254e-01
4.280000e+11 6.551950e-01 -3.448044e-01 2.316101e-02 -5.566452e-01
4.290000e+11 6.479294e-01 -3.309502e-01 -3.996104e-02 -5.555966e-01
4.300000e+11 6.256411e-01 -2.960611e-01 -9.653860e-02 -5.426370e-01
4.310000e+11 5.955205e-01 -2.466188e-01 -1.417673e-01 -5.231881e-01
4.320000e+11 5.654371e-01 -1.894107e-01 -1.743060e-01 -5.034483e-01
4.330000e+11 5.415365e-01 -1.290986e-01 -1.951042e-01 -4.883950e-01
4.340000e+11 5.277031e-01 -6.770866e-02 -2.056893e-01 -4.812255e-01
4.350000e+11 5.260446e-01 -5.305187e-03 -2.069036e-01 -4.836172e-01
4.360000e+11 5.373882e-01 5.893505e-02 -1.982234e-01 -4.960043e-01
4.370000e+11 5.612008e-01 1.254632e-01 -1.775449e-01 -5.173810e-01
4.380000e+11 5.946999e-01 1.927782e-01 -1.415848e-01 -5.444798e-01
4.390000e+11 6.314361e-01 2.556664e-01 -8.746413e-02 -5.706981e-01
4.400000e+11 6.608088e-01 3.045746e-01 -1.585840e-02 -5.862176e-01
4.410000e+11 6.710589e-01 3.285600e-01 6.587393e-02 -5.814026e-01
4.420000e+11 6.559062e-01 3.219263e-01 1.446967e-01 -5.528465e-01
4.430000e+11 6.190535e-01 2.887405e-01 2.084615e-01 -5.063595e-01
4.440000e+11 5.711839e-01 2.398425e-01 2.520816e-01 -4.529696e-01
4.450000e+11 5.231204e-01 1.860115e-01 2.776188e-01 -4.024705e-01
4.460000e+11 4.818288e-01 1.339662e-01 2.903815e-01 -3.604034e-01
4.470000e+11 4.503891e-01 8.632801e-02 2.955965e-01 -3.286648e-01
4.480000e+11 4.295358e-01 4.314638e-02 2.970884e-01 -3.072098e-01
4.490000e+11 4.190245e-01 3.257389e-03 2.972105e-01 -2.953588e-01
4.500000e+11 4.184125e-01 -3.492126e-02 2.971571e-01 -2.924845e-01
4.510000e+11 4.273775e-01 -7.299421e-02 2.972396e-01 -2.982817e-01
4.520000e+11 4.457367e-01 -1.123540e-01 2.970090e-01 -3.127993e-01
4.530000e+11 4.732346e-01 -1.539179e-01 2.952324e-01 -3.363007e-01
4.540000e+11 5.090854e-01 -1.976912e-01 2.897939e-01 -3.689250e-01
4.550000e+11 5.512586e-01 -2.420883e-01 2.776961e-01 -4.100782e-01
4.560000e+11 5.956921e-01 -2.831720e-01 2.554864e-01 -4.575909e-01
4.570000e+11 6.360622e-01 -3.144306e-01 2.204880e-01 -5.070439e-01
4.580000e+11 6.651054e-01 -3.280886e-01 1.727485e-01 -5.521603e-01
4.590000e+11 6.777601e-01 -3.182194e-01 1.165039e-01 -5.869599e-01
4.600000e+11 6.742670e-01 -2.838107e-01 5.944016e-02 -6.087318e-01
4.610000e+11 6.604142e-01 -2.289962e-01 9.789191e-03 -6.193640e-01
4.620000e+11 6.446496e-01 -1.602467e-01 -2.635141e-02 -6.238587e-01
4.630000e+11 6.346445e-01 -8.325410e-02 -4.555163e-02 -6.275090e-01
4.640000e+11 6.352918e-01 -1.781664e-03 -4.591613e-02 -6.336278e-01
4.650000e+11 6.478874e-01 8.135604e-02 -2.593183e-02 -6.422358e-01
4.660000e+11 6.694185e-01 1.620815e-01 1.539557e-02 -6.493179e-01
4.670000e+11 6.918792e-01 2.329226e-01 7.653796e-02 -6.469821e-01
4.680000e+11 7.034196e-01 2.832018e-01 1.504718e-01 -6.260623e-01
4.690000e+11 6.934743e-01 3.036429e-01 2.241761e-01 -5.817669e-01
4.700000e+11 6.595713e-01 2.929386e-01 2.837812e-01 -5.183527e-01
4.710000e+11 6.088516e-01 2.591802e-01 3.218874e-01 -4.471179e-01
4.720000e+11 5.525139e-01 2.142820e-01 3.396750e-01 -3.794414e-01
4.730000e+11 4.996289e-01 1.678024e-01 3.431608e-01 -3.220436e-01
4.740000e+11 4.550378e-01 1.248567e-01 3.388033e-01 -2.769161e-01
4.750000e+11 4.202984e-01 8.707315e-02 3.314379e-01 -2.433473e-01
4.760000e+11 3.952631e-01 5.417392e-02 3.240851e-01 -2.196975e-01
4.770000e+11 3.791971e-01 2.508779e-02 3.184355e-01 -2.043524e-01
4.780000e+11 3.713596e-01 -1.480144e-03 3.153614e-01 -1.960942e-01
4.790000e+11 3.712477e-01 -2.681784e-02 3.152680e-01 -1.941952e-01
4.800000e+11 3.786696e-01 -5.213549e-02 3.182825e-01 -1.984158e-01
4.810000e+11 3.937312e-01 -7.854330e-02 3.243174e-01 -2.089819e-01
4.820000e+11 4.167581e-01 -1.070049e-01 3.330286e-01 -2.265595e-01
4.830000e+11 4.481247e-01 -1.381998e-01 3.436730e-01 -2.522010e-01
4.840000e+11 4.879268e-01 -1.722142e-01 3.548748e-01 -2.871911e-01
4.850000e+11 5.354263e-01 -2.079850e-01 3.643545e-01 -3.326701e-01
4.860000e+11 5.882883e-01 -2.425177e-01 3.688212e-01 -3.888949e-01
4.870000e+11 6.419506e-01 -2.702221e-01 3.644439e-01 -4.541599e-01
4.880000e+11 6.899560e-01 -2.832138e-01 3.483710e-01 -5.238959e-01
4.890000e+11 7.261113e-01 -2.734874e-01 3.211011e-01 -5.910468e-01
4.900000e+11 7.478707e-01 -2.364570e-01 2.881276e-01 -6.483681e-01
4.910000e+11 7.582134e-01 -1.733384e-01 2.589537e-01 -6.912195e-01
4.920000e+11 7.637583e-01 -9.047075e-02 2.437292e-01 -7.181489e-01
4.930000e+11 7.702017e-01 2.940820e-03 2.497409e-01 -7.285819e-01
4.940000e+11 7.780560e-01 9.591214e-02 2.789266e-01 -7.199806e-01
4.950000e+11 7.810442e-01 1.756026e-01 3.260269e-01 -6.876774e-01
4.960000e+11 7.689454e-01 2.291873e-01 3.784182e-01 -6.289275e-01
4.970000e+11 7.347323e-01 2.494109e-01 4.205830e-01 -5.483937e-01
4.980000e+11 6.804698e-01 2.392347e-01 4.422435e-01 -4.585048e-01
4.990000e+11 6.157363e-01 2.095033e-01 4.428455e-01 -3.729979e-01
5.000000e+11 5.510460e-01 1.719851e-01 4.286579e-01 -3.005416e-01
5.010000e+11 4.933238e-01 1.346834e-01 4.072702e-01 -2.436386e-01
5.020000e+11 4.454697e-01 1.013480e-01 3.844172e-01 -2.009857e-01
5.030000e+11 4.078158e-01 7.292726e-02 3.634767e-01 -1.699414e-01
5.040000e+11 3.795537e-01 4.900724e-02 3.461024e-01 -1.478932e-01
5.050000e+11 3.595921e-01 2.868253e-02 3.329574e-01 -1.327521e-01
5.060000e+11 3.469572e-01 1.096389e-02 3.242295e-01 -1.230218e-01
5.070000e+11 3.409429e-01 -5.072562e-03 3.199324e-01 -1.177266e-01
5.080000e+11 3.411489e-01 -2.025498e-02 3.200654e-01 -1.163204e-01
5.090000e+11 3.474801e-01 -3.533039e-02 3.246892e-01 -1.186218e-01
5.100000e+11 3.601340e-01 -5.098759e-02 3.339546e-01 -1.247842e-01
5.110000e+11 3.795819e-01 -6.786634e-02 3.480954e-01 -1.353003e-01
5.120000e+11 4.065312e-01 -8.653002e-02 3.673819e-01 -1.510320e-01
5.130000e+11 4.418353e-01 -1.073665e-01 3.920160e-01 -1.732465e-01
5.140000e+11 4.862926e-01 -1.303605e-01 4.219358e-01 -2.036094e-01
5.150000e+11 5.402507e-01 -1.546624e-01 4.565090e-01 -2.440286e-01
5.160000e+11 6.029527e-01 -1.779154e-01 4.941538e-01 -2.961589e-01
5.170000e+11 6.717189e-01 -1.954962e-01 5.321150e-01 -3.603346e-01
5.180000e+11 7.414477e-01 -2.002894e-01 5.668847e-01 -4.339016e-01
5.190000e+11 8.052838e-01 -1.841097e-01 5.957215e-01 -5.096092e-01
5.200000e+11 8.567245e-01 -1.414515e-01 6.186668e-01 -5.755169e-01
5.210000e+11 8.914994e-01 -7.415864e-02 6.387449e-01 -6.174760e-01
5.220000e+11 9.068153e-01 6.326536e-03 6.584429e-01 -6.234797e-01
5.230000e+11 8.990372e-01 8.171435e-02 6.747858e-01 -5.884341e-01
5.240000e+11 8.645650e-01 1.345331e-01 6.790255e-01 -5.179747e-01
5.250000e+11 8.048011e-01 1.568135e-01 6.633180e-01 -4.279295e-01
5.260000e+11 7.285963e-01 1.527301e-01 6.276291e-01 -3.370575e-01
5.270000e+11 6.480944e-01 1.330270e-01 5.792403e-01 -2.584778e-01
5.280000e+11 5.729602e-01 1.077461e-01 5.271494e-01 -1.969461e-01
5.290000e+11 5.081981e-01 8.301361e-02 4.779399e-01 -1.514846e-01
5.300000e+11 4.551281e-01 6.144148e-02 4.350075e-01 -1.188905e-01
5.310000e+11 4.131127e-01 4.358294e-02 3.994730e-01 -9.583279e-02
5.320000e+11 3.808088e-01 2.907776e-02 3.712551e-01 -7.962106e-02
5.330000e+11 3.568205e-01 1.727872e-02 3.497958e-01 -6.830252e-02
5.340000e+11 3.399689e-01 7.526347e-03 3.344515e-01 -6.053424e-02
5.350000e+11 3.293728e-01 -7.568013e-04 3.246752e-01 -5.542436e-02
5.360000e+11 3.244538e-01 -8.050282e-03 3.200926e-01 -5.240357e-02
5.370000e+11 3.249191e-01 -1.474840e-02 3.205308e-01 -5.113607e-02
5.380000e+11 3.307470e-01 -2.117927e-02 3.260314e-01 -5.146418e-02
5.390000e+11 3.421818e-01 -2.762097e-02 3.368623e-01 -5.337889e-02
5.400000e+11 3.597395e-01 -3.430930e-02 3.535325e-01 -5.701018e-02
5.410000e+11 3.842186e-01 -4.143165e-02 3.768084e-01 -6.263191e-02
5.420000e+11 4.167028e-01 -4.909713e-02 4.077203e-01 -7.067455e-02
5.430000e+11 4.585235e-01 -5.726645e-02 4.475314e-01 -8.173151e-02
5.440000e+11 5.111206e-01 -6.561633e-02 4.976159e-01 -9.652542e-02
5.450000e+11 5.756888e-01 -7.331382e-02 5.591442e-01 -1.157600e-01
5.460000e+11 6.524387e-01 -7.871590e-02 6.324228e-01 -1.397191e-01
5.470000e+11 7.393038e-01 -7.915940e-02 7.157304e-01 -1.674335e-01
5.480000e+11 8.301660e-01 -7.132498e-02 8.036807e-01 -1.954115e-01
5.490000e+11 9.134063e-01 -5.291629e-02 8.857529e-01 -2.166859e-01
5.500000e+11 9.727160e-01 -2.561942e-02 9.466583e-01 -2.221667e-01
5.510000e+11 9.922690e-01 3.265947e-03 9.706789e-01 -2.058384e-01
5.520000e+11 9.651753e-01 2.427232e-02 9.496820e-01 -1.705237e-01
5.530000e+11 8.985807e-01 3.245009e-02 8.889584e-01 -1.270720e-01
5.540000e+11 8.095182e-01 2.979810e-02 8.043033e-01 -8.676413e-02
5.550000e+11 7.154564e-01 2.162718e-02 7.129770e-01 -5.544371e-02
5.560000e+11 6.280972e-01 1.239926e-02 6.270733e-01 -3.363527e-02
5.570000e+11 5.528054e-01 4.410047e-03 5.524485e-01 -1.936630e-02
5.580000e+11 4.907369e-01 -1.662214e-03 4.906260e-01 -1.029972e-02
5.590000e+11 4.409934e-01 -5.922619e-03 4.409299e-01 -4.571640e-03
