# #nu(Hz) #T #rho #c #s
0.000000e+00 1.000000e+00 0.000000e+00 1.000000e+00 0.000000e+00
1.000000e+09 5.047349e-01 2.848050e-02 5.039071e-01 4.875680e-03
2.000000e+09 3.248357e-01 4.074351e-02 3.211585e-01 2.674734e-02
3.000000e+09 4.474459e-01 9.461858e-02 4.256698e-01 1.003013e-01
4.000000e+09 9.115571e-01 8.790308e-02 7.750204e-01 4.717550e-01
5.000000e+09 6.125659e-01 -8.791267e-02 5.704069e-01 2.052907e-01
6.000000e+09 3.436350e-01 2.208858e-02 3.314601e-01 8.792777e-02
7.000000e+09 4.232312e-01 1.279724e-01 3.676549e-01 1.660650e-01
8.000000e+09 7.790044e-01 2.188405e-01 4.316527e-01 6.104364e-01
9.000000e+09 7.382887e-01 -2.219143e-01 4.782050e-01 5.168599e-01
1.000000e+10 3.890792e-01 -2.306663e-02 3.463187e-01 1.758236e-01
1.100000e+10 4.202271e-01 1.404080e-01 3.273783e-01 2.229346e-01
1.200000e+10 6.957357e-01 2.994307e-01 2.014860e-01 5.948049e-01
1.300000e+10 7.216015e-01 -2.132267e-01 1.293833e-01 6.771286e-01
1.400000e+10 4.779566e-01 -1.115101e-01 3.392564e-01 3.176682e-01
1.500000e+10 4.352079e-01 1.351530e-01 2.961315e-01 2.888698e-01
1.600000e+10 6.528104e-01 3.386349e-01 5.795792e-02 5.550934e-01
1.700000e+10 5.829935e-01 -8.234303e-02 -1.541647e-01 5.561783e-01
1.800000e+10 6.133922e-01 -2.463665e-01 2.233684e-01 5.154222e-01
1.900000e+10 4.724080e-01 1.079743e-01 2.595817e-01 3.796422e-01
2.000000e+10 6.344121e-01 3.522975e-01 -4.629985e-02 5.255678e-01
2.100000e+10 4.741632e-01 1.903329e-02 -2.634413e-01 3.937856e-01
2.200000e+10 6.820162e-01 -3.142652e-01 -7.888680e-02 6.001336e-01
2.300000e+10 5.449316e-01 4.576753e-02 1.851573e-01 5.104630e-01
2.400000e+10 6.338391e-01 3.471552e-01 -1.426068e-01 5.107823e-01
2.500000e+10 4.141584e-01 7.184983e-02 -2.984403e-01 2.780254e-01
2.600000e+10 5.776066e-01 -2.089835e-01 -3.237824e-01 4.302560e-01
2.700000e+10 6.690670e-01 -6.775633e-02 -4.272782e-03 6.656136e-01
2.800000e+10 6.520654e-01 3.222759e-01 -2.563324e-01 5.055900e-01
2.900000e+10 3.851169e-01 9.396380e-02 -3.158474e-01 1.993145e-01
3.000000e+10 4.512258e-01 -8.158273e-02 -3.773707e-01 2.335388e-01
3.100000e+10 7.961103e-01 -1.838954e-01 -3.753170e-01 6.775775e-01
3.200000e+10 6.981260e-01 2.686717e-01 -4.171741e-01 4.910816e-01
3.300000e+10 3.764066e-01 9.600227e-02 -3.362625e-01 1.392589e-01
3.400000e+10 3.763241e-01 -5.512138e-03 -3.600400e-01 1.093647e-01
3.500000e+10 7.641746e-01 -1.407661e-01 -6.563442e-01 3.651849e-01
3.600000e+10 7.895490e-01 1.688673e-01 -6.562582e-01 4.052118e-01
3.700000e+10 3.857810e-01 8.020663e-02 -3.683657e-01 8.185712e-02
3.800000e+10 3.398784e-01 3.225281e-02 -3.367836e-01 3.246351e-02
3.900000e+10 6.333093e-01 1.577540e-03 -6.319914e-01 4.080449e-02
4.000000e+10 9.215934e-01 2.765976e-02 -9.158982e-01 9.848704e-02
4.100000e+10 4.185090e-01 4.130290e-02 -4.163909e-01 7.904051e-03
4.200000e+10 3.271700e-01 4.643218e-02 -3.229309e-01 -2.449329e-02
4.300000e+10 5.411719e-01 1.054714e-01 -5.150318e-01 -1.283939e-01
4.400000e+10 9.623395e-01 -2.297129e-02 -8.630889e-01 -4.250261e-01
4.500000e+10 4.889065e-01 -3.503017e-02 -4.737692e-01 -1.155214e-01
4.600000e+10 3.325670e-01 4.265955e-02 -3.201453e-01 -7.929659e-02
4.700000e+10 4.957377e-01 1.629321e-01 -4.169004e-01 -2.130798e-01
4.800000e+10 8.391092e-01 8.971448e-02 -4.699504e-01 -6.893492e-01
4.900000e+10 6.110390e-01 -1.628630e-01 -4.837676e-01 -3.358769e-01
5.000000e+10 3.579840e-01 1.902208e-02 -3.255980e-01 -1.475691e-01
5.100000e+10 4.793329e-01 1.916233e-01 -3.467137e-01 -2.698707e-01
5.200000e+10 7.125351e-01 2.051481e-01 -1.545954e-01 -6.646208e-01
5.300000e+10 7.180229e-01 -2.753172e-01 -2.899341e-01 -5.964022e-01
5.400000e+10 4.136355e-01 -3.469269e-02 -3.279449e-01 -2.496856e-01
5.500000e+10 4.825345e-01 2.009556e-01 -2.937989e-01 -3.257891e-01
5.600000e+10 6.373294e-01 2.686815e-01 2.086240e-02 -5.775498e-01
5.700000e+10 6.545627e-01 -2.171022e-01 5.699414e-02 -6.148745e-01
5.800000e+10 5.173732e-01 -1.363343e-01 -2.856453e-01 -4.092613e-01
5.900000e+10 5.040561e-01 1.922008e-01 -2.441176e-01 -3.969106e-01
6.000000e+10 5.978613e-01 2.960099e-01 1.261235e-01 -5.038939e-01
6.100000e+10 5.161602e-01 -8.372469e-02 2.488074e-01 -4.444169e-01
6.200000e+10 6.541991e-01 -2.709025e-01 -9.507869e-02 -5.878336e-01
6.300000e+10 5.502341e-01 1.590054e-01 -1.753156e-01 -4.967286e-01
6.400000e+10 5.806401e-01 3.006876e-01 2.072131e-01 -4.514340e-01
6.500000e+10 4.227479e-01 4.877896e-03 3.030657e-01 -2.946917e-01
6.600000e+10 6.766698e-01 -2.909513e-01 2.338770e-01 -5.643855e-01
6.700000e+10 6.365239e-01 8.589392e-02 -3.943700e-02 -6.294678e-01
6.800000e+10 5.811136e-01 2.873289e-01 2.905414e-01 -4.131838e-01
6.900000e+10 3.736397e-01 4.938703e-02 3.143959e-01 -1.957621e-01
7.000000e+10 5.505237e-01 -1.622165e-01 4.034611e-01 -3.376111e-01
7.100000e+10 7.734326e-01 -3.766338e-02 2.515355e-01 -7.304172e-01
7.200000e+10 6.022015e-01 2.530744e-01 3.971038e-01 -3.753779e-01
7.300000e+10 3.517694e-01 6.686443e-02 3.209559e-01 -1.275076e-01
7.400000e+10 4.374582e-01 -4.639270e-02 4.071854e-01 -1.530276e-01
7.500000e+10 8.744175e-01 -1.251497e-01 6.594836e-01 -5.603792e-01
7.600000e+10 6.553754e-01 1.865104e-01 5.482934e-01 -3.067656e-01
7.700000e+10 3.488965e-01 6.554598e-02 3.351226e-01 -7.159157e-02
7.800000e+10 3.753250e-01 1.867143e-02 3.721841e-01 -4.471271e-02
7.900000e+10 7.994932e-01 -3.660884e-02 7.883916e-01 -1.276241e-01
