# #nu(Hz) #T #rho #c #s
0.000000e+00 1.000000e+00 0.000000e+00 1.000000e+00 0.000000e+00
1.000000e+09 9.196001e-01 -1.415074e-02 9.181490e-01 4.966497e-02
2.000000e+09 7.500326e-01 -3.524053e-02 7.464688e-01 6.396344e-02
3.000000e+09 5.899419e-01 -4.380254e-02 5.856132e-01 5.630330e-02
4.000000e+09 4.729601e-01 -4.251699e-02 4.688870e-01 4.503894e-02
5.000000e+09 3.961405e-01 -3.738225e-02 3.926851e-01 3.644507e-02
6.000000e+09 3.497119e-01 -3.129900e-02 3.469038e-01 3.125023e-02
7.000000e+09 3.262295e-01 -2.498221e-02 3.239682e-01 2.908928e-02
8.000000e+09 3.218105e-01 -1.806557e-02 3.199099e-01 2.988798e-02
9.000000e+09 3.358825e-01 -9.466099e-03 3.339857e-01 3.436526e-02
1.000000e+10 3.711685e-01 2.738535e-03 3.684587e-01 4.468495e-02
1.100000e+10 4.340655e-01 2.161105e-02 4.284850e-01 6.592691e-02
1.200000e+10 5.341385e-01 5.076226e-02 5.204228e-01 1.090288e-01
1.300000e+10 6.769457e-01 8.834879e-02 6.427194e-01 1.932918e-01
1.400000e+10 8.379757e-01 1.075211e-01 7.620833e-01 3.314687e-01
1.500000e+10 9.400723e-01 5.284306e-02 8.113421e-01 4.718765e-01
1.600000e+10 9.252442e-01 -6.628267e-02 7.724523e-01 5.049761e-01
1.700000e+10 8.183094e-01 -1.519631e-01 6.862497e-01 4.190452e-01
1.800000e+10 6.756726e-01 -1.645520e-01 5.827516e-01 2.997611e-01
1.900000e+10 5.456595e-01 -1.374839e-01 4.860685e-01 2.063487e-01
2.000000e+10 4.488327e-01 -1.031394e-01 4.111708e-01 1.474844e-01
2.100000e+10 3.850183e-01 -7.307155e-02 3.604611e-01 1.138749e-01
2.200000e+10 3.481641e-01 -4.811029e-02 3.309806e-01 9.672392e-02
2.300000e+10 3.334162e-01 -2.583564e-02 3.196578e-01 9.120202e-02
2.400000e+10 3.389618e-01 -2.895682e-03 3.250570e-01 9.604517e-02
2.500000e+10 3.664505e-01 2.488908e-02 3.475494e-01 1.134722e-01
2.600000e+10 4.212259e-01 6.290556e-02 3.883814e-01 1.504461e-01
2.700000e+10 5.109744e-01 1.164013e-01 4.457112e-01 2.211041e-01
2.800000e+10 6.358971e-01 1.805061e-01 5.028412e-01 3.448672e-01
2.900000e+10 7.620795e-01 2.140717e-01 5.154757e-01 5.188673e-01
3.000000e+10 8.251079e-01 1.472257e-01 4.567291e-01 6.712125e-01
3.100000e+10 8.217768e-01 -1.286691e-02 3.917725e-01 7.222644e-01
3.200000e+10 7.939910e-01 -1.730973e-01 3.841384e-01 6.729759e-01
3.300000e+10 7.364482e-01 -2.567194e-01 4.085172e-01 5.563856e-01
3.400000e+10 6.404911e-01 -2.518707e-01 4.139386e-01 4.188614e-01
3.500000e+10 5.352787e-01 -2.007420e-01 3.913481e-01 3.050780e-01
3.600000e+10 4.499821e-01 -1.430522e-01 3.596596e-01 2.294884e-01
3.700000e+10 3.933163e-01 -9.316779e-02 3.337823e-01 1.860291e-01
3.800000e+10 3.636381e-01 -5.083193e-02 3.194851e-01 1.660664e-01
3.900000e+10 3.585504e-01 -1.105675e-02 3.181470e-01 1.649808e-01
4.000000e+10 3.785667e-01 3.271209e-02 3.296228e-01 1.832797e-01
4.100000e+10 4.279156e-01 8.813072e-02 3.516921e-01 2.272827e-01
4.200000e+10 5.119103e-01 1.614004e-01 3.746564e-01 3.092485e-01
4.300000e+10 6.228471e-01 2.432506e-01 3.699139e-01 4.380998e-01
4.400000e+10 7.130180e-01 2.818191e-01 2.951918e-01 5.846661e-01
4.500000e+10 7.260475e-01 2.140721e-01 1.644988e-01 6.739868e-01
4.600000e+10 6.933360e-01 6.444157e-02 6.508387e-02 6.872599e-01
4.700000e+10 6.792700e-01 -1.003138e-01 4.518124e-02 6.703011e-01
4.800000e+10 6.905613e-01 -2.387973e-01 9.761637e-02 6.405637e-01
4.900000e+10 6.857235e-01 -3.141859e-01 1.881493e-01 5.797446e-01
5.000000e+10 6.315871e-01 -3.064499e-01 2.658370e-01 4.840675e-01
5.100000e+10 5.471293e-01 -2.438353e-01 3.029451e-01 3.848625e-01
5.200000e+10 4.700863e-01 -1.685537e-01 3.101495e-01 3.104482e-01
5.300000e+10 4.192591e-01 -9.976632e-02 3.071677e-01 2.673441e-01
5.400000e+10 3.983687e-01 -3.751484e-02 3.055807e-01 2.528057e-01
5.500000e+10 4.082103e-01 2.575660e-02 3.088564e-01 2.656689e-01
5.600000e+10 4.517741e-01 9.983767e-02 3.132540e-01 3.098455e-01
5.700000e+10 5.310588e-01 1.910706e-01 3.031140e-01 3.919661e-01
5.800000e+10 6.283442e-01 2.834797e-01 2.449040e-01 5.044578e-01
5.900000e+10 6.835620e-01 3.162831e-01 1.151614e-01 5.949453e-01
6.000000e+10 6.547040e-01 2.442315e-01 -3.403233e-02 6.064899e-01
6.100000e+10 5.939061e-01 1.135941e-01 -1.289733e-01 5.684952e-01
6.200000e+10 5.624783e-01 -2.172983e-02 -1.606120e-01 5.386218e-01
6.300000e+10 5.759483e-01 -1.489647e-01 -1.438332e-01 5.374364e-01
6.400000e+10 6.193703e-01 -2.626626e-01 -8.249520e-02 5.548175e-01
6.500000e+10 6.535410e-01 -3.361746e-01 1.867585e-02 5.601372e-01
6.600000e+10 6.371509e-01 -3.361608e-01 1.292931e-01 5.255859e-01
6.700000e+10 5.750005e-01 -2.707758e-01 2.096289e-01 4.619111e-01
6.800000e+10 5.080866e-01 -1.803553e-01 2.509343e-01 4.033062e-01
6.900000e+10 4.661554e-01 -8.982941e-02 2.675339e-01 3.710217e-01
7.000000e+10 4.602441e-01 -5.851657e-04 2.711812e-01 3.718670e-01
7.100000e+10 4.944665e-01 9.645978e-02 2.609902e-01 4.087503e-01
7.200000e+10 5.665167e-01 2.063089e-01 2.192884e-01 4.798859e-01
7.300000e+10 6.464223e-01 3.042475e-01 1.169671e-01 5.582240e-01
7.400000e+10 6.659927e-01 3.247060e-01 -3.800349e-02 5.802310e-01
7.500000e+10 6.045810e-01 2.471678e-01 -1.700755e-01 5.248815e-01
7.600000e+10 5.261750e-01 1.332726e-01 -2.367964e-01 4.505841e-01
7.700000e+10 4.795030e-01 2.677070e-02 -2.584445e-01 4.030048e-01
7.800000e+10 4.746116e-01 -6.948036e-02 -2.583323e-01 3.920370e-01
7.900000e+10 5.082969e-01 -1.643627e-01 -2.421979e-01 4.155609e-01
8.000000e+10 5.700781e-01 -2.589593e-01 -2.010806e-01 4.663643e-01
8.100000e+10 6.318747e-01 -3.318876e-01 -1.215326e-01 5.237805e-01
8.200000e+10 6.514486e-01 -3.431872e-01 -1.052709e-02 5.536217e-01
8.300000e+10 6.175301e-01 -2.798961e-01 9.362616e-02 5.424350e-01
8.400000e+10 5.678613e-01 -1.737481e-01 1.599015e-01 5.164393e-01
8.500000e+10 5.430646e-01 -5.445535e-02 1.852377e-01 5.075833e-01
8.600000e+10 5.617846e-01 7.214871e-02 1.707640e-01 5.303170e-01
8.700000e+10 6.201932e-01 2.036734e-01 1.032716e-01 5.766210e-01
8.800000e+10 6.752591e-01 3.044484e-01 -2.889416e-02 6.020392e-01
8.900000e+10 6.573225e-01 3.109398e-01 -1.798995e-01 5.504775e-01
9.000000e+10 5.705545e-01 2.308398e-01 -2.728706e-01 4.447325e-01
9.100000e+10 4.821598e-01 1.323287e-01 -3.027650e-01 3.511417e-01
9.200000e+10 4.268054e-01 4.859521e-02 -3.048687e-01 2.947142e-01
9.300000e+10 4.074333e-01 -2.147847e-02 -3.019168e-01 2.727394e-01
9.400000e+10 4.207827e-01 -8.773731e-02 -3.012727e-01 2.803480e-01
9.500000e+10 4.651997e-01 -1.588906e-01 -3.009944e-01 3.171228e-01
9.600000e+10 5.370853e-01 -2.368141e-01 -2.905425e-01 3.846618e-01
9.700000e+10 6.192810e-01 -3.055837e-01 -2.509825e-01 4.765872e-01
9.800000e+10 6.744868e-01 -3.251509e-01 -1.702768e-01 5.658756e-01
9.900000e+10 6.783271e-01 -2.638855e-01 -7.235299e-02 6.206908e-01
1.000000e+11 6.588534e-01 -1.378020e-01 -5.510513e-03 6.442578e-01
1.010000e+11 6.619593e-01 1.837899e-02 -2.426837e-03 6.616996e-01
1.020000e+11 6.978845e-01 1.752640e-01 -7.728524e-02 6.710830e-01
1.030000e+11 7.173708e-01 2.790890e-01 -2.114381e-01 6.261183e-01
1.040000e+11 6.592362e-01 2.753110e-01 -3.246116e-01 5.034119e-01
1.050000e+11 5.514823e-01 1.987979e-01 -3.621877e-01 3.652837e-01
1.060000e+11 4.566071e-01 1.164858e-01 -3.521683e-01 2.662679e-01
1.070000e+11 3.961614e-01 5.175917e-02 -3.321762e-01 2.095801e-01
1.080000e+11 3.676854e-01 1.531642e-03 -3.187525e-01 1.832678e-01
1.090000e+11 3.662086e-01 -4.231537e-02 -3.165822e-01 1.791475e-01
1.100000e+11 3.900816e-01 -8.720950e-02 -3.263151e-01 1.951323e-01
1.110000e+11 4.408571e-01 -1.390108e-01 -3.464229e-01 2.345680e-01
1.120000e+11 5.200019e-01 -1.993957e-01 -3.709791e-01 3.049882e-01
1.130000e+11 6.198861e-01 -2.568907e-01 -3.851651e-01 4.122059e-01
1.140000e+11 7.126460e-01 -2.750900e-01 -3.690630e-01 5.440425e-01
1.150000e+11 7.666839e-01 -2.095181e-01 -3.275680e-01 6.607613e-01
1.160000e+11 7.904018e-01 -6.089333e-02 -3.109288e-01 7.241204e-01
1.170000e+11 8.059128e-01 1.121363e-01 -3.632274e-01 7.106243e-01
1.180000e+11 7.797135e-01 2.196673e-01 -4.501915e-01 5.975174e-01
1.190000e+11 6.779505e-01 2.143410e-01 -4.837203e-01 4.238981e-01
1.200000e+11 5.500140e-01 1.502436e-01 -4.508118e-01 2.769675e-01
1.210000e+11 4.483136e-01 8.712510e-02 -3.984308e-01 1.861377e-01
1.220000e+11 3.830506e-01 4.053697e-02 -3.554518e-01 1.368887e-01
1.230000e+11 3.478674e-01 6.834344e-03 -3.290790e-01 1.125700e-01
1.240000e+11 3.364415e-01 -2.008859e-02 -3.193785e-01 1.038592e-01
1.250000e+11 3.460118e-01 -4.525051e-02 -3.258710e-01 1.071664e-01
1.260000e+11 3.774236e-01 -7.268982e-02 -3.493387e-01 1.229929e-01
1.270000e+11 4.346533e-01 -1.055711e-01 -3.918324e-01 1.557099e-01
1.280000e+11 5.231358e-01 -1.443407e-01 -4.550232e-01 2.139875e-01
1.290000e+11 6.435605e-01 -1.798484e-01 -5.354843e-01 3.083524e-01
1.300000e+11 7.786654e-01 -1.816331e-01 -6.190658e-01 4.359894e-01
1.310000e+11 8.881474e-01 -1.077821e-01 -6.892903e-01 5.496068e-01
1.320000e+11 9.290237e-01 2.660551e-02 -7.398058e-01 5.613061e-01
1.330000e+11 8.677052e-01 1.204865e-01 -7.384203e-01 4.394663e-01
1.340000e+11 7.232610e-01 1.212071e-01 -6.573212e-01 2.763043e-01
1.350000e+11 5.727243e-01 7.989242e-02 -5.439864e-01 1.603408e-01
1.360000e+11 4.600544e-01 4.145060e-02 -4.478019e-01 9.698128e-02
1.370000e+11 3.870928e-01 1.505202e-02 -3.813110e-01 6.493219e-02
1.380000e+11 3.445745e-01 -2.358421e-03 -3.410527e-01 4.908214e-02
1.390000e+11 3.249936e-01 -1.467172e-02 -3.219439e-01 4.192511e-02
1.400000e+11 3.245615e-01 -2.461340e-02 -3.211214e-01 4.019215e-02
1.410000e+11 3.429122e-01 -3.393959e-02 -3.385298e-01 4.283046e-02
1.420000e+11 3.829509e-01 -4.370997e-02 -3.771236e-01 5.018602e-02
1.430000e+11 4.510262e-01 -5.408446e-02 -4.432107e-01 6.374795e-02
1.440000e+11 5.562477e-01 -6.308485e-02 -5.459902e-01 8.559470e-02
1.450000e+11 7.043938e-01 -6.382864e-02 -6.919970e-01 1.150508e-01
1.460000e+11 8.757831e-01 -4.449014e-02 -8.637211e-01 1.378498e-01
1.470000e+11 9.910906e-01 -8.094750e-03 -9.837685e-01 1.199775e-01
1.480000e+11 9.551093e-01 8.835735e-03 -9.533318e-01 5.756872e-02
1.490000e+11 7.981029e-01 -4.239764e-03 -7.980804e-01 4.242949e-03
1.500000e+11 6.283630e-01 -2.020189e-02 -6.277979e-01 -1.737035e-02
1.510000e+11 4.987045e-01 -2.755840e-02 -4.974775e-01 -2.151183e-02
1.520000e+11 4.120299e-01 -2.868789e-02 -4.105250e-01 -2.036926e-02
1.530000e+11 3.585086e-01 -2.691689e-02 -3.570096e-01 -1.865525e-02
1.540000e+11 3.295868e-01 -2.386880e-02 -3.282385e-01 -1.781088e-02
1.550000e+11 3.203485e-01 -1.992683e-02 -3.191979e-01 -1.840719e-02
1.560000e+11 3.292910e-01 -1.467074e-02 -3.282853e-01 -2.112086e-02
1.570000e+11 3.581375e-01 -6.916881e-03 -3.570213e-01 -2.739332e-02
1.580000e+11 4.121366e-01 5.528156e-03 -4.101051e-01 -4.049471e-02
1.590000e+11 5.002247e-01 2.591163e-02 -4.949385e-01 -6.774341e-02
1.600000e+11 6.315016e-01 5.592509e-02 -6.166901e-01 -1.239352e-01
1.610000e+11 7.970075e-01 8.309732e-02 -7.591660e-01 -2.279975e-01
1.620000e+11 9.346228e-01 6.315755e-02 -8.586677e-01 -3.636217e-01
1.630000e+11 9.571898e-01 -2.840066e-02 -8.517783e-01 -4.357515e-01
1.640000e+11 8.608739e-01 -1.180664e-01 -7.596433e-01 -3.874354e-01
1.650000e+11 7.120442e-01 -1.447332e-01 -6.365405e-01 -2.843861e-01
1.660000e+11 5.716458e-01 -1.275004e-01 -5.217643e-01 -1.956645e-01
1.670000e+11 4.655505e-01 -9.860580e-02 -4.335781e-01 -1.379281e-01
1.680000e+11 3.945576e-01 -7.187345e-02 -3.736574e-01 -1.043556e-01
1.690000e+11 3.520222e-01 -4.954342e-02 -3.376009e-01 -8.654913e-02
1.700000e+11 3.321912e-01 -3.000278e-02 -3.211408e-01 -7.949462e-02
1.710000e+11 3.323137e-01 -1.056009e-02 -3.220153e-01 -8.140627e-02
1.720000e+11 3.529919e-01 1.219127e-02 -3.401776e-01 -9.345514e-02
1.730000e+11 3.984410e-01 4.276995e-02 -3.773289e-01 -1.206186e-01
1.740000e+11 4.762268e-01 8.657457e-02 -4.347579e-01 -1.740184e-01
1.750000e+11 5.922295e-01 1.446956e-01 -5.054067e-01 -2.726960e-01
1.760000e+11 7.302602e-01 1.938553e-01 -5.571197e-01 -4.304855e-01
1.770000e+11 8.304709e-01 1.681370e-01 -5.420202e-01 -6.063217e-01
1.780000e+11 8.516446e-01 3.388261e-02 -4.814834e-01 -7.016582e-01
1.790000e+11 8.248840e-01 -1.318166e-01 -4.517979e-01 -6.774486e-01
1.800000e+11 7.636285e-01 -2.334186e-01 -4.558936e-01 -5.663967e-01
1.810000e+11 6.637938e-01 -2.435396e-01 -4.478595e-01 -4.251265e-01
1.820000e+11 5.527931e-01 -2.000534e-01 -4.150912e-01 -3.053820e-01
1.830000e+11 4.610039e-01 -1.456318e-01 -3.751377e-01 -2.249172e-01
1.840000e+11 3.983165e-01 -9.775604e-02 -3.427682e-01 -1.777914e-01
1.850000e+11 3.629973e-01 -5.772531e-02 -3.234085e-01 -1.544078e-01
1.860000e+11 3.518837e-01 -2.141401e-02 -3.180535e-01 -1.490151e-01
1.870000e+11 3.644102e-01 1.690479e-02 -3.266060e-01 -1.607404e-01
1.880000e+11 4.037368e-01 6.409990e-02 -3.482083e-01 -1.940248e-01
1.890000e+11 4.758799e-01 1.273384e-01 -3.779240e-01 -2.596537e-01
1.900000e+11 5.817142e-01 2.061932e-01 -3.970213e-01 -3.718197e-01
1.910000e+11 6.924061e-01 2.679600e-01 -3.640615e-01 -5.244834e-01
1.920000e+11 7.435733e-01 2.418261e-01 -2.565360e-01 -6.546836e-01
1.930000e+11 7.258748e-01 1.112532e-01 -1.411688e-01 -7.032697e-01
1.940000e+11 7.042056e-01 -5.834993e-02 -9.548091e-02 -6.952583e-01
1.950000e+11 7.062014e-01 -2.093874e-01 -1.295924e-01 -6.618785e-01
1.960000e+11 6.988842e-01 -2.996685e-01 -2.101231e-01 -5.953875e-01
1.970000e+11 6.453769e-01 -3.048387e-01 -2.833178e-01 -4.932705e-01
1.980000e+11 5.587897e-01 -2.492337e-01 -3.171710e-01 -3.866924e-01
1.990000e+11 4.767650e-01 -1.768279e-01 -3.205342e-01 -3.054417e-01
2.000000e+11 4.198334e-01 -1.101191e-01 -3.137044e-01 -2.563658e-01
2.010000e+11 3.920396e-01 -5.115228e-02 -3.090871e-01 -2.356770e-01
2.020000e+11 3.933906e-01 6.435681e-03 -3.111287e-01 -2.406526e-01
2.030000e+11 4.260216e-01 7.177136e-02 -3.184961e-01 -2.736850e-01
2.040000e+11 4.938602e-01 1.534097e-01 -3.213453e-01 -3.421996e-01
2.050000e+11 5.911086e-01 2.475657e-01 -2.931595e-01 -4.496423e-01
2.060000e+11 6.749949e-01 3.110144e-01 -1.969975e-01 -5.657562e-01
2.070000e+11 6.820579e-01 2.773321e-01 -4.739112e-02 -6.213243e-01
2.080000e+11 6.288505e-01 1.574729e-01 7.427009e-02 -6.042674e-01
2.090000e+11 5.866231e-01 1.528927e-02 1.281450e-01 -5.722515e-01
2.100000e+11 5.877084e-01 -1.207440e-01 1.235177e-01 -5.617521e-01
2.110000e+11 6.234419e-01 -2.426605e-01 6.895255e-02 -5.701239e-01
2.120000e+11 6.567284e-01 -3.265532e-01 -2.822996e-02 -5.690854e-01
2.130000e+11 6.433398e-01 -3.381833e-01 -1.377929e-01 -5.296521e-01
2.140000e+11 5.814097e-01 -2.808094e-01 -2.184923e-01 -4.598309e-01
2.150000e+11 5.100625e-01 -1.944871e-01 -2.594639e-01 -3.937220e-01
2.160000e+11 4.607317e-01 -1.075834e-01 -2.754912e-01 -3.532762e-01
2.170000e+11 4.451217e-01 -2.417251e-02 -2.804923e-01 -3.447798e-01
2.180000e+11 4.673471e-01 6.395433e-02 -2.773500e-01 -3.706753e-01
2.190000e+11 5.288988e-01 1.656744e-01 -2.545004e-01 -4.330306e-01
2.200000e+11 6.151065e-01 2.718511e-01 -1.836729e-01 -5.203050e-01
2.210000e+11 6.696925e-01 3.291032e-01 -4.639298e-02 -5.814008e-01
2.220000e+11 6.388454e-01 2.840096e-01 1.058493e-01 -5.623681e-01
2.230000e+11 5.617182e-01 1.736461e-01 2.020605e-01 -4.945159e-01
2.240000e+11 5.033022e-01 5.830867e-02 2.405854e-01 -4.382144e-01
2.250000e+11 4.865355e-01 -4.609781e-02 2.469848e-01 -4.166417e-01
2.260000e+11 5.109762e-01 -1.462565e-01 2.327275e-01 -4.307478e-01
2.270000e+11 5.668048e-01 -2.452951e-01 1.924617e-01 -4.733461e-01
2.280000e+11 6.275434e-01 -3.254292e-01 1.141275e-01 -5.242914e-01
2.290000e+11 6.502732e-01 -3.477142e-01 3.298981e-03 -5.494899e-01
2.300000e+11 6.175513e-01 -2.946161e-01 -1.030622e-01 -5.328688e-01
2.310000e+11 5.629543e-01 -1.955363e-01 -1.729392e-01 -4.987737e-01
2.320000e+11 5.280991e-01 -8.316632e-02 -2.040664e-01 -4.799259e-01
2.330000e+11 5.339384e-01 3.458029e-02 -2.019070e-01 -4.930802e-01
2.340000e+11 5.836256e-01 1.607492e-01 -1.582199e-01 -5.382797e-01
2.350000e+11 6.522975e-01 2.777160e-01 -5.279135e-02 -5.878596e-01
2.360000e+11 6.728142e-01 3.247140e-01 1.014117e-01 -5.804786e-01
2.370000e+11 6.091407e-01 2.695113e-01 2.277138e-01 -4.965506e-01
2.380000e+11 5.169317e-01 1.690012e-01 2.844777e-01 -3.971516e-01
2.390000e+11 4.496396e-01 7.542203e-02 2.978862e-01 -3.282546e-01
2.400000e+11 4.196248e-01 -2.642071e-03 2.974787e-01 -2.959466e-01
2.410000e+11 4.246251e-01 -7.380395e-02 2.956541e-01 -2.957163e-01
2.420000e+11 4.621908e-01 -1.477671e-01 2.927581e-01 -3.256960e-01
2.430000e+11 5.286444e-01 -2.282566e-01 2.795953e-01 -3.862516e-01
2.440000e+11 6.083277e-01 -3.024880e-01 2.382135e-01 -4.709755e-01
2.450000e+11 6.648174e-01 -3.329234e-01 1.556189e-01 -5.540098e-01
2.460000e+11 6.689605e-01 -2.850740e-01 5.235783e-02 -6.029093e-01
2.470000e+11 6.428640e-01 -1.708304e-01 -2.551997e-02 -6.192252e-01
2.480000e+11 6.340737e-01 -2.459012e-02 -4.737972e-02 -6.318227e-01
2.490000e+11 6.645679e-01 1.308781e-01 1.196993e-03 -6.515520e-01
2.500000e+11 7.052882e-01 2.595837e-01 1.215647e-01 -6.444142e-01
2.510000e+11 6.854207e-01 2.969070e-01 2.603992e-01 -5.602143e-01
2.520000e+11 5.924025e-01 2.373341e-01 3.367330e-01 -4.257043e-01
2.530000e+11 4.899064e-01 1.492597e-01 3.474909e-01 -3.114159e-01
2.540000e+11 4.176730e-01 7.452711e-02 3.333662e-01 -2.403401e-01
2.550000e+11 3.796375e-01 1.670555e-02 3.194797e-01 -2.043973e-01
2.560000e+11 3.708878e-01 -3.198763e-02 3.144706e-01 -1.940176e-01
2.570000e+11 3.886525e-01 -7.983183e-02 3.201446e-01 -2.053901e-01
2.580000e+11 4.335470e-01 -1.335930e-01 3.351172e-01 -2.404421e-01
2.590000e+11 5.067563e-01 -1.962696e-01 3.534847e-01 -3.054975e-01
2.600000e+11 6.016329e-01 -2.590593e-01 3.607201e-01 -4.058713e-01
2.610000e+11 6.917898e-01 -2.890224e-01 3.363168e-01 -5.309710e-01
2.620000e+11 7.432239e-01 -2.407237e-01 2.811949e-01 -6.444869e-01
2.630000e+11 7.608311e-01 -1.067853e-01 2.419550e-01 -7.133853e-01
2.640000e+11 7.779939e-01 6.800878e-02 2.717139e-01 -7.258242e-01
2.650000e+11 7.806324e-01 2.081097e-01 3.664380e-01 -6.571153e-01
2.660000e+11 7.134025e-01 2.412032e-01 4.437452e-01 -5.038395e-01
2.670000e+11 5.920167e-01 1.867645e-01 4.461638e-01 -3.413805e-01
2.680000e+11 4.800116e-01 1.157315e-01 4.058398e-01 -2.287169e-01
2.690000e+11 4.032567e-01 5.959809e-02 3.633136e-01 -1.645214e-01
2.700000e+11 3.593356e-01 1.893656e-02 3.338688e-01 -1.315110e-01
2.710000e+11 3.414099e-01 -1.261440e-02 3.201822e-01 -1.178344e-01
2.720000e+11 3.455730e-01 -4.094859e-02 3.221398e-01 -1.181942e-01
2.730000e+11 3.716494e-01 -7.084242e-02 3.400865e-01 -1.320827e-01
2.740000e+11 4.227363e-01 -1.061732e-01 3.752359e-01 -1.631908e-01
2.750000e+11 5.036466e-01 -1.485272e-01 4.281708e-01 -2.197029e-01
2.760000e+11 6.153607e-01 -1.910651e-01 4.944746e-01 -3.125024e-01
2.770000e+11 7.428330e-01 -2.062857e-01 5.597371e-01 -4.426527e-01
2.780000e+11 8.502617e-01 -1.484872e-01 6.098989e-01 -5.735154e-01
2.790000e+11 9.053067e-01 -1.160934e-02 6.543489e-01 -6.255182e-01
2.800000e+11 8.818264e-01 1.176775e-01 6.865552e-01 -5.407512e-01
2.810000e+11 7.663484e-01 1.504060e-01 6.538727e-01 -3.702951e-01
2.820000e+11 6.153222e-01 1.126332e-01 5.622868e-01 -2.230889e-01
2.830000e+11 4.905290e-01 6.546337e-02 4.669990e-01 -1.350748e-01
2.840000e+11 4.063446e-01 3.045201e-02 3.953063e-01 -8.900330e-02
2.850000e+11 3.556296e-01 6.912141e-03 3.494226e-01 -6.579128e-02
2.860000e+11 3.300061e-01 -9.636648e-03 3.252683e-01 -5.487906e-02
2.870000e+11 3.245600e-01 -2.278201e-02 3.196454e-01 -5.144907e-02
2.880000e+11 3.379498e-01 -3.499148e-02 3.317977e-01 -5.381393e-02
2.890000e+11 3.721372e-01 -4.798567e-02 3.637375e-01 -6.227764e-02
2.900000e+11 4.324283e-01 -6.272785e-02 4.205117e-01 -7.892627e-02
2.910000e+11 5.270319e-01 -7.830975e-02 5.099478e-01 -1.076264e-01
2.920000e+11 6.627894e-01 -8.847174e-02 6.390261e-01 -1.520140e-01
2.930000e+11 8.289057e-01 -7.705261e-02 7.995020e-01 -2.048028e-01
2.940000e+11 9.662419e-01 -3.050860e-02 9.386231e-01 -2.273309e-01
2.950000e+11 9.769351e-01 1.920886e-02 9.607009e-01 -1.763150e-01
2.960000e+11 8.455139e-01 2.616120e-02 8.401887e-01 -9.106130e-02
2.970000e+11 6.713169e-01 7.540117e-03 6.704203e-01 -3.385558e-02
2.980000e+11 5.287341e-01 -8.740630e-03 5.285944e-01 -8.447845e-03
2.990000e+11 4.310140e-01 -1.724176e-02 4.306676e-01 1.098098e-03
