# #nu(Hz) #T #rho #c #s
0.000000e+00 1.000000e+00 0.000000e+00 1.000000e+00 0.000000e+00
1.000000e+09 9.634649e-01 -7.904211e-03 9.625671e-01 4.082527e-02
2.000000e+09 8.708623e-01 -2.515463e-02 8.680228e-01 6.561124e-02
3.000000e+09 7.564535e-01 -4.080610e-02 7.518949e-01 7.218651e-02
4.000000e+09 6.468727e-01 -4.972813e-02 6.413983e-01 6.767300e-02
5.000000e+09 5.542011e-01 -5.244051e-02 5.485370e-01 5.912689e-02
6.000000e+09 4.808076e-01 -5.122710e-02 4.754028e-01 5.043775e-02
7.000000e+09 4.248947e-01 -4.802712e-02 4.199657e-01 4.310149e-02
8.000000e+09 3.836091e-01 -4.401595e-02 3.792307e-01 3.745119e-02
9.000000e+09 3.543202e-01 -3.977204e-02 3.504932e-01 3.339872e-02
1.000000e+10 3.350109e-01 -3.550039e-02 3.317002e-01 3.077283e-02
1.100000e+10 3.243288e-01 -3.118177e-02 3.214797e-01 2.945547e-02
1.200000e+10 3.215444e-01 -2.664707e-02 3.190830e-01 2.944117e-02
1.300000e+10 3.265132e-01 -2.159796e-02 3.243311e-01 3.088249e-02
1.400000e+10 3.396750e-01 -1.558971e-02 3.375935e-01 3.415732e-02
1.500000e+10 3.620980e-01 -7.987184e-03 3.597943e-01 3.998967e-02
1.600000e+10 3.955487e-01 2.088252e-03 3.924129e-01 4.966447e-02
1.700000e+10 4.425168e-01 1.576505e-02 4.373753e-01 6.538658e-02
1.800000e+10 5.059720e-01 3.420954e-02 4.965814e-01 9.079846e-02
1.900000e+10 5.883031e-01 5.775915e-02 5.705180e-01 1.314292e-01
2.000000e+10 6.884200e-01 8.362566e-02 6.552030e-01 1.940046e-01
2.100000e+10 7.964748e-01 1.020377e-01 7.378845e-01 2.819340e-01
2.200000e+10 8.901133e-01 9.515450e-02 7.968655e-01 3.850358e-01
2.300000e+10 9.426143e-01 4.864802e-02 8.140011e-01 4.728185e-01
2.400000e+10 9.416752e-01 -2.844137e-02 7.906532e-01 5.106964e-01
2.500000e+10 8.946572e-01 -1.053279e-01 7.421051e-01 4.884645e-01
2.600000e+10 8.171529e-01 -1.554447e-01 6.807963e-01 4.243727e-01
2.700000e+10 7.253911e-01 -1.726649e-01 6.137808e-01 3.459078e-01
2.800000e+10 6.336580e-01 -1.659020e-01 5.471916e-01 2.730940e-01
2.900000e+10 5.516600e-01 -1.471103e-01 4.865115e-01 2.144619e-01
3.000000e+10 4.837471e-01 -1.247498e-01 4.350654e-01 1.707831e-01
3.100000e+10 4.304509e-01 -1.030825e-01 3.939016e-01 1.396548e-01
3.200000e+10 3.904873e-01 -8.360082e-02 3.626639e-01 1.181785e-01
3.300000e+10 3.621179e-01 -6.638635e-02 3.404557e-01 1.039813e-01
3.400000e+10 3.438233e-01 -5.090572e-02 3.263688e-01 9.542785e-02
3.500000e+10 3.345695e-01 -3.637224e-02 3.197328e-01 9.156830e-02
3.600000e+10 3.338977e-01 -2.186250e-02 3.202094e-01 9.206306e-02
3.700000e+10 3.419662e-01 -6.309127e-03 3.278089e-01 9.717223e-02
3.800000e+10 3.595977e-01 1.156323e-02 3.428489e-01 1.078491e-01
3.900000e+10 3.883240e-01 3.330125e-02 3.658136e-01 1.259641e-01
4.000000e+10 4.303333e-01 6.067005e-02 3.969708e-01 1.546614e-01
4.100000e+10 4.880168e-01 9.518312e-02 4.354480e-01 1.987097e-01
4.200000e+10 5.624284e-01 1.365441e-01 4.773508e-01 2.642304e-01
4.300000e+10 6.497259e-01 1.791158e-01 5.130784e-01 3.561064e-01
4.400000e+10 7.364781e-01 2.074170e-01 5.269148e-01 4.708917e-01
4.500000e+10 8.010727e-01 1.981178e-01 5.060044e-01 5.885800e-01
4.600000e+10 8.291707e-01 1.368916e-01 4.571114e-01 6.781105e-01
4.700000e+10 8.274540e-01 3.479651e-02 4.071571e-01 7.195085e-01
4.800000e+10 8.122290e-01 -7.967536e-02 3.799432e-01 7.134500e-01
4.900000e+10 7.901726e-01 -1.786676e-01 3.795713e-01 6.696091e-01
5.000000e+10 7.564322e-01 -2.435082e-01 3.938422e-01 5.981486e-01
5.100000e+10 7.058373e-01 -2.679645e-01 4.063728e-01 5.111383e-01
5.200000e+10 6.414616e-01 -2.586214e-01 4.072903e-01 4.227323e-01
5.300000e+10 5.727995e-01 -2.290601e-01 3.962076e-01 3.444564e-01
5.400000e+10 5.090893e-01 -1.918562e-01 3.781097e-01 2.817732e-01
5.500000e+10 4.556664e-01 -1.546936e-01 3.584383e-01 2.349973e-01
5.600000e+10 4.142779e-01 -1.207620e-01 3.409384e-01 2.019992e-01
5.700000e+10 3.847333e-01 -9.052812e-02 3.276267e-01 1.802362e-01
5.800000e+10 3.662453e-01 -6.314406e-02 3.194161e-01 1.676956e-01
5.900000e+10 3.581798e-01 -3.719097e-02 3.166648e-01 1.631961e-01
6.000000e+10 3.604164e-01 -1.096000e-02 3.194836e-01 1.664635e-01
6.100000e+10 3.735166e-01 1.750292e-02 3.278010e-01 1.781987e-01
6.200000e+10 3.987700e-01 5.040705e-02 3.411602e-01 2.002157e-01
6.300000e+10 4.380109e-01 9.004952e-02 3.581119e-01 2.355854e-01
6.400000e+10 4.927857e-01 1.380011e-01 3.749654e-01 2.884344e-01
6.500000e+10 5.620252e-01 1.927795e-01 3.838984e-01 3.623954e-01
6.600000e+10 6.376616e-01 2.454498e-01 3.719942e-01 4.560559e-01
6.700000e+10 7.014178e-01 2.763951e-01 3.261665e-01 5.560649e-01
6.800000e+10 7.325989e-01 2.631343e-01 2.470633e-01 6.375117e-01
6.900000e+10 7.273734e-01 1.997874e-01 1.572067e-01 6.815006e-01
7.000000e+10 7.038530e-01 1.027296e-01 8.546143e-02 6.910514e-01
7.100000e+10 6.839142e-01 -6.212813e-03 4.755268e-02 6.822307e-01
7.200000e+10 6.780262e-01 -1.123299e-01 4.524823e-02 6.671238e-01
7.300000e+10 6.837200e-01 -2.061113e-01 7.363213e-02 6.477418e-01
7.400000e+10 6.896538e-01 -2.778866e-01 1.239685e-01 6.188968e-01
7.500000e+10 6.819947e-01 -3.178713e-01 1.833704e-01 5.748478e-01
7.600000e+10 6.529122e-01 -3.220692e-01 2.372978e-01 5.159996e-01
7.700000e+10 6.055580e-01 -2.965399e-01 2.757807e-01 4.502327e-01
7.800000e+10 5.504337e-01 -2.537246e-01 2.971066e-01 3.877225e-01
7.900000e+10 4.979767e-01 -2.051495e-01 3.055117e-01 3.354953e-01
8.000000e+10 4.546310e-01 -1.576000e-01 3.067494e-01 2.962371e-01
8.100000e+10 4.231223e-01 -1.134319e-01 3.054577e-01 2.699282e-01
8.200000e+10 4.041835e-01 -7.225816e-02 3.045678e-01 2.556981e-01
8.300000e+10 3.979961e-01 -3.228431e-02 3.055631e-01 2.529621e-01
8.400000e+10 4.050073e-01 8.989770e-03 3.087450e-01 2.619667e-01
8.500000e+10 4.262301e-01 5.441463e-02 3.131410e-01 2.839962e-01
8.600000e+10 4.629740e-01 1.067030e-01 3.158690e-01 3.212261e-01
8.700000e+10 5.155125e-01 1.670584e-01 3.109350e-01 3.757181e-01
8.800000e+10 5.798206e-01 2.319287e-01 2.882512e-01 4.464440e-01
8.900000e+10 6.428618e-01 2.883115e-01 2.359567e-01 5.239009e-01
9.000000e+10 6.828018e-01 3.139694e-01 1.502720e-01 5.874179e-01
9.100000e+10 6.834468e-01 2.918519e-01 4.672011e-02 6.162298e-01
9.200000e+10 6.512673e-01 2.271002e-01 -4.711023e-02 6.085681e-01
9.300000e+10 6.089841e-01 1.406581e-01 -1.130828e-01 5.816263e-01
9.400000e+10 5.761953e-01 5.007656e-02 -1.492212e-01 5.542801e-01
9.500000e+10 5.619001e-01 -3.739980e-02 -1.607957e-01 5.371012e-01
9.600000e+10 5.672463e-01 -1.207345e-01 -1.523356e-01 5.329028e-01
9.700000e+10 5.885711e-01 -1.994838e-01 -1.253848e-01 5.393522e-01
9.800000e+10 6.179248e-01 -2.698227e-01 -7.990992e-02 5.501284e-01
9.900000e+10 6.431556e-01 -3.230615e-01 -1.771348e-02 5.558476e-01
1.000000e+11 6.511741e-01 -3.485877e-01 5.417088e-02 5.473389e-01
1.010000e+11 6.350805e-01 -3.410558e-01 1.240012e-01 5.211832e-01
1.020000e+11 5.988772e-01 -3.052231e-01 1.810938e-01 4.823875e-01
1.030000e+11 5.539488e-01 -2.525071e-01 2.211916e-01 4.406514e-01
1.040000e+11 5.116932e-01 -1.936191e-01 2.462296e-01 4.046141e-01
1.050000e+11 4.795685e-01 -1.345412e-01 2.606471e-01 3.794044e-01
1.060000e+11 4.613823e-01 -7.669413e-02 2.683461e-01 3.673990e-01
1.070000e+11 4.590304e-01 -1.859858e-02 2.713302e-01 3.697877e-01
1.080000e+11 4.737682e-01 4.259077e-02 2.691457e-01 3.875602e-01
1.090000e+11 5.062847e-01 1.096154e-01 2.582957e-01 4.214167e-01
1.100000e+11 5.549654e-01 1.827065e-01 2.316492e-01 4.700463e-01
1.110000e+11 6.118377e-01 2.553055e-01 1.795524e-01 5.262371e-01
1.120000e+11 6.587620e-01 3.102131e-01 9.631818e-02 5.731126e-01
1.130000e+11 6.732290e-01 3.254029e-01 -8.518388e-03 5.893027e-01
1.140000e+11 6.472490e-01 2.929292e-01 -1.095140e-01 5.666837e-01
1.150000e+11 5.960742e-01 2.276509e-01 -1.845907e-01 5.190432e-01
1.160000e+11 5.424982e-01 1.515153e-01 -2.294256e-01 4.676657e-01
1.170000e+11 5.012045e-01 7.788733e-02 -2.515011e-01 4.264818e-01
1.180000e+11 4.775217e-01 1.032745e-02 -2.595950e-01 4.006629e-01
1.190000e+11 4.719792e-01 -5.268009e-02 -2.592917e-01 3.908414e-01
1.200000e+11 4.834905e-01 -1.139938e-01 -2.526032e-01 3.961819e-01
1.210000e+11 5.101777e-01 -1.756631e-01 -2.385924e-01 4.153281e-01
1.220000e+11 5.485334e-01 -2.372203e-01 -2.140808e-01 4.458529e-01
1.230000e+11 5.917423e-01 -2.939109e-01 -1.749541e-01 4.828731e-01
1.240000e+11 6.288733e-01 -3.359975e-01 -1.189621e-01 5.181074e-01
1.250000e+11 6.478190e-01 -3.518088e-01 -4.945300e-02 5.417143e-01
1.260000e+11 6.423881e-01 -3.348781e-01 2.363065e-02 5.476867e-01
1.270000e+11 6.172410e-01 -2.888489e-01 8.844268e-02 5.382663e-01
1.280000e+11 5.846321e-01 -2.241200e-01 1.374728e-01 5.221745e-01
1.290000e+11 5.570950e-01 -1.504089e-01 1.689992e-01 5.090886e-01
1.300000e+11 5.433364e-01 -7.266000e-02 1.840445e-01 5.060263e-01
1.310000e+11 5.480928e-01 8.486157e-03 1.827695e-01 5.166517e-01
1.320000e+11 5.726510e-01 9.382770e-02 1.623029e-01 5.410946e-01
1.330000e+11 6.133005e-01 1.812200e-01 1.166953e-01 5.741768e-01
1.340000e+11 6.574169e-01 2.600907e-01 4.098225e-02 6.023871e-01
1.350000e+11 6.827375e-01 3.100309e-01 -5.919410e-02 6.053986e-01
1.360000e+11 6.699876e-01 3.131902e-01 -1.614284e-01 5.698562e-01
1.370000e+11 6.212991e-01 2.726517e-01 -2.397220e-01 5.041894e-01
1.380000e+11 5.573105e-01 2.095467e-01 -2.846126e-01 4.309070e-01
1.390000e+11 4.977627e-01 1.436696e-01 -3.033306e-01 3.675830e-01
1.400000e+11 4.522566e-01 8.423822e-02 -3.074491e-01 3.208037e-01
1.410000e+11 4.229416e-01 3.256589e-02 -3.056041e-01 2.905601e-01
1.420000e+11 4.090454e-01 -1.342759e-02 -3.025940e-01 2.749086e-01
1.430000e+11 4.093787e-01 -5.669062e-02 -3.004945e-01 2.721767e-01
1.440000e+11 4.231715e-01 -1.000361e-01 -2.996076e-01 2.816065e-01
1.450000e+11 4.500152e-01 -1.456615e-01 -2.988300e-01 3.033102e-01
1.460000e+11 4.891907e-01 -1.945162e-01 -2.955637e-01 3.378062e-01
1.470000e+11 5.383481e-01 -2.451049e-01 -2.855133e-01 3.849992e-01
1.480000e+11 5.917415e-01 -2.918073e-01 -2.631218e-01 4.424628e-01
1.490000e+11 6.394191e-01 -3.240824e-01 -2.238042e-01 5.037252e-01
1.500000e+11 6.701404e-01 -3.293237e-01 -1.681238e-01 5.588993e-01
1.510000e+11 6.785025e-01 -2.998685e-01 -1.046181e-01 5.995828e-01
1.520000e+11 6.700514e-01 -2.380150e-01 -4.692994e-02 6.245921e-01
1.530000e+11 6.580595e-01 -1.529873e-01 -7.480321e-03 6.399853e-01
1.540000e+11 6.555585e-01 -5.414205e-02 5.504480e-03 6.532957e-01
1.550000e+11 6.692982e-01 5.140730e-02 -1.336847e-02 6.671871e-01
1.560000e+11 6.959310e-01 1.547863e-01 -6.707609e-02 6.751755e-01
1.570000e+11 7.194341e-01 2.394094e-01 -1.508579e-01 6.614458e-01
1.580000e+11 7.164582e-01 2.834687e-01 -2.446904e-01 6.108064e-01
1.590000e+11 6.750804e-01 2.770923e-01 -3.194565e-01 5.262138e-01
1.600000e+11 6.069138e-01 2.337552e-01 -3.587298e-01 4.301347e-01
1.610000e+11 5.338383e-01 1.767720e-01 -3.672652e-01 3.447482e-01
1.620000e+11 4.708298e-01 1.220804e-01 -3.587829e-01 2.793778e-01
1.630000e+11 4.230955e-01 7.539030e-02 -3.445917e-01 2.336293e-01
1.640000e+11 3.905126e-01 3.664244e-02 -3.310873e-01 2.038103e-01
1.650000e+11 3.713715e-01 3.753707e-03 -3.212136e-01 1.863452e-01
1.660000e+11 3.640810e-01 -2.569247e-02 -3.161190e-01 1.787839e-01
1.670000e+11 3.677049e-01 -5.392978e-02 -3.161370e-01 1.798773e-01
1.680000e+11 3.820258e-01 -8.292547e-02 -3.212101e-01 1.894496e-01
1.690000e+11 4.074135e-01 -1.143501e-01 -3.309454e-01 2.082907e-01
1.700000e+11 4.445050e-01 -1.493720e-01 -3.443887e-01 2.380529e-01
1.710000e+11 4.935350e-01 -1.880441e-01 -3.595398e-01 2.809757e-01
1.720000e+11 5.531025e-01 -2.280505e-01 -3.727482e-01 3.390784e-01
1.730000e+11 6.184944e-01 -2.629400e-01 -3.785953e-01 4.123876e-01
1.740000e+11 6.808963e-01 -2.812135e-01 -3.716041e-01 4.964364e-01
1.750000e+11 7.301801e-01 -2.690906e-01 -3.507260e-01 5.811579e-01
1.760000e+11 7.616784e-01 -2.177719e-01 -3.240033e-01 6.540270e-01
1.770000e+11 7.803777e-01 -1.296518e-01 -3.075407e-01 7.054065e-01
1.780000e+11 7.952888e-01 -1.805084e-02 -3.174250e-01 7.289718e-01
1.790000e+11 8.074577e-01 9.555516e-02 -3.593951e-01 7.167232e-01
1.800000e+11 8.035094e-01 1.837163e-01 -4.206207e-01 6.595104e-01
1.810000e+11 7.661546e-01 2.234639e-01 -4.723617e-01 5.602957e-01
1.820000e+11 6.950609e-01 2.138276e-01 -4.912843e-01 4.427495e-01
1.830000e+11 6.090200e-01 1.751154e-01 -4.772586e-01 3.353568e-01
1.840000e+11 5.278121e-01 1.291569e-01 -4.451596e-01 2.524618e-01
1.850000e+11 4.612636e-01 8.764842e-02 -4.090701e-01 1.942769e-01
1.860000e+11 4.111044e-01 5.376523e-02 -3.767820e-01 1.554074e-01
1.870000e+11 3.756480e-01 2.679287e-02 -3.513084e-01 1.302920e-01
1.880000e+11 3.525771e-01 4.926990e-03 -3.333146e-01 1.148378e-01
1.890000e+11 3.400065e-01 -1.364457e-02 -3.226284e-01 1.064385e-01
1.900000e+11 3.367494e-01 -3.047197e-02 -3.189544e-01 1.036327e-01
1.910000e+11 3.423210e-01 -4.685514e-02 -3.221662e-01 1.058166e-01
1.920000e+11 3.568870e-01 -6.391510e-02 -3.324063e-01 1.130894e-01
1.930000e+11 3.812081e-01 -8.263181e-02 -3.500862e-01 1.262191e-01
1.940000e+11 4.165500e-01 -1.037775e-01 -3.757981e-01 1.466966e-01
1.950000e+11 4.644518e-01 -1.276337e-01 -4.100807e-01 1.768019e-01
1.960000e+11 5.261530e-01 -1.533047e-01 -4.529426e-01 2.194940e-01
1.970000e+11 6.014173e-01 -1.774364e-01 -5.031062e-01 2.776747e-01
1.980000e+11 6.867520e-01 -1.925584e-01 -5.573081e-01 3.520756e-01
1.990000e+11 7.740209e-01 -1.866748e-01 -6.107522e-01 4.373130e-01
2.000000e+11 8.515021e-01 -1.475458e-01 -6.596868e-01 5.177830e-01
2.010000e+11 9.072210e-01 -7.328304e-02 -7.033603e-01 5.682990e-01
2.020000e+11 9.297478e-01 1.776880e-02 -7.389362e-01 5.639933e-01
2.030000e+11 9.076172e-01 9.198659e-02 -7.532932e-01 4.978521e-01
2.040000e+11 8.385723e-01 1.244629e-01 -7.307065e-01 3.921486e-01
2.050000e+11 7.395113e-01 1.178082e-01 -6.725952e-01 2.839256e-01
2.060000e+11 6.358483e-01 9.160359e-02 -5.973850e-01 1.975930e-01
2.070000e+11 5.447977e-01 6.234883e-02 -5.234050e-01 1.377112e-01
2.080000e+11 4.721760e-01 3.735034e-02 -4.601945e-01 9.887445e-02
2.090000e+11 4.173361e-01 1.800884e-02 -4.102688e-01 7.432807e-02
2.100000e+11 3.775465e-01 3.470511e-03 -3.728983e-01 5.895942e-02
2.110000e+11 3.500435e-01 -7.572483e-03 -3.464468e-01 4.947409e-02
2.120000e+11 3.326862e-01 -1.627828e-02 -3.293766e-01 4.388842e-02
2.130000e+11 3.240582e-01 -2.354056e-02 -3.205833e-01 4.105938e-02
2.140000e+11 3.234130e-01 -3.002270e-02 -3.194753e-01 4.037543e-02
2.150000e+11 3.306137e-01 -3.621542e-02 -3.259832e-01 4.157891e-02
2.160000e+11 3.461068e-01 -4.247682e-02 -3.405726e-01 4.467541e-02
2.170000e+11 3.709376e-01 -4.903761e-02 -3.642807e-01 4.989577e-02
2.180000e+11 4.067832e-01 -5.595217e-02 -3.987667e-01 5.768098e-02
2.190000e+11 4.559383e-01 -6.296076e-02 -4.463223e-01 6.864435e-02
2.200000e+11 5.210883e-01 -6.921356e-02 -5.096916e-01 8.340865e-02
2.210000e+11 6.045005e-01 -7.284212e-02 -5.913480e-01 1.020904e-01
2.220000e+11 7.059461e-01 -7.060923e-02 -6.915446e-01 1.230463e-01
2.230000e+11 8.185769e-01 -5.859999e-02 -8.042568e-01 1.407312e-01
2.240000e+11 9.235318e-01 -3.572780e-02 -9.114649e-01 1.444510e-01
2.250000e+11 9.894987e-01 -9.296534e-03 -9.817183e-01 1.234927e-01
2.260000e+11 9.880425e-01 6.510572e-03 -9.847710e-01 8.007255e-02
2.270000e+11 9.184903e-01 4.575853e-03 -9.178994e-01 3.262276e-02
2.280000e+11 8.096626e-01 -8.256681e-03 -8.096187e-01 -1.695907e-03
2.290000e+11 6.945910e-01 -2.173039e-02 -6.939757e-01 -1.954715e-02
2.300000e+11 5.926874e-01 -3.093329e-02 -5.913075e-01 -2.601897e-02
2.310000e+11 5.102071e-01 -3.559950e-02 -5.082629e-01 -2.669957e-02
2.320000e+11 4.466188e-01 -3.705295e-02 -4.443717e-01 -2.508407e-02
2.330000e+11 3.991552e-01 -3.659773e-02 -3.968133e-01 -2.290524e-02
2.340000e+11 3.648915e-01 -3.511306e-02 -3.625955e-01 -2.091399e-02
2.350000e+11 3.414509e-01 -3.309038e-02 -3.392890e-01 -1.940817e-02
2.360000e+11 3.271484e-01 -3.074823e-02 -3.251737e-01 -1.851163e-02
2.370000e+11 3.209586e-01 -2.811889e-02 -3.191996e-01 -1.831369e-02
2.380000e+11 3.224585e-01 -2.509239e-02 -3.209218e-01 -1.894828e-02
2.390000e+11 3.318008e-01 -2.142336e-02 -3.304633e-01 -2.066060e-02
2.400000e+11 3.497333e-01 -1.670773e-02 -3.485159e-01 -2.389473e-02
2.410000e+11 3.776592e-01 -1.033662e-02 -3.763683e-01 -2.943751e-02
2.420000e+11 4.177047e-01 -1.449251e-03 -4.159088e-01 -3.866561e-02
2.430000e+11 4.726768e-01 1.103923e-02 -4.694582e-01 -5.394914e-02
2.440000e+11 5.455871e-01 2.810882e-02 -5.390758e-01 -7.919938e-02
2.450000e+11 6.379974e-01 4.947115e-02 -6.246193e-01 -1.201835e-01
2.460000e+11 7.460689e-01 7.083491e-02 -7.197736e-01 -1.831046e-01
2.470000e+11 8.546793e-01 8.042115e-02 -8.074502e-01 -2.683902e-01
2.480000e+11 9.363503e-01 6.131588e-02 -8.622532e-01 -3.598773e-01
2.490000e+11 9.652317e-01 7.430142e-03 -8.670095e-01 -4.241600e-01
2.500000e+11 9.360443e-01 -6.246879e-02 -8.265549e-01 -4.348375e-01
2.510000e+11 8.635125e-01 -1.190213e-01 -7.584045e-01 -3.953610e-01
2.520000e+11 7.688141e-01 -1.470216e-01 -6.785264e-01 -3.302448e-01
2.530000e+11 6.705918e-01 -1.496138e-01 -5.984097e-01 -2.630872e-01
2.540000e+11 5.812084e-01 -1.373297e-01 -5.257163e-01 -2.063158e-01
2.550000e+11 5.063634e-01 -1.191827e-01 -4.643674e-01 -1.629795e-01
2.560000e+11 4.470723e-01 -1.003043e-01 -4.153078e-01 -1.316514e-01
2.570000e+11 4.020586e-01 -8.284305e-02 -3.778139e-01 -1.097489e-01
2.580000e+11 3.693859e-01 -6.730039e-02 -3.505739e-01 -9.494476e-02
2.590000e+11 3.472721e-01 -5.341496e-02 -3.323054e-01 -8.554457e-02
2.600000e+11 3.344079e-01 -4.060300e-02 -3.220283e-01 -8.048503e-02
2.610000e+11 3.300527e-01 -2.812846e-02 -3.191581e-01 -7.925706e-02
2.620000e+11 3.340626e-01 -1.513153e-02 -3.235222e-01 -8.186712e-02
2.630000e+11 3.469208e-01 -5.858503e-04 -3.353415e-01 -8.888070e-02
2.640000e+11 3.697888e-01 1.677237e-02 -3.551683e-01 -1.015772e-01
2.650000e+11 4.045398e-01 3.848265e-02 -3.837030e-01 -1.222438e-01
2.660000e+11 4.536221e-01 6.620920e-02 -4.212959e-01 -1.545934e-01
2.670000e+11 5.193351e-01 1.009966e-01 -4.667549e-01 -2.040797e-01
2.680000e+11 6.016759e-01 1.411294e-01 -5.150334e-01 -2.771948e-01
2.690000e+11 6.940299e-01 1.779646e-01 -5.544708e-01 -3.775821e-01
2.700000e+11 7.792649e-01 1.925062e-01 -5.682168e-01 -4.973176e-01
2.710000e+11 8.355301e-01 1.623982e-01 -5.468603e-01 -6.104762e-01
2.720000e+11 8.541656e-01 8.220332e-02 -5.034754e-01 -6.850942e-01
2.730000e+11 8.457369e-01 -2.714624e-02 -4.651175e-01 -7.058326e-01
2.740000e+11 8.227011e-01 -1.336210e-01 -4.477398e-01 -6.771349e-01
2.750000e+11 7.866117e-01 -2.115898e-01 -4.471022e-01 -6.116269e-01
2.760000e+11 7.341201e-01 -2.493894e-01 -4.487887e-01 -5.247151e-01
2.770000e+11 6.673723e-01 -2.503701e-01 -4.417428e-01 -4.330865e-01
2.780000e+11 5.951725e-01 -2.273168e-01 -4.240763e-01 -3.503093e-01
2.790000e+11 5.270749e-01 -1.936847e-01 -4.000970e-01 -2.832254e-01
2.800000e+11 4.690426e-01 -1.584366e-01 -3.751566e-01 -2.327151e-01
2.810000e+11 4.232166e-01 -1.257378e-01 -3.530341e-01 -1.966449e-01
2.820000e+11 3.894927e-01 -9.664612e-02 -3.357166e-01 -1.722163e-01
2.830000e+11 3.669637e-01 -7.066200e-02 -3.240249e-01 -1.570896e-01
2.840000e+11 3.547614e-01 -4.661327e-02 -3.182169e-01 -1.497359e-01
2.850000e+11 3.524591e-01 -2.302584e-02 -3.183538e-01 -1.494928e-01
2.860000e+11 3.602593e-01 1.789590e-03 -3.244440e-01 -1.565874e-01
2.870000e+11 3.790823e-01 2.976789e-02 -3.363819e-01 -1.722338e-01
2.880000e+11 4.105487e-01 6.308265e-02 -3.536115e-01 -1.988208e-01
2.890000e+11 4.566412e-01 1.038288e-01 -3.743174e-01 -2.400569e-01
2.900000e+11 5.184787e-01 1.528012e-01 -3.938803e-01 -3.005499e-01
2.910000e+11 5.932709e-01 2.064361e-01 -4.028413e-01 -3.835015e-01
2.920000e+11 6.696175e-01 2.520889e-01 -3.869336e-01 -4.848930e-01
2.930000e+11 7.267988e-01 2.673367e-01 -3.350530e-01 -5.869472e-01
2.940000e+11 7.478089e-01 2.331490e-01 -2.544133e-01 -6.634257e-01
2.950000e+11 7.371650e-01 1.521658e-01 -1.722768e-01 -7.004130e-01
2.960000e+11 7.163554e-01 4.531911e-02 -1.153481e-01 -7.055537e-01
2.970000e+11 7.032520e-01 -6.641582e-02 -9.478225e-02 -6.936632e-01
2.980000e+11 7.017848e-01 -1.689385e-01 -1.089907e-01 -6.723710e-01
2.990000e+11 7.037938e-01 -2.510275e-01 -1.495093e-01 -6.402795e-01
3.000000e+11 6.957428e-01 -3.021177e-01 -2.030022e-01 -5.929360e-01
3.010000e+11 6.678724e-01 -3.165862e-01 -2.539663e-01 -5.304035e-01
3.020000e+11 6.209183e-01 -2.987160e-01 -2.908833e-01 -4.601034e-01
3.030000e+11 5.642882e-01 -2.604819e-01 -3.106859e-01 -3.924852e-01
3.040000e+11 5.087251e-01 -2.142607e-01 -3.170838e-01 -3.351886e-01
3.050000e+11 4.613859e-01 -1.680339e-01 -3.159404e-01 -2.912442e-01
3.060000e+11 4.254558e-01 -1.250845e-01 -3.121941e-01 -2.605789e-01
3.070000e+11 4.017620e-01 -8.562114e-02 -3.090512e-01 -2.420105e-01
3.080000e+11 3.903154e-01 -4.825599e-02 -3.082548e-01 -2.345131e-01
3.090000e+11 3.912460e-01 -1.082139e-02 -3.104792e-01 -2.378214e-01
3.100000e+11 4.052433e-01 2.927976e-02 -3.154504e-01 -2.526972e-01
3.110000e+11 4.335913e-01 7.482921e-02 -3.216205e-01 -2.810023e-01
3.120000e+11 4.775821e-01 1.281437e-01 -3.252577e-01 -3.253787e-01
3.130000e+11 5.366061e-01 1.891771e-01 -3.190418e-01 -3.877763e-01
3.140000e+11 6.041536e-01 2.515414e-01 -2.915038e-01 -4.655685e-01
3.150000e+11 6.636601e-01 2.983582e-01 -2.313566e-01 -5.458033e-01
3.160000e+11 6.929845e-01 3.067230e-01 -1.396164e-01 -6.055211e-01
3.170000e+11 6.827035e-01 2.659791e-01 -3.742597e-02 -6.276452e-01
3.180000e+11 6.469941e-01 1.886097e-01 4.809480e-02 -6.170208e-01
3.190000e+11 6.094288e-01 9.616659e-02 1.034380e-01 -5.928373e-01
3.200000e+11 5.859807e-01 2.733033e-03 1.291656e-01 -5.715611e-01
3.210000e+11 5.820974e-01 -8.684997e-02 1.301238e-01 -5.606802e-01
3.220000e+11 5.960674e-01 -1.713077e-01 1.095568e-01 -5.603100e-01
3.230000e+11 6.209809e-01 -2.475743e-01 6.876130e-02 -5.653283e-01
3.240000e+11 6.452512e-01 -3.080484e-01 9.963137e-03 -5.668827e-01
3.250000e+11 6.552539e-01 -3.422364e-01 -6.008810e-02 -5.555370e-01
3.260000e+11 6.420424e-01 -3.433389e-01 -1.297573e-01 -5.267826e-01
3.270000e+11 6.072517e-01 -3.142593e-01 -1.876456e-01 -4.845461e-01
3.280000e+11 5.612147e-01 -2.658332e-01 -2.284828e-01 -4.382810e-01
3.290000e+11 5.156486e-01 -2.095677e-01 -2.537245e-01 -3.969871e-01
3.300000e+11 4.787019e-01 -1.526662e-01 -2.679881e-01 -3.661024e-01
3.310000e+11 4.545767e-01 -9.755746e-02 -2.757341e-01 -3.479845e-01
3.320000e+11 4.451951e-01 -4.343964e-02 -2.797690e-01 -3.435709e-01
3.330000e+11 4.517270e-01 1.220381e-02 -2.808012e-01 -3.536368e-01
3.340000e+11 4.752176e-01 7.245221e-02 -2.770764e-01 -3.792244e-01
3.350000e+11 5.159344e-01 1.394879e-01 -2.636741e-01 -4.209601e-01
3.360000e+11 5.707454e-01 2.116869e-01 -2.320224e-01 -4.765549e-01
3.370000e+11 6.285073e-01 2.789413e-01 -1.721594e-01 -5.362596e-01
3.380000e+11 6.682228e-01 3.208272e-01 -8.142403e-02 -5.804840e-01
3.390000e+11 6.701272e-01 3.177115e-01 2.506558e-02 -5.894926e-01
3.400000e+11 6.347024e-01 2.697720e-01 1.203561e-01 -5.617692e-01
3.410000e+11 5.823168e-01 1.966239e-01 1.870179e-01 -5.152244e-01
3.420000e+11 5.340939e-01 1.181681e-01 2.250555e-01 -4.697261e-01
3.430000e+11 5.012247e-01 4.391139e-02 2.426619e-01 -4.363636e-01
3.440000e+11 4.869447e-01 -2.492744e-02 2.473435e-01 -4.187064e-01
3.450000e+11 4.909317e-01 -9.057243e-02 2.430470e-01 -4.168198e-01
3.460000e+11 5.114487e-01 -1.554164e-01 2.302441e-01 -4.294336e-01
3.470000e+11 5.452284e-01 -2.198557e-01 2.067094e-01 -4.541020e-01
3.480000e+11 5.860309e-01 -2.803482e-01 1.688308e-01 -4.861413e-01
3.490000e+11 6.234850e-01 -3.282720e-01 1.142219e-01 -5.176142e-01
3.500000e+11 6.450647e-01 -3.520260e-01 4.544524e-02 -5.386287e-01
3.510000e+11 6.426229e-01 -3.436542e-01 -2.831555e-02 -5.422769e-01
3.520000e+11 6.184487e-01 -3.049237e-01 -9.515136e-02 -5.295721e-01
3.530000e+11 5.836600e-01 -2.456623e-01 -1.469469e-01 -5.086410e-01
3.540000e+11 5.510053e-01 -1.764461e-01 -1.817720e-01 -4.893184e-01
3.550000e+11 5.298452e-01 -1.034788e-01 -2.012852e-01 -4.790745e-01
3.560000e+11 5.255781e-01 -2.815798e-02 -2.070597e-01 -4.822507e-01
3.570000e+11 5.407119e-01 5.081834e-02 -1.981254e-01 -5.005329e-01
3.580000e+11 5.747224e-01 1.342413e-01 -1.699074e-01 -5.323689e-01
3.590000e+11 6.212399e-01 2.177713e-01 -1.153291e-01 -5.702753e-01
3.600000e+11 6.639868e-01 2.870529e-01 -3.075001e-02 -5.979411e-01
3.610000e+11 6.796149e-01 3.202561e-01 7.359370e-02 -5.948920e-01
3.620000e+11 6.547968e-01 3.050995e-01 1.721219e-01 -5.532153e-01
3.630000e+11 5.998593e-01 2.524935e-01 2.423451e-01 -4.871828e-01
3.640000e+11 5.372955e-01 1.850725e-01 2.805569e-01 -4.191926e-01
3.650000e+11 4.836942e-01 1.191310e-01 2.960967e-01 -3.634481e-01
3.660000e+11 4.456474e-01 6.051840e-02 2.996808e-01 -3.242385e-01
3.670000e+11 4.239905e-01 8.857732e-03 2.985142e-01 -3.009631e-01
3.680000e+11 4.177336e-01 -3.851526e-02 2.962889e-01 -2.919433e-01
3.690000e+11 4.258559e-01 -8.463389e-02 2.942419e-01 -2.959933e-01
3.700000e+11 4.476837e-01 -1.320851e-01 2.918313e-01 -3.127439e-01
3.710000e+11 4.824328e-01 -1.823568e-01 2.868825e-01 -3.423241e-01
3.720000e+11 5.280363e-01 -2.347588e-01 2.754939e-01 -3.844654e-01
3.730000e+11 5.793997e-01 -2.847956e-01 2.523793e-01 -4.369213e-01
3.740000e+11 6.271834e-01 -3.230107e-01 2.127570e-01 -4.937181e-01
3.750000e+11 6.597448e-01 -3.369171e-01 1.562296e-01 -5.452911e-01
3.760000e+11 6.696861e-01 -3.174599e-01 9.001052e-02 -5.827493e-01
3.770000e+11 6.600898e-01 -2.651282e-01 2.691598e-02 -6.039049e-01
3.780000e+11 6.430992e-01 -1.884940e-01 -2.094456e-02 -6.144981e-01
3.790000e+11 6.324926e-01 -9.719811e-02 -4.590897e-02 -6.232911e-01
3.800000e+11 6.376045e-01 2.317143e-03 -4.335742e-02 -6.361244e-01
3.810000e+11 6.602516e-01 1.049057e-01 -9.247807e-03 -6.517987e-01
3.820000e+11 6.918010e-01 2.006413e-01 5.827548e-02 -6.594965e-01
3.830000e+11 7.119548e-01 2.705094e-01 1.511126e-01 -6.409909e-01
3.840000e+11 6.987046e-01 2.945274e-01 2.454225e-01 -5.841314e-01
3.850000e+11 6.481592e-01 2.707333e-01 3.139041e-01 -4.982751e-01
3.860000e+11 5.779423e-01 2.182792e-01 3.467668e-01 -4.075835e-01
3.870000e+11 5.089408e-01 1.591086e-01 3.526797e-01 -3.306392e-01
3.880000e+11 4.525950e-01 1.052554e-01 3.450003e-01 -2.733831e-01
3.890000e+11 4.118377e-01 5.980370e-02 3.333874e-01 -2.342789e-01
3.900000e+11 3.857962e-01 2.159628e-02 3.230263e-01 -2.098245e-01
3.910000e+11 3.727918e-01 -1.177818e-02 3.162510e-01 -1.970286e-01
3.920000e+11 3.715385e-01 -4.280691e-02 3.139325e-01 -1.940484e-01
3.930000e+11 3.814543e-01 -7.373672e-02 3.162153e-01 -2.001954e-01
3.940000e+11 4.026096e-01 -1.065053e-01 3.227583e-01 -2.158199e-01
3.950000e+11 4.354531e-01 -1.425883e-01 3.326210e-01 -2.421801e-01
3.960000e+11 4.802176e-01 -1.825033e-01 3.438616e-01 -2.811774e-01
3.970000e+11 5.357939e-01 -2.247143e-01 3.529708e-01 -3.346494e-01
3.980000e+11 5.980740e-01 -2.639301e-01 3.546483e-01 -4.028127e-01
3.990000e+11 6.587835e-01 -2.898273e-01 3.431183e-01 -4.819395e-01
4.000000e+11 7.073734e-01 -2.888306e-01 3.161147e-01 -5.630502e-01
4.010000e+11 7.374053e-01 -2.505824e-01 2.797394e-01 -6.346029e-01
4.020000e+11 7.524005e-01 -1.746472e-01 2.487592e-01 -6.882759e-01
4.030000e+11 7.631267e-01 -7.073352e-02 2.403144e-01 -7.208385e-01
4.040000e+11 7.769889e-01 4.505473e-02 2.657678e-01 -7.287313e-01
4.050000e+11 7.880988e-01 1.508405e-01 3.233875e-01 -7.026859e-01
4.060000e+11 7.776905e-01 2.207267e-01 3.931351e-01 -6.336616e-01
4.070000e+11 7.311690e-01 2.387359e-01 4.446310e-01 -5.290713e-01
4.080000e+11 6.555771e-01 2.131613e-01 4.604731e-01 -4.151002e-01
4.090000e+11 5.721221e-01 1.672312e-01 4.463538e-01 -3.164265e-01
4.100000e+11 4.976357e-01 1.197134e-01 4.177835e-01 -2.424188e-01
4.110000e+11 4.387323e-01 7.876093e-02 3.869762e-01 -1.911339e-01
4.120000e+11 3.956242e-01 4.565343e-02 3.601903e-01 -1.571536e-01
4.130000e+11 3.663082e-01 1.899128e-02 3.397712e-01 -1.355602e-01
4.140000e+11 3.486513e-01 -3.197436e-03 3.262536e-01 -1.229066e-01
4.150000e+11 3.410971e-01 -2.274380e-02 3.195597e-01 -1.170963e-01
4.160000e+11 3.428069e-01 -4.120857e-02 3.195476e-01 -1.170802e-01
4.170000e+11 3.536328e-01 -5.993067e-02 3.262266e-01 -1.226404e-01
4.180000e+11 3.740541e-01 -8.008568e-02 3.398028e-01 -1.343012e-01
4.190000e+11 4.050842e-01 -1.026635e-01 3.606091e-01 -1.533443e-01
4.200000e+11 4.480631e-01 -1.282589e-01 3.888891e-01 -1.818667e-01
4.210000e+11 5.041608e-01 -1.564983e-01 4.243591e-01 -2.227235e-01
4.220000e+11 5.733415e-01 -1.848821e-01 4.655145e-01 -2.789899e-01
4.230000e+11 6.527253e-01 -2.070803e-01 5.089781e-01 -3.522916e-01
4.240000e+11 7.351745e-01 -2.118332e-01 5.499562e-01 -4.394957e-01
4.250000e+11 8.102583e-01 -1.854589e-01 5.851760e-01 -5.288597e-01
4.260000e+11 8.683771e-01 -1.204250e-01 6.167236e-01 -5.993568e-01
4.270000e+11 9.028313e-01 -2.602966e-02 6.497598e-01 -6.262899e-01
4.280000e+11 9.052855e-01 6.916217e-02 6.809431e-01 -5.925157e-01
4.290000e+11 8.656311e-01 1.314494e-01 6.924532e-01 -5.025403e-01
4.300000e+11 7.858535e-01 1.466168e-01 6.684555e-01 -3.863114e-01
4.310000e+11 6.860152e-01 1.274255e-01 6.138031e-01 -2.786134e-01
4.320000e+11 5.889437e-01 9.522987e-02 5.468618e-01 -1.967946e-01
4.330000e+11 5.071915e-01 6.379886e-02 4.830014e-01 -1.410056e-01
4.340000e+11 4.436289e-01 3.801892e-02 4.293924e-01 -1.048012e-01
4.350000e+11 3.965788e-01 1.815552e-02 3.876346e-01 -8.175866e-02
4.360000e+11 3.632605e-01 2.976891e-03 3.569626e-01 -6.728329e-02
4.370000e+11 3.411986e-01 -8.914507e-03 3.360337e-01 -5.846667e-02
4.380000e+11 3.286059e-01 -1.869194e-02 3.236694e-01 -5.357799e-02
4.390000e+11 3.244033e-01 -2.726387e-02 3.191021e-01 -5.165298e-02
4.400000e+11 3.281579e-01 -3.532798e-02 3.220415e-01 -5.223781e-02
4.410000e+11 3.400361e-01 -4.342973e-02 3.326942e-01 -5.525338e-02
4.420000e+11 3.607940e-01 -5.199314e-02 3.517884e-01 -6.094195e-02
4.430000e+11 3.917936e-01 -6.130149e-02 3.806086e-01 -6.986703e-02
4.440000e+11 4.349978e-01 -7.139020e-02 4.210093e-01 -8.293205e-02
4.450000e+11 4.928266e-01 -8.178420e-02 4.753094e-01 -1.013427e-01
4.460000e+11 5.676126e-01 -9.099161e-02 5.458462e-01 -1.263190e-01
4.470000e+11 6.601706e-01 -9.577090e-02 6.337571e-01 -1.581298e-01
4.480000e+11 7.668557e-01 -9.074457e-02 7.363857e-01 -1.938277e-01
4.490000e+11 8.751357e-01 -7.024930e-02 8.430877e-01 -2.238989e-01
4.500000e+11 9.605143e-01 -3.468706e-02 9.314642e-01 -2.318599e-01
4.510000e+11 9.924754e-01 2.886432e-03 9.711400e-01 -2.046614e-01
4.520000e+11 9.546339e-01 2.397621e-02 9.425665e-01 -1.493970e-01
4.530000e+11 8.615189e-01 2.313673e-02 8.564575e-01 -9.033266e-02
4.540000e+11 7.464663e-01 1.003313e-02 7.449886e-01 -4.586100e-02
4.550000e+11 6.367486e-01 -4.473877e-03 6.364515e-01 -1.892710e-02
4.560000e+11 5.447298e-01 -1.549394e-02 5.444895e-01 -4.652892e-03
4.570000e+11 4.725299e-01 -2.247203e-02 4.719898e-01 2.266722e-03
4.580000e+11 4.180171e-01 -2.635854e-02 4.171508e-01 5.360400e-03
4.590000e+11 3.781196e-01 -2.821472e-02 3.770077e-01 6.600756e-03
