# #nu(Hz) #T #rho #c #s
0.000000e+00 1.000000e+00 0.000000e+00 1.000000e+00 0.000000e+00
1.000000e+09 9.752340e-01 -4.637802e-03 9.747569e-01 3.014969e-02
2.000000e+09 9.089930e-01 -1.582108e-02 9.073717e-01 5.190965e-02
3.000000e+09 8.196257e-01 -2.804529e-02 8.167708e-01 6.233143e-02
4.000000e+09 7.251162e-01 -3.731329e-02 7.213531e-01 6.364639e-02
5.000000e+09 6.371579e-01 -4.246409e-02 6.329261e-01 5.976167e-02
6.000000e+09 5.610755e-01 -4.411281e-02 5.567423e-01 5.383071e-02
7.000000e+09 4.980750e-01 -4.338311e-02 4.938838e-01 4.770069e-02
8.000000e+09 4.473449e-01 -4.125886e-02 4.434318e-01 4.223132e-02
9.000000e+09 4.073600e-01 -3.841487e-02 4.037864e-01 3.772339e-02
1.000000e+10 3.765331e-01 -3.524956e-02 3.733147e-01 3.421669e-02
1.100000e+10 3.534877e-01 -3.196306e-02 3.506135e-01 3.165543e-02
1.200000e+10 3.371440e-01 -2.862405e-02 3.345871e-01 2.997015e-02
1.300000e+10 3.267268e-01 -2.521379e-02 3.244485e-01 2.911685e-02
1.400000e+10 3.217477e-01 -2.165007e-02 3.196971e-01 2.909764e-02
1.500000e+10 3.219884e-01 -1.779605e-02 3.200956e-01 2.997699e-02
1.600000e+10 3.274917e-01 -1.345800e-02 3.256562e-01 3.190197e-02
1.700000e+10 3.385677e-01 -8.374551e-03 3.366357e-01 3.513364e-02
1.800000e+10 3.558118e-01 -2.200104e-03 3.535384e-01 4.009713e-02
1.900000e+10 3.801300e-01 5.512308e-03 3.771152e-01 4.746068e-02
2.000000e+10 4.127538e-01 1.531509e-02 4.083350e-01 5.825516e-02
2.100000e+10 4.552009e-01 2.782291e-02 4.482764e-01 7.404087e-02
2.200000e+10 5.090838e-01 4.354534e-02 4.978372e-01 9.709920e-02
2.300000e+10 5.755789e-01 6.244793e-02 5.570934e-01 1.305308e-01
2.400000e+10 6.542789e-01 8.303900e-02 6.241262e-01 1.779099e-01
2.500000e+10 7.412894e-01 1.009618e-01 6.934387e-01 2.417838e-01
2.600000e+10 8.273134e-01 1.079770e-01 7.551031e-01 3.203244e-01
2.700000e+10 8.981709e-01 9.381777e-02 7.970544e-01 4.032536e-01
2.800000e+10 9.400723e-01 5.284306e-02 8.113421e-01 4.718765e-01
2.900000e+10 9.465597e-01 -8.836756e-03 7.990241e-01 5.074030e-01
3.000000e+10 9.200399e-01 -7.461121e-02 7.674027e-01 5.019958e-01
3.100000e+10 8.678244e-01 -1.272743e-01 7.235270e-01 4.619840e-01
3.200000e+10 7.987683e-01 -1.578507e-01 6.719490e-01 4.019931e-01
3.300000e+10 7.219877e-01 -1.669501e-01 6.163783e-01 3.368557e-01
3.400000e+10 6.455936e-01 -1.606426e-01 5.607278e-01 2.767117e-01
3.500000e+10 5.753668e-01 -1.457946e-01 5.085275e-01 2.262537e-01
3.600000e+10 5.143780e-01 -1.275873e-01 4.621584e-01 1.863218e-01
3.700000e+10 4.635537e-01 -1.090868e-01 4.227262e-01 1.558354e-01
3.800000e+10 4.225478e-01 -9.174381e-02 3.903959e-01 1.331193e-01
3.900000e+10 3.904571e-01 -7.602139e-02 3.648148e-01 1.165663e-01
4.000000e+10 3.662664e-01 -6.185749e-02 3.454344e-01 1.048801e-01
4.100000e+10 3.490789e-01 -4.893752e-02 3.317065e-01 9.711862e-02
4.200000e+10 3.382179e-01 -3.683155e-02 3.231840e-01 9.266561e-02
4.300000e+10 3.332655e-01 -2.504975e-02 3.195654e-01 9.119408e-02
4.400000e+10 3.340774e-01 -1.305231e-02 3.207089e-01 9.264516e-02
4.500000e+10 3.407943e-01 -2.347166e-04 3.266284e-01 9.723451e-02
4.600000e+10 3.538569e-01 1.409800e-02 3.374720e-01 1.054923e-01
4.700000e+10 3.740202e-01 3.075390e-02 3.534691e-01 1.183424e-01
4.800000e+10 4.023447e-01 5.064703e-02 3.748153e-01 1.372212e-01
4.900000e+10 4.401056e-01 7.470186e-02 4.014297e-01 1.642158e-01
5.000000e+10 4.884978e-01 1.035477e-01 4.324912e-01 2.021368e-01
5.100000e+10 5.479208e-01 1.367951e-01 4.656625e-01 2.542886e-01
5.200000e+10 6.166217e-01 1.716842e-01 4.961122e-01 3.234493e-01
5.300000e+10 6.889071e-01 2.013482e-01 5.161234e-01 4.094736e-01
5.400000e+10 7.544966e-01 2.143150e-01 5.170985e-01 5.059084e-01
5.500000e+10 8.018200e-01 1.981508e-01 4.951639e-01 5.987189e-01
5.600000e+10 8.251079e-01 1.472257e-01 4.567291e-01 6.712125e-01
5.700000e+10 8.283096e-01 6.775592e-02 4.166586e-01 7.126721e-01
5.800000e+10 8.203458e-01 -2.549211e-02 3.891493e-01 7.217203e-01
5.900000e+10 8.071016e-01 -1.162008e-01 3.802728e-01 7.023552e-01
6.000000e+10 7.881783e-01 -1.908211e-01 3.870402e-01 6.595546e-01
6.100000e+10 7.595615e-01 -2.404286e-01 4.008452e-01 5.987077e-01
6.200000e+10 7.185661e-01 -2.621610e-01 4.123623e-01 5.268455e-01
6.300000e+10 6.668621e-01 -2.594530e-01 4.156716e-01 4.523342e-01
6.400000e+10 6.097224e-01 -2.397779e-01 4.096617e-01 3.826816e-01
6.500000e+10 5.531608e-01 -2.111458e-01 3.966451e-01 3.226097e-01
6.600000e+10 5.016983e-01 -1.796676e-01 3.800672e-01 2.738058e-01
6.700000e+10 4.577713e-01 -1.489414e-01 3.629488e-01 2.358796e-01
6.800000e+10 4.221924e-01 -1.205475e-01 3.473637e-01 2.074926e-01
6.900000e+10 3.948563e-01 -9.479717e-02 3.345232e-01 1.871344e-01
7.000000e+10 3.752989e-01 -7.131772e-02 3.250470e-01 1.735151e-01
7.100000e+10 3.630405e-01 -4.940278e-02 3.192120e-01 1.657150e-01
7.200000e+10 3.577720e-01 -2.818268e-02 3.171187e-01 1.632245e-01
7.300000e+10 3.594500e-01 -6.685226e-03 3.187768e-01 1.659547e-01
7.400000e+10 3.683449e-01 1.615896e-02 3.241160e-01 1.742575e-01
7.500000e+10 3.850546e-01 4.152299e-02 3.329170e-01 1.889688e-01
7.600000e+10 4.104616e-01 7.064924e-02 3.446320e-01 2.114620e-01
7.700000e+10 4.455544e-01 1.046816e-01 3.580425e-01 2.436515e-01
7.800000e+10 4.909536e-01 1.441963e-01 3.707029e-01 2.877885e-01
7.900000e+10 5.459016e-01 1.881904e-01 3.782422e-01 3.457250e-01
8.000000e+10 6.066259e-01 2.324370e-01 3.740240e-01 4.172218e-01
8.100000e+10 6.648435e-01 2.679791e-01 3.504411e-01 4.973883e-01
8.200000e+10 7.088214e-01 2.821853e-01 3.031715e-01 5.752271e-01
8.300000e+10 7.291946e-01 2.645917e-01 2.366427e-01 6.369586e-01
8.400000e+10 7.260475e-01 2.140721e-01 1.644988e-01 6.739868e-01
8.500000e+10 7.092198e-01 1.393751e-01 1.024778e-01 6.877976e-01
8.600000e+10 6.912414e-01 5.254672e-02 6.090451e-02 6.865451e-01
8.700000e+10 6.806682e-01 -3.684609e-02 4.326928e-02 6.782915e-01
8.800000e+10 6.799654e-01 -1.225039e-01 4.877410e-02 6.670583e-01
8.900000e+10 6.862030e-01 -1.993106e-01 7.444816e-02 6.523858e-01
9.000000e+10 6.926238e-01 -2.615361e-01 1.154592e-01 6.308690e-01
9.100000e+10 6.910667e-01 -3.031177e-01 1.647370e-01 5.987943e-01
9.200000e+10 6.754287e-01 -3.200984e-01 2.137075e-01 5.550406e-01
9.300000e+10 6.446245e-01 -3.132027e-01 2.547514e-01 5.025401e-01
9.400000e+10 6.027416e-01 -2.878977e-01 2.837718e-01 4.470860e-01
9.500000e+10 5.563746e-01 -2.517436e-01 3.007755e-01 3.946036e-01
9.600000e+10 5.115900e-01 -2.113996e-01 3.084294e-01 3.491502e-01
9.700000e+10 4.724365e-01 -1.711714e-01 3.101661e-01 3.125598e-01
9.800000e+10 4.409818e-01 -1.330646e-01 3.089842e-01 2.851098e-01
9.900000e+10 4.179947e-01 -9.746274e-02 3.070460e-01 2.663519e-01
1.000000e+11 4.036332e-01 -6.379004e-02 3.057127e-01 2.557153e-01
1.010000e+11 3.979237e-01 -3.095011e-02 3.056998e-01 2.528499e-01
1.020000e+11 4.010354e-01 2.437734e-03 3.071865e-01 2.577981e-01
1.030000e+11 4.133945e-01 3.791021e-02 3.098071e-01 2.710672e-01
1.040000e+11 4.356443e-01 7.702297e-02 3.124841e-01 2.936104e-01
1.050000e+11 4.683660e-01 1.210464e-01 3.130835e-01 3.266391e-01
1.060000e+11 5.113753e-01 1.702647e-01 3.079450e-01 3.710586e-01
1.070000e+11 5.623831e-01 2.226475e-01 2.916106e-01 4.262231e-01
1.080000e+11 6.152269e-01 2.720897e-01 2.576279e-01 4.879541e-01
1.090000e+11 6.592189e-01 3.077615e-01 2.016279e-01 5.469905e-01
1.100000e+11 6.824627e-01 3.174204e-01 1.261611e-01 5.908325e-01
1.110000e+11 6.792378e-01 2.947853e-01 4.263532e-02 6.104489e-01
1.120000e+11 6.547040e-01 2.442315e-01 -3.403233e-02 6.064899e-01
1.130000e+11 6.211147e-01 1.770105e-01 -9.356331e-02 5.879597e-01
1.140000e+11 5.902641e-01 1.037452e-01 -1.331410e-01 5.656166e-01
1.150000e+11 5.694730e-01 3.056265e-02 -1.546333e-01 5.472239e-01
1.160000e+11 5.617367e-01 -4.041864e-02 -1.609480e-01 5.366658e-01
1.170000e+11 5.671391e-01 -1.090076e-01 -1.540397e-01 5.348233e-01
1.180000e+11 5.837112e-01 -1.749682e-01 -1.344848e-01 5.403876e-01
1.190000e+11 6.074771e-01 -2.365241e-01 -1.020449e-01 5.501560e-01
1.200000e+11 6.322671e-01 -2.895130e-01 -5.692357e-02 5.591991e-01
1.210000e+11 6.503266e-01 -3.277834e-01 -1.352037e-03 5.616768e-01
1.220000e+11 6.545529e-01 -3.454072e-01 5.947714e-02 5.528072e-01
1.230000e+11 6.416736e-01 -3.398914e-01 1.183652e-01 5.312330e-01
1.240000e+11 6.139156e-01 -3.138897e-01 1.688238e-01 4.998642e-01
1.250000e+11 5.775507e-01 -2.737751e-01 2.074848e-01 4.642866e-01
1.260000e+11 5.397164e-01 -2.264686e-01 2.344328e-01 4.301709e-01
1.270000e+11 5.060531e-01 -1.770608e-01 2.518547e-01 4.016322e-01
1.280000e+11 4.800842e-01 -1.281581e-01 2.624525e-01 3.810183e-01
1.290000e+11 4.637012e-01 -8.032580e-02 2.684392e-01 3.694684e-01
1.300000e+11 4.579032e-01 -3.280489e-02 2.711046e-01 3.675616e-01
1.310000e+11 4.633373e-01 1.587457e-02 2.706422e-01 3.757423e-01
1.320000e+11 4.804830e-01 6.737536e-02 2.659925e-01 3.944268e-01
1.330000e+11 5.093743e-01 1.229125e-01 2.546186e-01 4.237028e-01
1.340000e+11 5.486889e-01 1.821837e-01 2.323839e-01 4.624568e-01
1.350000e+11 5.941492e-01 2.417153e-01 1.941206e-01 5.068572e-01
1.360000e+11 6.369941e-01 2.933262e-01 1.358828e-01 5.488689e-01
1.370000e+11 6.649062e-01 3.250637e-01 5.906768e-02 5.770137e-01
1.380000e+11 6.676998e-01 3.269016e-01 -2.668035e-02 5.815896e-01
1.390000e+11 6.445271e-01 2.979523e-01 -1.068067e-01 5.614552e-01
1.400000e+11 6.045810e-01 2.471678e-01 -1.700755e-01 5.248815e-01
1.410000e+11 5.603973e-01 1.866343e-01 -2.133140e-01 4.834355e-01
1.420000e+11 5.215169e-01 1.252234e-01 -2.394739e-01 4.460395e-01
1.430000e+11 4.928994e-01 6.700136e-02 -2.534524e-01 4.173997e-01
1.440000e+11 4.762599e-01 1.258802e-02 -2.594359e-01 3.991968e-01
1.450000e+11 4.717200e-01 -3.910485e-02 -2.600459e-01 3.916207e-01
1.460000e+11 4.787861e-01 -8.966869e-02 -2.563421e-01 3.943151e-01
1.470000e+11 4.966344e-01 -1.404324e-01 -2.480270e-01 4.067028e-01
1.480000e+11 5.238710e-01 -1.918244e-01 -2.336533e-01 4.278439e-01
1.490000e+11 5.579213e-01 -2.426633e-01 -2.109404e-01 4.559549e-01
1.500000e+11 5.943249e-01 -2.894662e-01 -1.774711e-01 4.877863e-01
1.510000e+11 6.265770e-01 -3.263323e-01 -1.319968e-01 5.183463e-01
1.520000e+11 6.474239e-01 -3.462746e-01 -7.604614e-02 5.417273e-01
1.530000e+11 6.517803e-01 -3.441559e-01 -1.464207e-02 5.533172e-01
1.540000e+11 6.395331e-01 -3.194878e-01 4.507818e-02 5.521757e-01
1.550000e+11 6.157338e-01 -2.765996e-01 9.673024e-02 5.415385e-01
1.560000e+11 5.880003e-01 -2.219989e-01 1.367707e-01 5.270243e-01
1.570000e+11 5.635018e-01 -1.613188e-01 1.644857e-01 5.142519e-01
1.580000e+11 5.474431e-01 -9.781234e-02 1.805940e-01 5.074568e-01
1.590000e+11 5.429998e-01 -3.245795e-02 1.857332e-01 5.092136e-01
1.600000e+11 5.517114e-01 3.508303e-02 1.794352e-01 5.205359e-01
1.610000e+11 5.734740e-01 1.051016e-01 1.596827e-01 5.406732e-01
1.620000e+11 6.056914e-01 1.760637e-01 1.232337e-01 5.662836e-01
1.630000e+11 6.417694e-01 2.425871e-01 6.731579e-02 5.903287e-01
1.640000e+11 6.705128e-01 2.945906e-01 -6.908781e-03 6.022923e-01
1.650000e+11 6.793336e-01 3.204036e-01 -9.095330e-02 5.920837e-01
1.660000e+11 6.615880e-01 3.140761e-01 -1.704173e-01 5.567879e-01
1.670000e+11 6.214877e-01 2.802932e-01 -2.325627e-01 5.035844e-01
1.680000e+11 5.705545e-01 2.308398e-01 -2.728706e-01 4.447325e-01
1.690000e+11 5.200694e-01 1.770589e-01 -2.944594e-01 3.904050e-01
1.700000e+11 4.769744e-01 1.257548e-01 -3.034547e-01 3.458404e-01
1.710000e+11 4.441010e-01 7.941738e-02 -3.054761e-01 3.124146e-01
1.720000e+11 4.219148e-01 3.795653e-02 -3.044562e-01 2.896166e-01
1.730000e+11 4.099555e-01 1.326064e-04 -3.027442e-01 2.764226e-01
1.740000e+11 4.076229e-01 -3.565229e-02 -3.015307e-01 2.719643e-01
1.750000e+11 4.144923e-01 -7.099141e-02 -3.011889e-01 2.757705e-01
1.760000e+11 4.303533e-01 -1.072911e-01 -3.014400e-01 2.877959e-01
1.770000e+11 4.550570e-01 -1.455898e-01 -3.013597e-01 3.083226e-01
1.780000e+11 4.881701e-01 -1.862453e-01 -2.992771e-01 3.377217e-01
1.790000e+11 5.284023e-01 -2.284043e-01 -2.926798e-01 3.760040e-01
1.800000e+11 5.728682e-01 -2.692928e-01 -2.783527e-01 4.221127e-01
1.810000e+11 6.165556e-01 -3.036918e-01 -2.531090e-01 4.731257e-01
1.820000e+11 6.528029e-01 -3.244007e-01 -2.153332e-01 5.239727e-01
1.830000e+11 6.755029e-01 -3.244075e-01 -1.668043e-01 5.685423e-01
1.840000e+11 6.823210e-01 -3.000644e-01 -1.133003e-01 6.022345e-01
1.850000e+11 6.764577e-01 -2.528268e-01 -6.291741e-02 6.242716e-01
1.860000e+11 6.652370e-01 -1.879101e-01 -2.324534e-02 6.377223e-01
1.870000e+11 6.567803e-01 -1.112843e-01 3.071363e-04 6.472836e-01
1.880000e+11 6.571520e-01 -2.771410e-02 4.295981e-03 6.565533e-01
1.890000e+11 6.687186e-01 5.894147e-02 -1.364552e-02 6.659762e-01
1.900000e+11 6.889881e-01 1.436687e-01 -5.468765e-02 6.716198e-01
1.910000e+11 7.097759e-01 2.180084e-01 -1.167130e-01 6.653062e-01
1.920000e+11 7.185958e-01 2.702828e-01 -1.912566e-01 6.377680e-01
1.930000e+11 7.045680e-01 2.907923e-01 -2.635540e-01 5.851454e-01
1.940000e+11 6.658868e-01 2.789147e-01 -3.189730e-01 5.136809e-01
1.950000e+11 6.108840e-01 2.440060e-01 -3.509455e-01 4.364374e-01
1.960000e+11 5.514823e-01 1.987979e-01 -3.621877e-01 3.652837e-01
1.970000e+11 4.967392e-01 1.529327e-01 -3.598369e-01 3.063964e-01
1.980000e+11 4.511152e-01 1.112403e-01 -3.507656e-01 2.609483e-01
1.990000e+11 4.157719e-01 7.504601e-02 -3.397716e-01 2.275733e-01
2.000000e+11 3.902748e-01 4.388012e-02 -3.296712e-01 2.042201e-01
2.010000e+11 3.737069e-01 1.658911e-02 -3.219406e-01 1.890395e-01
2.020000e+11 3.652112e-01 -8.128951e-03 -3.172839e-01 1.806765e-01
2.030000e+11 3.642022e-01 -3.152378e-02 -3.159989e-01 1.783093e-01
2.040000e+11 3.704211e-01 -5.474284e-02 -3.181694e-01 1.816129e-01
2.050000e+11 3.839187e-01 -7.882679e-02 -3.237368e-01 1.907207e-01
2.060000e+11 4.049919e-01 -1.046876e-01 -3.324770e-01 2.061989e-01
2.070000e+11 4.340545e-01 -1.330158e-01 -3.438926e-01 2.290151e-01
2.080000e+11 4.713906e-01 -1.640533e-01 -3.570181e-01 2.604489e-01
2.090000e+11 5.167223e-01 -1.971574e-01 -3.701611e-01 3.018471e-01
2.100000e+11 5.685660e-01 -2.301334e-01 -3.806961e-01 3.540853e-01
2.110000e+11 6.235499e-01 -2.585120e-01 -3.852071e-01 4.166552e-01
2.120000e+11 6.762742e-01 -2.753706e-01 -3.804410e-01 4.866030e-01
2.130000e+11 7.205816e-01 -2.726120e-01 -3.652758e-01 5.581166e-01
2.140000e+11 7.523786e-01 -2.439473e-01 -3.428468e-01 6.237142e-01
2.150000e+11 7.721959e-01 -1.880042e-01 -3.209382e-01 6.767124e-01
2.160000e+11 7.847713e-01 -1.092487e-01 -3.095963e-01 7.127979e-01
2.170000e+11 7.951794e-01 -1.669957e-02 -3.171555e-01 7.290020e-01
2.180000e+11 8.040152e-01 7.736056e-02 -3.464008e-01 7.214307e-01
2.190000e+11 8.050444e-01 1.581366e-01 -3.917305e-01 6.853002e-01
2.200000e+11 7.882036e-01 2.113292e-01 -4.392840e-01 6.193823e-01
2.210000e+11 7.475302e-01 2.297258e-01 -4.730144e-01 5.313049e-01
2.220000e+11 6.869636e-01 2.176373e-01 -4.839850e-01 4.362471e-01
2.230000e+11 6.175231e-01 1.871374e-01 -4.739491e-01 3.488360e-01
2.240000e+11 5.500140e-01 1.502436e-01 -4.508118e-01 2.769675e-01
2.250000e+11 4.909003e-01 1.145373e-01 -4.226295e-01 2.219203e-01
2.260000e+11 4.424875e-01 8.324617e-02 -3.948820e-01 1.814759e-01
2.270000e+11 4.046655e-01 5.695888e-02 -3.704769e-01 1.525017e-01
2.280000e+11 3.763626e-01 3.508181e-02 -3.506361e-01 1.321830e-01
2.290000e+11 3.563467e-01 1.665074e-02 -3.356980e-01 1.183749e-01
2.300000e+11 3.435707e-01 6.845942e-04 -3.256253e-01 1.095834e-01
2.310000e+11 3.372860e-01 -1.369835e-02 -3.202831e-01 1.048473e-01
2.320000e+11 3.370611e-01 -2.726663e-02 -3.195754e-01 1.036255e-01
2.330000e+11 3.427700e-01 -4.069714e-02 -3.235091e-01 1.057207e-01
2.340000e+11 3.545761e-01 -5.460084e-02 -3.322172e-01 1.112417e-01
2.350000e+11 3.729155e-01 -6.953486e-02 -3.459570e-01 1.206013e-01
2.360000e+11 3.984696e-01 -8.598379e-02 -3.650803e-01 1.345405e-01
2.370000e+11 4.321014e-01 -1.042824e-01 -3.899613e-01 1.541652e-01
2.380000e+11 4.747082e-01 -1.244353e-01 -4.208540e-01 1.809576e-01
2.390000e+11 5.269182e-01 -1.457704e-01 -4.576483e-01 2.166835e-01
2.400000e+11 5.885554e-01 -1.663801e-01 -4.995272e-01 2.630354e-01
2.410000e+11 6.578867e-01 -1.824308e-01 -5.446384e-01 3.207849e-01
2.420000e+11 7.309268e-01 -1.877778e-01 -5.901117e-01 3.882805e-01
2.430000e+11 8.014417e-01 -1.748386e-01 -6.328530e-01 4.596058e-01
2.440000e+11 8.621478e-01 -1.376929e-01 -6.709633e-01 5.235912e-01
2.450000e+11 9.063143e-01 -7.687404e-02 -7.041929e-01 5.653392e-01
2.460000e+11 9.279839e-01 -2.768525e-03 -7.315420e-01 5.709577e-01
2.470000e+11 9.213488e-01 6.638438e-02 -7.476407e-01 5.343316e-01
2.480000e+11 8.830039e-01 1.130586e-01 -7.436987e-01 4.624130e-01
2.490000e+11 8.168539e-01 1.302315e-01 -7.147481e-01 3.733968e-01
2.500000e+11 7.346674e-01 1.233502e-01 -6.649923e-01 2.868907e-01
2.510000e+11 6.500752e-01 1.034582e-01 -6.047571e-01 2.148558e-01
2.520000e+11 5.727243e-01 7.989242e-02 -5.439864e-01 1.603408e-01
2.530000e+11 5.069966e-01 5.782895e-02 -4.888807e-01 1.212312e-01
2.540000e+11 4.536248e-01 3.917736e-02 -4.420699e-01 9.388718e-02
2.550000e+11 4.115963e-01 2.411069e-02 -4.039937e-01 7.496182e-02
2.560000e+11 3.793692e-01 1.211560e-02 -3.740863e-01 6.191624e-02
2.570000e+11 3.554541e-01 2.516674e-03 -3.514745e-01 5.298102e-02
2.580000e+11 3.386324e-01 -5.315025e-03 -3.353164e-01 4.697394e-02
2.590000e+11 3.280072e-01 -1.190251e-02 -3.249418e-01 4.312618e-02
2.600000e+11 3.229932e-01 -1.766264e-02 -3.198991e-01 4.095368e-02
2.610000e+11 3.232931e-01 -2.292395e-02 -3.199674e-01 4.017147e-02
2.620000e+11 3.288792e-01 -2.794586e-02 -3.251598e-01 4.064066e-02
2.630000e+11 3.399880e-01 -3.293221e-02 -3.357302e-01 4.233832e-02
2.640000e+11 3.571264e-01 -3.803552e-02 -3.521883e-01 4.534283e-02
2.650000e+11 3.810861e-01 -4.334768e-02 -3.753195e-01 4.982832e-02
2.660000e+11 4.129535e-01 -4.887005e-02 -4.062014e-01 5.605981e-02
2.670000e+11 4.540870e-01 -5.445208e-02 -4.461905e-01 6.437429e-02
2.680000e+11 5.060063e-01 -5.968485e-02 -4.968275e-01 7.511654e-02
2.690000e+11 5.700808e-01 -6.374511e-02 -5.595550e-01 8.846936e-02
2.700000e+11 6.468358e-01 -6.523149e-02 -6.350659e-01 1.040806e-01
2.710000e+11 7.346477e-01 -6.216610e-02 -7.220440e-01 1.203955e-01
2.720000e+11 8.277658e-01 -5.256039e-02 -8.151840e-01 1.338232e-01
2.730000e+11 9.143709e-01 -3.599581e-02 -9.030961e-01 1.385496e-01
2.740000e+11 9.769419e-01 -1.572782e-02 -9.683105e-01 1.286189e-01
2.750000e+11 9.979832e-01 1.286949e-03 -9.926846e-01 1.026940e-01
2.760000e+11 9.700815e-01 8.716889e-03 -9.677082e-01 6.725227e-02
2.770000e+11 9.015470e-01 5.848001e-03 -9.009288e-01 3.286467e-02
2.780000e+11 8.108404e-01 -2.917166e-03 -8.108055e-01 6.926972e-03
2.790000e+11 7.159440e-01 -1.254738e-02 -7.157762e-01 -9.098170e-03
2.800000e+11 6.283630e-01 -2.020189e-02 -6.277979e-01 -1.737035e-02
2.810000e+11 5.531303e-01 -2.516613e-02 -5.521672e-01 -2.076480e-02
2.820000e+11 4.911883e-01 -2.779736e-02 -4.899288e-01 -2.151755e-02
2.830000e+11 4.415483e-01 -2.873642e-02 -4.401099e-01 -2.103468e-02
2.840000e+11 4.025906e-01 -2.855697e-02 -4.010728e-01 -2.010644e-02
2.850000e+11 3.726897e-01 -2.767224e-02 -3.711673e-01 -1.914937e-02
2.860000e+11 3.504633e-01 -2.634354e-02 -3.489883e-01 -1.837743e-02
2.870000e+11 3.348415e-01 -2.471397e-02 -3.334478e-01 -1.790598e-02
2.880000e+11 3.250650e-01 -2.283883e-02 -3.237721e-01 -1.781206e-02
2.890000e+11 3.206636e-01 -2.070575e-02 -3.194781e-01 -1.817090e-02
2.900000e+11 3.214355e-01 -1.824411e-02 -3.203495e-01 -1.908223e-02
2.910000e+11 3.274389e-01 -1.532521e-02 -3.264247e-01 -2.069553e-02
2.920000e+11 3.389971e-01 -1.175459e-02 -3.379951e-01 -2.324172e-02
2.930000e+11 3.567165e-01 -7.258043e-03 -3.556132e-01 -2.707937e-02
2.940000e+11 3.815139e-01 -1.465271e-03 -3.801014e-01 -3.276535e-02
2.950000e+11 4.146331e-01 6.098372e-03 -4.125397e-01 -4.116233e-02
2.960000e+11 4.576143e-01 1.598449e-02 -4.541840e-01 -5.359339e-02
2.970000e+11 5.121226e-01 2.869480e-02 -5.062187e-01 -7.203340e-02
2.980000e+11 5.794556e-01 4.432719e-02 -5.691688e-01 -9.925081e-02
2.990000e+11 6.594514e-01 6.180591e-02 -6.417496e-01 -1.386131e-01
3.000000e+11 7.485908e-01 7.762486e-02 -7.191293e-01 -1.929137e-01
3.010000e+11 8.378402e-01 8.477413e-02 -7.914811e-01 -2.614332e-01
3.020000e+11 9.125025e-01 7.403169e-02 -8.452193e-01 -3.358341e-01
3.030000e+11 9.569297e-01 3.977807e-02 -8.687898e-01 -3.991697e-01
3.040000e+11 9.623353e-01 -1.300504e-02 -8.592761e-01 -4.330872e-01
3.050000e+11 9.304412e-01 -6.931002e-02 -8.225685e-01 -4.292994e-01
3.060000e+11 8.703823e-01 -1.135914e-01 -7.678329e-01 -3.938210e-01
3.070000e+11 7.938919e-01 -1.383171e-01 -7.035027e-01 -3.409056e-01
3.080000e+11 7.120442e-01 -1.447332e-01 -6.365405e-01 -2.843861e-01
3.090000e+11 6.333139e-01 -1.385131e-01 -5.723524e-01 -2.330522e-01
3.100000e+11 5.628271e-01 -1.255556e-01 -5.144946e-01 -1.905399e-01
3.110000e+11 5.027731e-01 -1.100893e-01 -4.647058e-01 -1.571932e-01
3.120000e+11 4.533939e-01 -9.452612e-02 -4.233666e-01 -1.318773e-01
3.130000e+11 4.139323e-01 -7.996888e-02 -3.900728e-01 -1.130845e-01
3.140000e+11 3.832819e-01 -6.674469e-02 -3.640909e-01 -9.943831e-02
3.150000e+11 3.603489e-01 -5.477405e-02 -3.446401e-01 -8.985715e-02
3.160000e+11 3.442209e-01 -4.378159e-02 -3.310397e-01 -8.356962e-02
3.170000e+11 3.342327e-01 -3.339934e-02 -3.227734e-01 -8.008336e-02
3.180000e+11 3.299865e-01 -2.320654e-02 -3.195112e-01 -7.915268e-02
3.190000e+11 3.313570e-01 -1.273379e-02 -3.211114e-01 -8.076361e-02
3.200000e+11 3.384992e-01 -1.447553e-03 -3.276126e-01 -8.514455e-02
3.210000e+11 3.518630e-01 1.127475e-02 -3.392153e-01 -9.280845e-02
3.220000e+11 3.722094e-01 2.616759e-02 -3.562401e-01 -1.046331e-01
3.230000e+11 4.006105e-01 4.407555e-02 -3.790332e-01 -1.219835e-01
3.240000e+11 4.383790e-01 6.587572e-02 -4.077593e-01 -1.468635e-01
3.250000e+11 4.868167e-01 9.221552e-02 -4.419853e-01 -1.820325e-01
3.260000e+11 5.465800e-01 1.228725e-01 -4.799430e-01 -2.308828e-01
3.270000e+11 6.164191e-01 1.555130e-01 -5.174976e-01 -2.966217e-01
3.280000e+11 6.913796e-01 1.839758e-01 -5.474305e-01 -3.801034e-01
3.290000e+11 7.617603e-01 1.974429e-01 -5.607239e-01 -4.763231e-01
3.300000e+11 8.155811e-01 1.833683e-01 -5.515522e-01 -5.721353e-01
3.310000e+11 8.452743e-01 1.350161e-01 -5.235142e-01 -6.497632e-01
3.320000e+11 8.525449e-01 5.761724e-02 -4.896051e-01 -6.955573e-01
3.330000e+11 8.448829e-01 -3.370108e-02 -4.637511e-01 -7.054264e-01
3.340000e+11 8.278102e-01 -1.212648e-01 -4.523046e-01 -6.826311e-01
3.350000e+11 8.015131e-01 -1.906138e-01 -4.523882e-01 -6.335887e-01
3.360000e+11 7.636285e-01 -2.334186e-01 -4.558936e-01 -5.663967e-01
3.370000e+11 7.138425e-01 -2.486717e-01 -4.550631e-01 -4.905621e-01
3.380000e+11 6.557805e-01 -2.415897e-01 -4.462032e-01 -4.154336e-01
3.390000e+11 5.953569e-01 -2.202778e-01 -4.299696e-01 -3.479276e-01
3.400000e+11 5.380592e-01 -1.922718e-01 -4.093622e-01 -2.914821e-01
3.410000e+11 4.874426e-01 -1.627841e-01 -3.876400e-01 -2.466514e-01
3.420000e+11 4.450951e-01 -1.346287e-01 -3.672651e-01 -2.123702e-01
3.430000e+11 4.112785e-01 -1.088935e-01 -3.497378e-01 -1.870177e-01
3.440000e+11 3.855968e-01 -8.565110e-02 -3.358239e-01 -1.690297e-01
3.450000e+11 3.674605e-01 -6.445297e-02 -3.258423e-01 -1.571618e-01
3.460000e+11 3.563523e-01 -4.460470e-02 -3.198860e-01 -1.505668e-01
3.470000e+11 3.519633e-01 -2.529051e-02 -3.179577e-01 -1.488000e-01
3.480000e+11 3.542621e-01 -5.610084e-03 -3.200338e-01 -1.518176e-01
3.490000e+11 3.635313e-01 1.542775e-02 -3.260657e-01 -1.599942e-01
3.500000e+11 3.803798e-01 3.891950e-02 -3.359141e-01 -1.741717e-01
3.510000e+11 4.057106e-01 6.604501e-02 -3.491845e-01 -1.957275e-01
3.520000e+11 4.405728e-01 9.792828e-02 -3.649113e-01 -2.266146e-01
3.530000e+11 4.857491e-01 1.352276e-01 -3.810218e-01 -2.692360e-01
3.540000e+11 5.408460e-01 1.772217e-01 -3.936060e-01 -3.258545e-01
3.550000e+11 6.027389e-01 2.202446e-01 -3.963750e-01 -3.970811e-01
3.560000e+11 6.639390e-01 2.560430e-01 -3.814687e-01 -4.793106e-01
3.570000e+11 7.130478e-01 2.722343e-01 -3.431766e-01 -5.626326e-01
3.580000e+11 7.398515e-01 2.574445e-01 -2.837312e-01 -6.329290e-01
3.590000e+11 7.427067e-01 2.088285e-01 -2.153857e-01 -6.794210e-01
3.600000e+11 7.301912e-01 1.340384e-01 -1.544528e-01 -7.009688e-01
3.610000e+11 7.146500e-01 4.540220e-02 -1.129963e-01 -7.041981e-01
3.620000e+11 7.048722e-01 -4.632632e-02 -9.590175e-02 -6.967794e-01
3.630000e+11 7.032165e-01 -1.334045e-01 -1.026855e-01 -6.827682e-01
3.640000e+11 7.062014e-01 -2.093874e-01 -1.295924e-01 -6.618785e-01
3.650000e+11 7.066160e-01 -2.677677e-01 -1.702748e-01 -6.313582e-01
3.660000e+11 6.967674e-01 -3.028743e-01 -2.162205e-01 -5.890677e-01
3.670000e+11 6.722573e-01 -3.124840e-01 -2.585185e-01 -5.361454e-01
3.680000e+11 6.341354e-01 -2.995188e-01 -2.907113e-01 -4.773920e-01
3.690000e+11 5.877809e-01 -2.708049e-01 -3.106042e-01 -4.191373e-01
3.700000e+11 5.397672e-01 -2.339425e-01 -3.197182e-01 -3.666058e-01
3.710000e+11 4.953308e-01 -1.948161e-01 -3.213543e-01 -3.226929e-01
3.720000e+11 4.575758e-01 -1.568371e-01 -3.188954e-01 -2.882420e-01
3.730000e+11 4.278691e-01 -1.213593e-01 -3.149940e-01 -2.629118e-01
3.740000e+11 4.065686e-01 -8.840676e-02 -3.114366e-01 -2.459461e-01
3.750000e+11 3.936310e-01 -5.725884e-02 -3.092918e-01 -2.366546e-01
3.760000e+11 3.890015e-01 -2.680074e-02 -3.090921e-01 -2.346613e-01
3.770000e+11 3.928261e-01 4.303565e-03 -3.109384e-01 -2.400232e-01
3.780000e+11 4.055384e-01 3.752502e-02 -3.144846e-01 -2.532838e-01
3.790000e+11 4.278199e-01 7.436862e-02 -3.187734e-01 -2.754681e-01
3.800000e+11 4.603560e-01 1.161195e-01 -3.218922e-01 -3.079438e-01
3.810000e+11 5.032109e-01 1.632247e-01 -3.204761e-01 -3.519573e-01
3.820000e+11 5.545918e-01 2.140689e-01 -3.093020e-01 -4.075277e-01
3.830000e+11 6.090932e-01 2.632242e-01 -2.817478e-01 -4.715142e-01
3.840000e+11 6.566983e-01 3.004508e-01 -2.323935e-01 -5.357008e-01
3.850000e+11 6.853300e-01 3.132407e-01 -1.618628e-01 -5.876716e-01
3.860000e+11 6.878878e-01 2.938439e-01 -7.994930e-02 -6.168091e-01
3.870000e+11 6.679435e-01 2.449582e-01 -1.699722e-03 -6.214025e-01
3.880000e+11 6.372145e-01 1.772214e-01 6.094530e-02 -6.090325e-01
3.890000e+11 6.079885e-01 1.017149e-01 1.033855e-01 -5.904368e-01
3.900000e+11 5.883006e-01 2.535169e-02 1.264081e-01 -5.739999e-01
3.910000e+11 5.815378e-01 -4.906708e-02 1.324873e-01 -5.641150e-01
3.920000e+11 5.877084e-01 -1.207440e-01 1.235177e-01 -5.617521e-01
3.930000e+11 6.043111e-01 -1.887301e-01 1.003015e-01 -5.652544e-01
3.940000e+11 6.264848e-01 -2.503508e-01 6.324310e-02 -5.707959e-01
3.950000e+11 6.471675e-01 -3.006024e-01 1.377850e-02 -5.729521e-01
3.960000e+11 6.583846e-01 -3.331807e-01 -4.418172e-02 -5.661350e-01
3.970000e+11 6.540948e-01 -3.432837e-01 -1.040602e-01 -5.469624e-01
3.980000e+11 6.330990e-01 -3.305498e-01 -1.585099e-01 -5.161644e-01
3.990000e+11 5.994861e-01 -2.995473e-01 -2.022908e-01 -4.782608e-01
4.000000e+11 5.601697e-01 -2.573405e-01 -2.338134e-01 -4.392006e-01
4.010000e+11 5.217803e-01 -2.103929e-01 -2.545033e-01 -4.040019e-01
4.020000e+11 4.890016e-01 -1.628918e-01 -2.671370e-01 -3.758014e-01
4.030000e+11 4.645051e-01 -1.166515e-01 -2.744664e-01 -3.561258e-01
4.040000e+11 4.496213e-01 -7.174216e-02 -2.785309e-01 -3.455907e-01
4.050000e+11 4.450472e-01 -2.716842e-02 -2.804339e-01 -3.445079e-01
4.060000e+11 4.513048e-01 1.862129e-02 -2.802695e-01 -3.532397e-01
4.070000e+11 4.688778e-01 6.732223e-02 -2.769946e-01 -3.722742e-01
4.080000e+11 4.979444e-01 1.202407e-01 -2.681857e-01 -4.019543e-01
4.090000e+11 5.375390e-01 1.773473e-01 -2.498169e-01 -4.416873e-01
4.100000e+11 5.840252e-01 2.357195e-01 -2.165760e-01 -4.884839e-01
4.110000e+11 6.294363e-01 2.878828e-01 -1.637080e-01 -5.352694e-01
4.120000e+11 6.618155e-01 3.221617e-01 -9.094481e-02 -5.709121e-01
4.130000e+11 6.701770e-01 3.276498e-01 -6.167167e-03 -5.845894e-01
4.140000e+11 6.519967e-01 3.017029e-01 7.645745e-02 -5.729130e-01
4.150000e+11 6.152946e-01 2.520179e-01 1.443324e-01 -5.424413e-01
4.160000e+11 5.726647e-01 1.906521e-01 1.924401e-01 -5.045428e-01
4.170000e+11 5.343954e-01 1.271344e-01 2.225520e-01 -4.689199e-01
4.180000e+11 5.061648e-01 6.616346e-02 2.391535e-01 -4.411698e-01
4.190000e+11 4.901164e-01 8.725364e-03 2.464070e-01 -4.235818e-01
4.200000e+11 4.865355e-01 -4.609781e-02 2.469848e-01 -4.166417e-01
4.210000e+11 4.948891e-01 -9.977625e-02 2.419325e-01 -4.200340e-01
4.220000e+11 5.141107e-01 -1.534232e-01 2.308567e-01 -4.329854e-01
4.230000e+11 5.423048e-01 -2.070279e-01 2.122121e-01 -4.540925e-01
4.240000e+11 5.760946e-01 -2.586737e-01 1.838100e-01 -4.808189e-01
4.250000e+11 6.100482e-01 -3.039681e-01 1.438088e-01 -5.090002e-01
4.260000e+11 6.370030e-01 -3.364076e-01 9.223991e-02 -5.330052e-01
4.270000e+11 6.500809e-01 -3.494315e-01 3.236798e-02 -5.472249e-01
4.280000e+11 6.458681e-01 -3.396229e-01 -2.948944e-02 -5.485729e-01
4.290000e+11 6.263972e-01 -3.086905e-01 -8.624432e-02 -5.381873e-01
4.300000e+11 5.980449e-01 -2.623449e-01 -1.328450e-01 -5.207543e-01
4.310000e+11 5.684328e-01 -2.071603e-01 -1.674386e-01 -5.021601e-01
4.320000e+11 5.439040e-01 -1.480111e-01 -1.905557e-01 -4.874554e-01
4.330000e+11 5.287110e-01 -8.725755e-02 -2.035349e-01 -4.800990e-01
4.340000e+11 5.253395e-01 -2.520258e-02 -2.072185e-01 -4.820860e-01
4.350000e+11 5.349942e-01 3.893983e-02 -2.011682e-01 -4.942002e-01
4.360000e+11 5.575943e-01 1.058368e-01 -1.833160e-01 -5.158539e-01
4.370000e+11 5.909384e-01 1.744531e-01 -1.501826e-01 -5.442604e-01
4.380000e+11 6.291537e-01 2.401079e-01 -9.826391e-02 -5.731726e-01
4.390000e+11 6.617251e-01 2.933275e-01 -2.722450e-02 -5.925352e-01
4.400000e+11 6.759230e-01 3.222110e-01 5.630680e-02 -5.915078e-01
4.410000e+11 6.637531e-01 3.193684e-01 1.388016e-01 -5.650717e-01
4.420000e+11 6.278203e-01 2.877925e-01 2.065215e-01 -5.183461e-01
4.430000e+11 5.790722e-01 2.386124e-01 2.529963e-01 -4.630136e-01
4.440000e+11 5.292846e-01 1.835860e-01 2.799089e-01 -4.099871e-01
4.450000e+11 4.861914e-01 1.302287e-01 2.928891e-01 -3.655660e-01
4.460000e+11 4.532125e-01 8.153429e-02 2.976318e-01 -3.319172e-01
4.470000e+11 4.311307e-01 3.764078e-02 2.983104e-01 -3.089786e-01
4.480000e+11 4.196248e-01 -2.642071e-03 2.974787e-01 -2.959466e-01
4.490000e+11 4.181415e-01 -4.094317e-02 2.964322e-01 -2.920513e-01
4.500000e+11 4.262495e-01 -7.889888e-02 2.955365e-01 -2.968531e-01
4.510000e+11 4.436708e-01 -1.179150e-01 2.943924e-01 -3.102789e-01
4.520000e+11 4.700818e-01 -1.589201e-01 2.918453e-01 -3.324871e-01
4.530000e+11 5.046844e-01 -2.019657e-01 2.859145e-01 -3.635506e-01
4.540000e+11 5.455459e-01 -2.456088e-01 2.738031e-01 -4.029001e-01
4.550000e+11 5.888686e-01 -2.862125e-01 2.522765e-01 -4.485591e-01
4.560000e+11 6.287424e-01 -3.177093e-01 2.187513e-01 -4.965135e-01
4.570000e+11 6.582693e-01 -3.327157e-01 1.730465e-01 -5.409932e-01
4.580000e+11 6.723767e-01 -3.253137e-01 1.187980e-01 -5.763232e-01
4.590000e+11 6.707885e-01 -2.939798e-01 6.299580e-02 -5.996371e-01
4.600000e+11 6.585791e-01 -2.421094e-01 1.348282e-02 -6.123134e-01
4.610000e+11 6.437472e-01 -1.756369e-01 -2.359350e-02 -6.188744e-01
4.620000e+11 6.339662e-01 -1.000519e-01 -4.449027e-02 -6.244384e-01
4.630000e+11 6.344865e-01 -1.907836e-02 -4.692909e-02 -6.324609e-01
4.640000e+11 6.471541e-01 6.455946e-02 -2.896708e-02 -6.432740e-01
4.650000e+11 6.695298e-01 1.469697e-01 1.096167e-02 -6.531079e-01
4.660000e+11 6.939073e-01 2.207193e-01 7.203570e-02 -6.539122e-01
4.670000e+11 7.080389e-01 2.745813e-01 1.476845e-01 -6.356992e-01
4.680000e+11 7.002289e-01 2.980712e-01 2.244437e-01 -5.925361e-01
4.690000e+11 6.669898e-01 2.888330e-01 2.871155e-01 -5.282192e-01
4.700000e+11 6.154464e-01 2.549326e-01 3.271186e-01 -4.547276e-01
4.710000e+11 5.575474e-01 2.090371e-01 3.453838e-01 -3.845421e-01
4.720000e+11 5.030877e-01 1.614386e-01 3.483552e-01 -3.250899e-01
4.730000e+11 4.572521e-01 1.176078e-01 3.430145e-01 -2.785479e-01
4.740000e+11 4.216482e-01 7.923587e-02 3.345420e-01 -2.441116e-01
4.750000e+11 3.960541e-01 4.598554e-02 3.261181e-01 -2.199800e-01
4.760000e+11 3.796375e-01 1.670555e-02 3.194797e-01 -2.043973e-01
4.770000e+11 3.715722e-01 -9.961900e-03 3.154898e-01 -1.960429e-01
4.780000e+11 3.712871e-01 -3.534253e-02 3.145214e-01 -1.941166e-01
4.790000e+11 3.785327e-01 -6.066063e-02 3.166625e-01 -1.983233e-01
4.800000e+11 3.933604e-01 -8.701934e-02 3.217870e-01 -2.088378e-01
4.810000e+11 4.160375e-01 -1.153562e-01 3.295190e-01 -2.262684e-01
4.820000e+11 4.468743e-01 -1.463090e-01 3.391025e-01 -2.515945e-01
4.830000e+11 4.859054e-01 -1.799192e-01 3.491867e-01 -2.860102e-01
4.840000e+11 5.323633e-01 -2.151056e-01 3.575859e-01 -3.305641e-01
4.850000e+11 5.839739e-01 -2.489388e-01 3.612010e-01 -3.854722e-01
4.860000e+11 6.363935e-01 -2.760406e-01 3.564755e-01 -4.491363e-01
4.870000e+11 6.835438e-01 -2.888774e-01 3.408000e-01 -5.173368e-01
4.880000e+11 7.196097e-01 -2.797536e-01 3.146781e-01 -5.835699e-01
4.890000e+11 7.421614e-01 -2.440615e-01 2.832686e-01 -6.410901e-01
4.900000e+11 7.539587e-01 -1.825507e-01 2.556064e-01 -6.854155e-01
4.910000e+11 7.613140e-01 -1.008749e-01 2.416204e-01 -7.148726e-01
4.920000e+11 7.698011e-01 -7.676264e-03 2.488214e-01 -7.284386e-01
4.930000e+11 7.799382e-01 8.625097e-02 2.796576e-01 -7.229495e-01
4.940000e+11 7.852219e-01 1.676925e-01 3.291997e-01 -6.928782e-01
4.950000e+11 7.747504e-01 2.228893e-01 3.844409e-01 -6.346367e-01
4.960000e+11 7.407990e-01 2.436606e-01 4.288044e-01 -5.527562e-01
4.970000e+11 6.854621e-01 2.328325e-01 4.511692e-01 -4.605362e-01
4.980000e+11 6.190498e-01 2.018778e-01 4.510508e-01 -3.728555e-01
4.990000e+11 5.528095e-01 1.632371e-01 4.353831e-01 -2.989875e-01
5.000000e+11 4.939935e-01 1.252088e-01 4.123762e-01 -2.414502e-01
5.010000e+11 4.455067e-01 9.153140e-02 3.880893e-01 -1.987081e-01
5.020000e+11 4.075637e-01 6.302854e-02 3.659919e-01 -1.678855e-01
5.030000e+11 3.792338e-01 3.916203e-02 3.477164e-01 -1.462121e-01
5.040000e+11 3.593356e-01 1.893656e-02 3.338688e-01 -1.315110e-01
5.050000e+11 3.468374e-01 1.306723e-03 3.245775e-01 -1.222452e-01
5.060000e+11 3.409975e-01 -1.468299e-02 3.198048e-01 -1.174249e-01
5.070000e+11 3.413941e-01 -2.987596e-02 3.195060e-01 -1.165044e-01
5.080000e+11 3.479165e-01 -4.502284e-02 3.237035e-01 -1.193100e-01
5.090000e+11 3.607465e-01 -6.080581e-02 3.325108e-01 -1.260050e-01
5.100000e+11 3.803346e-01 -7.784606e-02 3.461223e-01 -1.370905e-01
5.110000e+11 4.073564e-01 -9.667181e-02 3.647645e-01 -1.534298e-01
5.120000e+11 4.426161e-01 -1.176121e-01 3.885911e-01 -1.762764e-01
5.130000e+11 4.868422e-01 -1.405618e-01 4.174967e-01 -2.072538e-01
5.140000e+11 5.402996e-01 -1.645517e-01 4.508334e-01 -2.481847e-01
5.150000e+11 6.021701e-01 -1.870979e-01 4.870827e-01 -3.005889e-01
5.160000e+11 6.698144e-01 -2.035062e-01 5.237084e-01 -3.646452e-01
5.170000e+11 7.383820e-01 -2.067383e-01 5.576362e-01 -4.376176e-01
5.180000e+11 8.015158e-01 -1.888701e-01 5.867137e-01 -5.123697e-01
5.190000e+11 8.532661e-01 -1.447165e-01 6.114710e-01 -5.772551e-01
5.200000e+11 8.895606e-01 -7.631188e-02 6.349833e-01 -6.182966e-01
5.210000e+11 9.071202e-01 4.784806e-03 6.591428e-01 -6.231974e-01
5.220000e+11 9.012339e-01 7.997762e-02 6.797559e-01 -5.863088e-01
5.230000e+11 8.672905e-01 1.314251e-01 6.866675e-01 -5.132330e-01
5.240000e+11 8.065724e-01 1.513315e-01 6.713505e-01 -4.206499e-01
5.250000e+11 7.287332e-01 1.446951e-01 6.343002e-01 -3.282967e-01
5.260000e+11 6.468083e-01 1.230463e-01 5.839044e-01 -2.495520e-01
5.270000e+11 5.708502e-01 9.668518e-02 5.299803e-01 -1.887930e-01
5.280000e+11 5.058213e-01 7.158564e-02 4.794166e-01 -1.445352e-01
5.290000e+11 4.528521e-01 5.008887e-02 4.355986e-01 -1.132252e-01
5.300000e+11 4.111335e-01 3.252071e-02 3.995325e-01 -9.136194e-02
5.310000e+11 3.792112e-01 1.837246e-02 3.710217e-01 -7.620056e-02
5.320000e+11 3.556296e-01 6.912141e-03 3.494226e-01 -6.579128e-02
5.330000e+11 3.391832e-01 -2.563822e-03 3.340347e-01 -5.881725e-02
5.340000e+11 3.289833e-01 -1.065382e-02 3.242761e-01 -5.441964e-02
5.350000e+11 3.244537e-01 -1.784599e-02 3.197518e-01 -5.206287e-02
5.360000e+11 3.253093e-01 -2.453662e-02 3.202774e-01 -5.144413e-02
5.370000e+11 3.315382e-01 -3.105169e-02 3.258889e-01 -5.243852e-02
5.380000e+11 3.433958e-01 -3.766291e-02 3.368521e-01 -5.507092e-02
5.390000e+11 3.614084e-01 -4.459333e-02 3.536755e-01 -5.950756e-02
5.400000e+11 3.863834e-01 -5.200607e-02 3.771252e-01 -6.606110e-02
5.410000e+11 4.194076e-01 -5.996572e-02 4.082299e-01 -7.520095e-02
5.420000e+11 4.618049e-01 -6.835437e-02 4.482480e-01 -8.755119e-02
5.430000e+11 5.149889e-01 -7.671757e-02 4.985440e-01 -1.038360e-01
5.440000e+11 5.800987e-01 -8.402111e-02 5.602747e-01 -1.246882e-01
5.450000e+11 6.572522e-01 -8.835489e-02 6.337366e-01 -1.501725e-01
5.460000e+11 7.442572e-01 -8.679729e-02 7.172146e-01 -1.788524e-01
5.470000e+11 8.348519e-01 -7.599056e-02 8.053402e-01 -2.064713e-01
5.480000e+11 9.172580e-01 -5.415752e-02 8.875349e-01 -2.251912e-01
5.490000e+11 9.749647e-01 -2.422964e-02 9.482010e-01 -2.255746e-01
5.500000e+11 9.920123e-01 5.075587e-03 9.710951e-01 -2.025760e-01
5.510000e+11 9.618322e-01 2.391303e-02 9.479262e-01 -1.611996e-01
5.520000e+11 8.924648e-01 2.848161e-02 8.846719e-01 -1.141836e-01
5.530000e+11 8.017632e-01 2.240094e-02 7.981082e-01 -7.311454e-02
5.540000e+11 7.073470e-01 1.188392e-02 7.059440e-01 -4.291486e-02
5.550000e+11 6.205473e-01 1.451901e-03 6.201183e-01 -2.302579e-02
5.560000e+11 5.462650e-01 -6.920297e-03 5.461149e-01 -1.077694e-02
5.570000e+11 4.853271e-01 -1.290032e-02 4.851428e-01 -3.520245e-03
5.580000e+11 4.366633e-01 -1.684261e-02 4.363378e-01 6.919997e-04
5.590000e+11 3.986091e-01 -1.925352e-02 3.981316e-01 3.123876e-03
