# #nu(Hz) #T #rho #c #s
0.000000e+00 1.000000e+00 -2.220446e-16 1.000000e+00 0.000000e+00
1.000000e+09 9.614555e-01 -5.216693e-03 9.610049e-01 2.896595e-02
2.000000e+09 8.643080e-01 -1.632983e-02 8.629033e-01 4.646968e-02
3.000000e+09 7.455660e-01 -2.588753e-02 7.433538e-01 5.122186e-02
4.000000e+09 6.334629e-01 -3.072897e-02 6.308584e-01 4.846304e-02
5.000000e+09 5.401948e-01 -3.150031e-02 5.375477e-01 4.313561e-02
6.000000e+09 4.675964e-01 -2.983259e-02 4.651056e-01 3.785683e-02
7.000000e+09 4.133210e-01 -2.698371e-02 4.110684e-01 3.359921e-02
8.000000e+09 3.741578e-01 -2.364947e-02 3.721552e-01 3.058221e-02
9.000000e+09 3.473078e-01 -2.011951e-02 3.455282e-01 2.877863e-02
1.000000e+10 3.307261e-01 -1.643496e-02 3.291167e-01 2.813937e-02
1.100000e+10 3.231338e-01 -1.248043e-02 3.216157e-01 2.868923e-02
1.200000e+10 3.239596e-01 -8.019748e-03 3.224131e-01 3.058242e-02
1.300000e+10 3.333019e-01 -2.692814e-03 3.315354e-01 3.416449e-02
1.400000e+10 3.519400e-01 4.013318e-03 3.496281e-01 4.007305e-02
1.500000e+10 3.813866e-01 1.280309e-02 3.779554e-01 4.941170e-02
1.600000e+10 4.239289e-01 2.457863e-02 4.183427e-01 6.403885e-02
1.700000e+10 4.824913e-01 4.028862e-02 4.728711e-01 8.699197e-02
1.800000e+10 5.598851e-01 6.029818e-02 5.428895e-01 1.229086e-01
1.900000e+10 6.565658e-01 8.266215e-02 6.266291e-01 1.777123e-01
2.000000e+10 7.660083e-01 9.993298e-02 7.151922e-01 2.555041e-01
2.100000e+10 8.696461e-01 9.714601e-02 7.900643e-01 3.502078e-01
2.200000e+10 9.399034e-01 5.941514e-02 8.300784e-01 4.368730e-01
2.300000e+10 9.563964e-01 -9.360366e-03 8.268232e-01 4.805932e-01
2.400000e+10 9.184457e-01 -8.152471e-02 7.879518e-01 4.647884e-01
2.500000e+10 8.405857e-01 -1.290329e-01 7.256859e-01 4.041221e-01
2.600000e+10 7.432655e-01 -1.443056e-01 6.514368e-01 3.274898e-01
2.700000e+10 6.453723e-01 -1.365067e-01 5.760903e-01 2.568878e-01
2.800000e+10 5.589673e-01 -1.179425e-01 5.079737e-01 2.012380e-01
2.900000e+10 4.887784e-01 -9.682338e-02 4.512802e-01 1.608595e-01
3.000000e+10 4.349018e-01 -7.690224e-02 4.068877e-01 1.329213e-01
3.100000e+10 3.955390e-01 -5.923984e-02 3.739858e-01 1.143519e-01
3.200000e+10 3.686001e-01 -4.364886e-02 3.512742e-01 1.027971e-01
3.300000e+10 3.523939e-01 -2.945339e-02 3.375725e-01 9.674060e-02
3.400000e+10 3.458545e-01 -1.579558e-02 3.320598e-01 9.540503e-02
3.500000e+10 3.485944e-01 -1.714105e-03 3.343356e-01 9.866535e-02
3.600000e+10 3.609184e-01 1.387774e-02 3.443971e-01 1.070521e-01
3.700000e+10 3.838373e-01 3.223920e-02 3.625461e-01 1.218691e-01
3.800000e+10 4.190385e-01 5.479112e-02 3.891536e-01 1.454327e-01
3.900000e+10 4.686458e-01 8.286994e-02 4.241068e-01 1.813696e-01
4.000000e+10 5.343596e-01 1.168520e-01 4.656329e-01 2.346738e-01
4.100000e+10 6.152867e-01 1.540064e-01 5.083222e-01 3.105934e-01
4.200000e+10 7.042348e-01 1.849666e-01 5.414108e-01 4.106194e-01
4.300000e+10 7.854009e-01 1.920068e-01 5.514699e-01 5.252323e-01
4.400000e+10 8.406405e-01 1.567599e-01 5.334917e-01 6.304675e-01
4.500000e+10 8.633530e-01 7.691361e-02 5.007360e-01 6.990895e-01
4.600000e+10 8.610492e-01 -2.745407e-02 4.752916e-01 7.174607e-01
4.700000e+10 8.414556e-01 -1.264112e-01 4.680385e-01 6.877555e-01
4.800000e+10 8.043284e-01 -1.956076e-01 4.723813e-01 6.209169e-01
4.900000e+10 7.482670e-01 -2.251137e-01 4.742965e-01 5.331699e-01
5.000000e+10 6.787348e-01 -2.204108e-01 4.650705e-01 4.425037e-01
5.100000e+10 6.063789e-01 -1.950743e-01 4.452541e-01 3.624778e-01
5.200000e+10 5.406158e-01 -1.617001e-01 4.203350e-01 2.990602e-01
5.300000e+10 4.865004e-01 -1.278624e-01 3.957478e-01 2.524234e-01
5.400000e+10 4.454527e-01 -9.665027e-02 3.749531e-01 2.202205e-01
5.500000e+10 4.170649e-01 -6.850399e-02 3.596281e-01 1.997948e-01
5.600000e+10 4.004454e-01 -4.261299e-02 3.503866e-01 1.891293e-01
5.700000e+10 3.949260e-01 -1.764200e-02 3.473364e-01 1.871169e-01
5.800000e+10 4.003658e-01 7.979392e-03 3.503514e-01 1.936053e-01
5.900000e+10 4.172422e-01 3.595814e-02 3.590821e-01 2.094232e-01
6.000000e+10 4.465692e-01 6.802637e-02 3.726903e-01 2.364285e-01
6.100000e+10 4.895085e-01 1.055665e-01 3.892226e-01 2.774527e-01
6.200000e+10 5.463170e-01 1.485756e-01 4.045563e-01 3.357405e-01
6.300000e+10 6.142067e-01 1.935322e-01 4.112852e-01 4.130854e-01
6.400000e+10 6.845701e-01 2.306418e-01 3.992467e-01 5.060065e-01
6.500000e+10 7.428924e-01 2.438334e-01 3.607106e-01 6.019321e-01
6.600000e+10 7.761852e-01 2.184649e-01 2.995068e-01 6.819327e-01
6.700000e+10 7.839054e-01 1.529259e-01 2.337034e-01 7.324643e-01
6.800000e+10 7.781065e-01 6.021378e-02 1.848629e-01 7.534254e-01
6.900000e+10 7.715816e-01 -4.156782e-02 1.657976e-01 7.524105e-01
7.000000e+10 7.682366e-01 -1.363119e-01 1.778301e-01 7.348354e-01
7.100000e+10 7.624928e-01 -2.106743e-01 2.134363e-01 7.010396e-01
7.200000e+10 7.451602e-01 -2.548066e-01 2.594869e-01 6.503875e-01
7.300000e+10 7.112637e-01 -2.657907e-01 3.020425e-01 5.865336e-01
7.400000e+10 6.639550e-01 -2.492838e-01 3.321243e-01 5.180611e-01
7.500000e+10 6.117011e-01 -2.158218e-01 3.481168e-01 4.543279e-01
7.600000e+10 5.629110e-01 -1.751933e-01 3.534415e-01 4.015660e-01
7.700000e+10 5.230271e-01 -1.335018e-01 3.528714e-01 3.622379e-01
7.800000e+10 4.945928e-01 -9.325876e-02 3.503194e-01 3.364538e-01
7.900000e+10 4.784635e-01 -5.461607e-02 3.482415e-01 3.235310e-01
8.000000e+10 4.748809e-01 -1.647383e-02 3.477551e-01 3.229658e-01
8.100000e+10 4.840668e-01 2.280546e-02 3.488057e-01 3.348659e-01
8.200000e+10 5.063398e-01 6.488182e-02 3.500979e-01 3.600025e-01
8.300000e+10 5.417199e-01 1.107866e-01 3.487396e-01 3.994589e-01
8.400000e+10 5.888578e-01 1.597713e-01 3.397908e-01 4.536175e-01
8.500000e+10 6.432753e-01 2.075352e-01 3.164394e-01 5.201906e-01
8.600000e+10 6.959148e-01 2.447888e-01 2.722267e-01 5.918348e-01
8.700000e+10 7.347511e-01 2.588947e-01 2.060676e-01 6.560250e-01
8.800000e+10 7.513245e-01 2.404702e-01 1.266909e-01 7.004370e-01
8.900000e+10 7.473514e-01 1.901650e-01 5.008671e-02 7.210151e-01
9.000000e+10 7.334118e-01 1.177208e-01 -9.223360e-03 7.238437e-01
9.100000e+10 7.211971e-01 3.495810e-02 -4.388190e-02 7.190115e-01
9.200000e+10 7.175101e-01 -4.897742e-02 -5.267517e-02 7.138959e-01
9.300000e+10 7.228332e-01 -1.274294e-01 -3.734945e-02 7.105312e-01
9.400000e+10 7.323909e-01 -1.941077e-01 -1.248719e-03 7.061990e-01
9.500000e+10 7.384161e-01 -2.422420e-01 5.010405e-02 6.957490e-01
9.600000e+10 7.336996e-01 -2.662981e-01 1.085428e-01 6.749955e-01
9.700000e+10 7.153792e-01 -2.649248e-01 1.648418e-01 6.437464e-01
9.800000e+10 6.863229e-01 -2.420229e-01 2.118543e-01 6.062852e-01
9.900000e+10 6.530508e-01 -2.045804e-01 2.465568e-01 5.690624e-01
1.000000e+11 6.223960e-01 -1.593329e-01 2.695377e-01 5.379026e-01
1.010000e+11 5.994617e-01 -1.107648e-01 2.830416e-01 5.166943e-01
1.020000e+11 5.873128e-01 -6.090772e-02 2.891969e-01 5.075349e-01
1.030000e+11 5.874744e-01 -1.010063e-02 2.890097e-01 5.113683e-01
1.040000e+11 6.003629e-01 4.199075e-02 2.819288e-01 5.283830e-01
1.050000e+11 6.252194e-01 9.527465e-02 2.657417e-01 5.578560e-01
1.060000e+11 6.594622e-01 1.479937e-01 2.368985e-01 5.973837e-01
1.070000e+11 6.977944e-01 1.955399e-01 1.917423e-01 6.418069e-01
1.080000e+11 7.321481e-01 2.302746e-01 1.290344e-01 6.829090e-01
1.090000e+11 7.539644e-01 2.437731e-01 5.282968e-02 7.115097e-01
1.100000e+11 7.586048e-01 2.312494e-01 -2.715007e-02 7.219888e-01
1.110000e+11 7.483565e-01 1.946208e-01 -9.940464e-02 7.157366e-01
1.120000e+11 7.308109e-01 1.410116e-01 -1.558061e-01 6.999463e-01
1.130000e+11 7.143878e-01 7.851495e-02 -1.934964e-01 6.831870e-01
1.140000e+11 7.049955e-01 1.326962e-02 -2.132039e-01 6.718531e-01
1.150000e+11 7.051028e-01 -5.081999e-02 -2.167270e-01 6.690416e-01
1.160000e+11 7.141072e-01 -1.108861e-01 -2.054991e-01 6.748507e-01
1.170000e+11 7.289501e-01 -1.637918e-01 -1.805037e-01 6.869927e-01
1.180000e+11 7.448642e-01 -2.055381e-01 -1.431071e-01 7.014964e-01
1.190000e+11 7.566385e-01 -2.317946e-01 -9.613130e-02 7.138150e-01
1.200000e+11 7.604562e-01 -2.393988e-01 -4.431274e-02 7.204292e-01
1.210000e+11 7.555075e-01 -2.278438e-01 6.442638e-03 7.203036e-01
1.220000e+11 7.442607e-01 -1.995418e-01 5.063363e-02 7.152226e-01
1.230000e+11 7.312111e-01 -1.586493e-01 8.441675e-02 7.087834e-01
1.240000e+11 7.210785e-01 -1.094508e-01 1.057659e-01 7.048321e-01
1.250000e+11 7.174736e-01 -5.538607e-02 1.137665e-01 7.062279e-01
1.260000e+11 7.222609e-01 9.559789e-04 1.077670e-01 7.141752e-01
1.270000e+11 7.352974e-01 5.715420e-02 8.696497e-02 7.278962e-01
1.280000e+11 7.542690e-01 1.100476e-01 5.071235e-02 7.444726e-01
1.290000e+11 7.747657e-01 1.551550e-01 -4.491832e-04 7.590709e-01
1.300000e+11 7.911224e-01 1.870656e-01 -6.347397e-02 7.660627e-01
1.310000e+11 7.983506e-01 2.011069e-01 -1.322951e-01 7.611949e-01
1.320000e+11 7.944204e-01 1.954950e-01 -1.991218e-01 7.437983e-01
1.330000e+11 7.812378e-01 1.722687e-01 -2.571130e-01 7.173207e-01
1.340000e+11 7.635010e-01 1.361672e-01 -3.024984e-01 6.876678e-01
1.350000e+11 7.464814e-01 9.249413e-02 -3.347729e-01 6.607620e-01
1.360000e+11 7.343156e-01 4.556106e-02 -3.554212e-01 6.409519e-01
1.370000e+11 7.293764e-01 -1.704540e-03 -3.664355e-01 6.306441e-01
1.380000e+11 7.323587e-01 -4.735165e-02 -3.693812e-01 6.306065e-01
1.390000e+11 7.425727e-01 -8.974776e-02 -3.651001e-01 6.403604e-01
1.400000e+11 7.582192e-01 -1.270296e-01 -3.538821e-01 6.584279e-01
1.410000e+11 7.766892e-01 -1.568594e-01 -3.359369e-01 6.824864e-01
1.420000e+11 7.950350e-01 -1.765982e-01 -3.120029e-01 7.096111e-01
1.430000e+11 8.106726e-01 -1.838837e-01 -2.838616e-01 7.367493e-01
1.440000e+11 8.221336e-01 -1.773774e-01 -2.544845e-01 7.613663e-01
1.450000e+11 8.294899e-01 -1.572875e-01 -2.276775e-01 7.819700e-01
1.460000e+11 8.341629e-01 -1.253808e-01 -2.073792e-01 7.981862e-01
1.470000e+11 8.381811e-01 -8.456288e-02 -1.969528e-01 8.103125e-01
1.480000e+11 8.432430e-01 -3.837169e-02 -1.987090e-01 8.185970e-01
1.490000e+11 8.499636e-01 9.329594e-03 -2.136345e-01 8.226246e-01
1.500000e+11 8.575372e-01 5.446456e-02 -2.411838e-01 8.211176e-01
1.510000e+11 8.639312e-01 9.291012e-02 -2.791123e-01 8.123061e-01
1.520000e+11 8.666238e-01 1.209766e-01 -3.235682e-01 7.947987e-01
1.530000e+11 8.636790e-01 1.361825e-01 -3.697231e-01 7.685705e-01
1.540000e+11 8.546661e-01 1.379245e-01 -4.129169e-01 7.354799e-01
1.550000e+11 8.409065e-01 1.275551e-01 -4.498207e-01 6.989383e-01
1.560000e+11 8.249536e-01 1.077694e-01 -4.790063e-01 6.629383e-01
1.570000e+11 8.097058e-01 8.168828e-02 -5.007315e-01 6.310456e-01
1.580000e+11 7.976551e-01 5.213078e-02 -5.162524e-01 6.058213e-01
1.590000e+11 7.905064e-01 2.130188e-02 -5.271090e-01 5.887297e-01
1.600000e+11 7.891127e-01 -9.169110e-03 -5.346409e-01 5.803222e-01
1.610000e+11 7.935674e-01 -3.801371e-02 -5.397734e-01 5.804730e-01
1.620000e+11 8.033377e-01 -6.408415e-02 -5.430091e-01 5.885455e-01
1.630000e+11 8.173963e-01 -8.618186e-02 -5.445503e-01 6.034685e-01
1.640000e+11 8.343673e-01 -1.030071e-01 -5.445006e-01 6.237608e-01
1.650000e+11 8.527135e-01 -1.132521e-01 -5.430971e-01 6.475645e-01
1.660000e+11 8.709662e-01 -1.158243e-01 -5.409128e-01 6.727408e-01
1.670000e+11 8.879522e-01 -1.101345e-01 -5.389517e-01 6.970369e-01
1.680000e+11 9.029327e-01 -9.635224e-02 -5.385752e-01 7.182900e-01
1.690000e+11 9.155848e-01 -7.553140e-02 -5.412503e-01 7.346010e-01
1.700000e+11 9.258269e-01 -4.956199e-02 -5.481857e-01 7.444404e-01
1.710000e+11 9.335792e-01 -2.096567e-02 -5.599706e-01 7.467018e-01
1.720000e+11 9.385932e-01 7.420026e-03 -5.763410e-01 7.407653e-01
1.730000e+11 9.404547e-01 3.282315e-02 -5.961659e-01 7.266113e-01
1.740000e+11 9.387703e-01 5.293475e-02 -6.176851e-01 7.049487e-01
1.750000e+11 9.334422e-01 6.624386e-02 -6.389421e-01 6.772585e-01
1.760000e+11 9.248796e-01 7.221169e-02 -6.582646e-01 6.456589e-01
1.770000e+11 9.140295e-01 7.122360e-02 -6.746185e-01 6.125904e-01
1.780000e+11 9.022176e-01 6.434716e-02 -6.877211e-01 5.804272e-01
1.790000e+11 8.908864e-01 5.300431e-02 -6.979245e-01 5.511539e-01
1.800000e+11 8.813440e-01 3.867821e-02 -7.059686e-01 5.261935e-01
1.810000e+11 8.745948e-01 2.272597e-02 -7.127225e-01 5.063855e-01
1.820000e+11 8.712674e-01 6.304702e-03 -7.189883e-01 4.920599e-01
1.830000e+11 8.716129e-01 -9.621978e-03 -7.253901e-01 4.831414e-01
1.840000e+11 8.755455e-01 -2.424073e-02 -7.323376e-01 4.792431e-01
1.850000e+11 8.826992e-01 -3.684475e-02 -7.400398e-01 4.797305e-01
1.860000e+11 8.924925e-01 -4.681282e-02 -7.485496e-01 4.837612e-01
1.870000e+11 9.041974e-01 -5.362152e-02 -7.578199e-01 4.903128e-01
1.880000e+11 9.170111e-01 -5.688918e-02 -7.677580e-01 4.982175e-01
1.890000e+11 9.301272e-01 -5.643968e-02 -7.782659e-01 5.062148e-01
1.900000e+11 9.427969e-01 -5.236544e-02 -7.892555e-01 5.130299e-01
1.910000e+11 9.543732e-01 -4.506597e-02 -8.006364e-01 5.174732e-01
1.920000e+11 9.643342e-01 -3.524212e-02 -8.122844e-01 5.185485e-01
1.930000e+11 9.722909e-01 -2.383712e-02 -8.240062e-01 5.155533e-01
1.940000e+11 9.779890e-01 -1.193016e-02 -8.355234e-01 5.081543e-01
1.950000e+11 9.813155e-01 -6.014149e-04 -8.464907e-01 4.964204e-01
1.960000e+11 9.823099e-01 9.203505e-03 -8.565478e-01 4.808055e-01
1.970000e+11 9.811741e-01 1.678169e-02 -8.653925e-01 4.620788e-01
1.980000e+11 9.782668e-01 2.173280e-02 -8.728479e-01 4.412144e-01
1.990000e+11 9.740753e-01 2.396396e-02 -8.789019e-01 4.192611e-01
2.000000e+11 9.691650e-01 2.364765e-02 -8.837076e-01 3.972184e-01
2.010000e+11 9.641160e-01 2.115127e-02 -8.875480e-01 3.759399e-01
2.020000e+11 9.594613e-01 1.695884e-02 -8.907801e-01 3.560749e-01
2.030000e+11 9.556380e-01 1.160158e-02 -8.937744e-01 3.380483e-01
2.040000e+11 9.529565e-01 5.605274e-03 -8.968643e-01 3.220699e-01
2.050000e+11 9.515905e-01 -5.443250e-04 -9.003118e-01 3.081603e-01
2.060000e+11 9.515825e-01 -6.421933e-03 -9.042910e-01 2.961856e-01
2.070000e+11 9.528616e-01 -1.167407e-02 -9.088863e-01 2.858928e-01
2.080000e+11 9.552680e-01 -1.602579e-02 -9.141019e-01 2.769438e-01
2.090000e+11 9.585816e-01 -1.928525e-02 -9.198774e-01 2.689468e-01
2.100000e+11 9.625497e-01 -2.134678e-02 -9.261054e-01 2.614864e-01
2.110000e+11 9.669131e-01 -2.219147e-02 -9.326498e-01 2.541515e-01
2.120000e+11 9.714273e-01 -2.188354e-02 -9.393610e-01 2.465623e-01
2.130000e+11 9.758781e-01 -2.056141e-02 -9.460887e-01 2.383936e-01
2.140000e+11 9.800919e-01 -1.842283e-02 -9.526906e-01 2.293935e-01
2.150000e+11 9.839396e-01 -1.570514e-02 -9.590392e-01 2.193952e-01
2.160000e+11 9.873365e-01 -1.266258e-02 -9.650261e-01 2.083210e-01
2.170000e+11 9.902385e-01 -9.543473e-03 -9.705645e-01 1.961778e-01
2.180000e+11 9.926361e-01 -6.569975e-03 -9.755908e-01 1.830460e-01
2.190000e+11 9.945467e-01 -3.922677e-03 -9.800642e-01 1.690622e-01
2.200000e+11 9.960068e-01 -1.731321e-03 -9.839651e-01 1.543995e-01
2.210000e+11 9.970637e-01 -7.189891e-05 -9.872923e-01 1.392473e-01
2.220000e+11 9.977690e-01 1.030513e-03 -9.900592e-01 1.237930e-01
2.230000e+11 9.981725e-01 1.594461e-03 -9.922887e-01 1.082074e-01
2.240000e+11 9.983181e-01 1.671936e-03 -9.940096e-01 9.263440e-02
2.250000e+11 9.982423e-01 1.336892e-03 -9.952528e-01 7.718567e-02
2.260000e+11 9.979733e-01 6.738950e-04 -9.960491e-01 6.193937e-02
2.270000e+11 9.975331e-01 -2.319679e-04 -9.964279e-01 4.694280e-02
2.280000e+11 9.969395e-01 -1.303081e-03 -9.964179e-01 3.221748e-02
2.290000e+11 9.962085e-01 -2.474671e-03 -9.960470e-01 1.776597e-02
2.300000e+11 9.953570e-01 -3.697351e-03 -9.953437e-01 3.579246e-03
2.310000e+11 9.944040e-01 -4.936911e-03 -9.943378e-01 -1.035629e-02
2.320000e+11 9.933706e-01 -6.171711e-03 -9.930602e-01 -2.405294e-02
2.330000e+11 9.922800e-01 -7.388249e-03 -9.915430e-01 -3.751760e-02
2.340000e+11 9.911558e-01 -8.575673e-03 -9.898185e-01 -5.074980e-02
2.350000e+11 9.900201e-01 -9.720054e-03 -9.879181e-01 -6.374200e-02
2.360000e+11 9.888926e-01 -1.079929e-02 -9.858714e-01 -7.648217e-02
2.370000e+11 9.877896e-01 -1.177939e-02 -9.837053e-01 -8.895819e-02
2.380000e+11 9.867241e-01 -1.261285e-02 -9.814434e-01 -1.011637e-01
2.390000e+11 9.857069e-01 -1.323942e-02 -9.791068e-01 -1.131047e-01
2.400000e+11 9.847494e-01 -1.358954e-02 -9.767140e-01 -1.248058e-01
2.410000e+11 9.838659e-01 -1.359028e-02 -9.742819e-01 -1.363160e-01
2.420000e+11 9.830767e-01 -1.317338e-02 -9.718269e-01 -1.477117e-01
2.430000e+11 9.824107e-01 -1.228454e-02 -9.693645e-01 -1.590984e-01
2.440000e+11 9.819055e-01 -1.089324e-02 -9.669090e-01 -1.706071e-01
2.450000e+11 9.816066e-01 -9.001877e-03 -9.644711e-01 -1.823895e-01
2.460000e+11 9.815625e-01 -6.653259e-03 -9.620544e-01 -1.946073e-01
2.470000e+11 9.818182e-01 -3.935667e-03 -9.596502e-01 -2.074196e-01
2.480000e+11 9.824051e-01 -9.847094e-04 -9.572317e-01 -2.209669e-01
2.490000e+11 9.833310e-01 2.018535e-03 -9.547485e-01 -2.353532e-01
2.500000e+11 9.845686e-01 4.853557e-03 -9.521227e-01 -2.506274e-01
2.510000e+11 9.860475e-01 7.271164e-03 -9.492487e-01 -2.667651e-01
2.520000e+11 9.876493e-01 9.009395e-03 -9.459972e-01 -2.836533e-01
2.530000e+11 9.892096e-01 9.814889e-03 -9.422259e-01 -3.010807e-01
2.540000e+11 9.905253e-01 9.469277e-03 -9.377942e-01 -3.187360e-01
2.550000e+11 9.913700e-01 7.819033e-03 -9.325827e-01 -3.362184e-01
2.560000e+11 9.915137e-01 4.805574e-03 -9.265118e-01 -3.530611e-01
2.570000e+11 9.907451e-01 4.908460e-04 -9.195568e-01 -3.687692e-01
2.580000e+11 9.888932e-01 -4.927340e-03 -9.117550e-01 -3.828685e-01
2.590000e+11 9.858456e-01 -1.111546e-02 -9.032025e-01 -3.949598e-01
2.600000e+11 9.815614e-01 -1.762310e-02 -8.940428e-01 -4.047713e-01
2.610000e+11 9.760794e-01 -2.392012e-02 -8.844486e-01 -4.122009e-01
2.620000e+11 9.695225e-01 -2.944777e-02 -8.746046e-01 -4.173412e-01
2.630000e+11 9.620997e-01 -3.367607e-02 -8.646937e-01 -4.204838e-01
2.640000e+11 9.541044e-01 -3.615803e-02 -8.548901e-01 -4.221028e-01
2.650000e+11 9.459079e-01 -3.657227e-02 -8.453566e-01 -4.228196e-01
2.660000e+11 9.379456e-01 -3.474833e-02 -8.362437e-01 -4.233568e-01
2.670000e+11 9.306930e-01 -3.067378e-02 -8.276841e-01 -4.244852e-01
2.680000e+11 9.246329e-01 -2.448643e-02 -8.197807e-01 -4.269732e-01
2.690000e+11 9.202140e-01 -1.645859e-02 -8.125863e-01 -4.315396e-01
2.700000e+11 9.178047e-01 -6.981052e-03 -8.060773e-01 -4.388122e-01
2.710000e+11 9.176463e-01 3.447072e-03 -8.001273e-01 -4.492873e-01
2.720000e+11 9.198080e-01 1.422058e-02 -7.944867e-01 -4.632877e-01
2.730000e+11 9.241502e-01 2.462570e-02 -7.887776e-01 -4.809127e-01
2.740000e+11 9.303023e-01 3.384263e-02 -7.825161e-01 -5.019817e-01
2.750000e+11 9.376659e-01 4.096785e-02 -7.751679e-01 -5.259789e-01
2.760000e+11 9.454551e-01 4.507286e-02 -7.662444e-01 -5.520175e-01
2.770000e+11 9.527788e-01 4.531018e-02 -7.554255e-01 -5.788495e-01
2.780000e+11 9.587592e-01 4.106181e-02 -7.426820e-01 -6.049434e-01
2.790000e+11 9.626599e-01 3.210265e-02 -7.283512e-01 -6.286398e-01
2.800000e+11 9.639839e-01 1.873175e-02 -7.131227e-01 -6.483596e-01
2.810000e+11 9.625050e-01 1.822124e-03 -6.979152e-01 -6.628174e-01
2.820000e+11 9.582268e-01 -1.723914e-02 -6.836734e-01 -6.711871e-01
2.830000e+11 9.512977e-01 -3.671410e-02 -6.711478e-01 -6.731865e-01
2.840000e+11 9.419342e-01 -5.474422e-02 -6.607341e-01 -6.690842e-01
2.850000e+11 9.303969e-01 -6.959841e-02 -6.524219e-01 -6.596515e-01
2.860000e+11 9.170275e-01 -7.989070e-02 -6.458601e-01 -6.460817e-01
2.870000e+11 9.023195e-01 -8.472865e-02 -6.405030e-01 -6.298868e-01
2.880000e+11 8.869734e-01 -8.376717e-02 -6.357783e-01 -6.127731e-01
2.890000e+11 8.718963e-01 -7.716495e-02 -6.312156e-01 -5.965028e-01
2.900000e+11 8.581363e-01 -6.546717e-02 -6.264994e-01 -5.827610e-01
2.910000e+11 8.467690e-01 -4.945946e-02 -6.214390e-01 -5.730489e-01
2.920000e+11 8.387671e-01 -3.004245e-02 -6.158780e-01 -5.686140e-01
2.930000e+11 8.348757e-01 -8.164237e-03 -6.095769e-01 -5.704093e-01
2.940000e+11 8.355012e-01 1.517326e-02 -6.021013e-01 -5.790562e-01
2.950000e+11 8.406118e-01 3.884080e-02 -5.927510e-01 -5.947821e-01
2.960000e+11 8.496512e-01 6.146975e-02 -5.805636e-01 -6.173123e-01
2.970000e+11 8.614916e-01 8.135540e-02 -5.644356e-01 -6.457256e-01
2.980000e+11 8.744809e-01 9.645563e-02 -5.433948e-01 -6.783326e-01
2.990000e+11 8.866539e-01 1.045714e-01 -5.170114e-01 -7.126845e-01
3.000000e+11 8.961335e-01 1.037470e-01 -4.858348e-01 -7.458260e-01
3.010000e+11 9.016284e-01 9.280606e-02 -4.516460e-01 -7.748140e-01
3.020000e+11 9.028049e-01 7.180718e-02 -4.173148e-01 -7.973385e-01
3.030000e+11 9.003026e-01 4.218997e-02 -3.862331e-01 -8.121507e-01
3.040000e+11 8.953449e-01 6.548056e-03 -3.615385e-01 -8.190784e-01
3.050000e+11 8.891327e-01 -3.182178e-02 -3.454424e-01 -8.186659e-01
3.060000e+11 8.823225e-01 -6.937773e-02 -3.388588e-01 -8.116985e-01
3.070000e+11 8.748104e-01 -1.026918e-01 -3.413422e-01 -7.988949e-01
3.080000e+11 8.658885e-01 -1.287460e-01 -3.512596e-01 -7.808995e-01
3.090000e+11 8.546955e-01 -1.452373e-01 -3.661382e-01 -7.585205e-01
3.100000e+11 8.407670e-01 -1.508720e-01 -3.831508e-01 -7.330227e-01
3.110000e+11 8.244451e-01 -1.455257e-01 -3.996514e-01 -7.062654e-01
3.120000e+11 8.069660e-01 -1.301418e-01 -4.136029e-01 -6.805806e-01
3.130000e+11 7.902131e-01 -1.063746e-01 -4.237449e-01 -6.584538e-01
3.140000e+11 7.762847e-01 -7.613492e-02 -4.294647e-01 -6.421694e-01
3.150000e+11 7.670635e-01 -4.123746e-02 -4.304648e-01 -6.335503e-01
3.160000e+11 7.638865e-01 -3.278370e-03 -4.263744e-01 -6.338112e-01
3.170000e+11 7.673052e-01 3.623593e-02 -4.164375e-01 -6.434470e-01
3.180000e+11 7.768757e-01 7.556443e-02 -3.993799e-01 -6.620586e-01
3.190000e+11 7.909654e-01 1.123309e-01 -3.735649e-01 -6.880823e-01
3.200000e+11 8.066973e-01 1.432573e-01 -3.375479e-01 -7.185396e-01
3.210000e+11 8.202948e-01 1.643390e-01 -2.910249e-01 -7.491200e-01
3.220000e+11 8.280564e-01 1.717047e-01 -2.358372e-01 -7.749682e-01
3.230000e+11 8.277707e-01 1.629721e-01 -1.763307e-01 -7.921818e-01
3.240000e+11 8.197864e-01 1.383176e-01 -1.185079e-01 -7.992959e-01
3.250000e+11 8.069173e-01 1.004490e-01 -6.829649e-02 -7.977224e-01
3.260000e+11 7.931948e-01 5.351362e-02 -3.003595e-02 -7.908174e-01
3.270000e+11 7.823090e-01 1.810703e-03 -5.995398e-03 -7.822840e-01
3.280000e+11 7.765223e-01 -5.089579e-02 3.209965e-03 -7.748459e-01
3.290000e+11 7.762379e-01 -1.013265e-01 -2.022464e-03 -7.695935e-01
3.300000e+11 7.800412e-01 -1.462611e-01 -2.061401e-02 -7.659289e-01
3.310000e+11 7.850887e-01 -1.822259e-01 -5.069589e-02 -7.619632e-01
3.320000e+11 7.878949e-01 -2.056804e-01 -8.929216e-02 -7.553151e-01
3.330000e+11 7.855163e-01 -2.137871e-01 -1.322392e-01 -7.442068e-01
3.340000e+11 7.767716e-01 -2.053874e-01 -1.747002e-01 -7.284710e-01
3.350000e+11 7.628450e-01 -1.814834e-01 -2.121692e-01 -7.099158e-01
3.360000e+11 7.468731e-01 -1.448036e-01 -2.413661e-01 -6.918047e-01
3.370000e+11 7.328051e-01 -9.875371e-02 -2.604520e-01 -6.778021e-01
3.380000e+11 7.242014e-01 -4.647754e-02 -2.685267e-01 -6.709702e-01
3.390000e+11 7.233868e-01 9.449327e-03 -2.648262e-01 -6.731020e-01
3.400000e+11 7.309078e-01 6.661773e-02 -2.481183e-01 -6.842701e-01
3.410000e+11 7.450826e-01 1.219123e-01 -2.166912e-01 -7.023748e-01
3.420000e+11 7.616941e-01 1.706470e-01 -1.692329e-01 -7.227847e-01
3.430000e+11 7.744164e-01 2.065191e-01 -1.065918e-01 -7.387211e-01
3.440000e+11 7.767578e-01 2.232232e-01 -3.350106e-02 -7.432373e-01
3.450000e+11 7.652179e-01 2.174054e-01 4.157255e-02 -7.325060e-01
3.460000e+11 7.414512e-01 1.907130e-01 1.093488e-01 -7.081110e-01
3.470000e+11 7.113764e-01 1.488550e-01 1.634310e-01 -6.761574e-01
3.480000e+11 6.821104e-01 9.854068e-02 2.018074e-01 -6.440792e-01
3.490000e+11 6.593565e-01 4.494267e-02 2.256796e-01 -6.178995e-01
3.500000e+11 6.465014e-01 -9.018745e-03 2.373598e-01 -6.012845e-01
3.510000e+11 6.448565e-01 -6.205938e-02 2.387095e-01 -5.958241e-01
3.520000e+11 6.540904e-01 -1.134442e-01 2.304496e-01 -6.015460e-01
3.530000e+11 6.723609e-01 -1.618920e-01 2.121596e-01 -6.171292e-01
3.540000e+11 6.961705e-01 -2.046776e-01 1.828385e-01 -6.397895e-01
3.550000e+11 7.203884e-01 -2.372571e-01 1.420293e-01 -6.652038e-01
3.560000e+11 7.391314e-01 -2.539605e-01 9.128306e-02 -6.881037e-01
3.570000e+11 7.478355e-01 -2.499812e-01 3.513907e-02 -7.039407e-01
3.580000e+11 7.455936e-01 -2.237019e-01 -1.943735e-02 -7.109778e-01
3.590000e+11 7.358953e-01 -1.775080e-01 -6.512576e-02 -7.111901e-01
3.600000e+11 7.249664e-01 -1.163821e-01 -9.624368e-02 -7.090618e-01
3.610000e+11 7.189617e-01 -4.573408e-02 -1.092070e-01 -7.091461e-01
3.620000e+11 7.216255e-01 2.960674e-02 -1.017098e-01 -7.138081e-01
3.630000e+11 7.328036e-01 1.046329e-01 -7.206062e-02 -7.217065e-01
3.640000e+11 7.475867e-01 1.724712e-01 -2.000842e-02 -7.271445e-01
3.650000e+11 7.568162e-01 2.237146e-01 5.072248e-02 -7.212141e-01
3.660000e+11 7.506358e-01 2.490458e-01 1.303039e-01 -6.960252e-01
3.670000e+11 7.245225e-01 2.446913e-01 2.049201e-01 -6.504358e-01
3.680000e+11 6.826312e-01 2.154517e-01 2.633487e-01 -5.917883e-01
3.690000e+11 6.346793e-01 1.714322e-01 3.019317e-01 -5.312872e-01
3.700000e+11 5.901123e-01 1.221363e-01 3.236425e-01 -4.780908e-01
3.710000e+11 5.549504e-01 7.328158e-02 3.340275e-01 -4.370644e-01
3.720000e+11 5.319279e-01 2.694042e-02 3.381172e-01 -4.097539e-01
3.730000e+11 5.218446e-01 -1.705847e-02 3.392810e-01 -3.961304e-01
3.740000e+11 5.246773e-01 -5.985575e-02 3.391676e-01 -3.958142e-01
3.750000e+11 5.400740e-01 -1.026707e-01 3.379020e-01 -4.086085e-01
3.760000e+11 5.672635e-01 -1.460640e-01 3.341913e-01 -4.344759e-01
3.770000e+11 6.044562e-01 -1.890810e-01 3.253757e-01 -4.730183e-01
3.780000e+11 6.479124e-01 -2.282279e-01 3.077764e-01 -5.224712e-01
3.790000e+11 6.913142e-01 -2.568063e-01 2.779497e-01 -5.785411e-01
3.800000e+11 7.267418e-01 -2.658713e-01 2.351750e-01 -6.341599e-01
3.810000e+11 7.481374e-01 -2.477274e-01 1.840438e-01 -6.815193e-01
3.820000e+11 7.553804e-01 -2.002043e-01 1.345310e-01 -7.158346e-01
3.830000e+11 7.548329e-01 -1.278603e-01 9.858804e-02 -7.373634e-01
3.840000e+11 7.550689e-01 -3.936291e-02 8.606896e-02 -7.491140e-01
3.850000e+11 7.610294e-01 5.510520e-02 1.026166e-01 -7.520632e-01
3.860000e+11 7.699603e-01 1.435853e-01 1.483101e-01 -7.417723e-01
3.870000e+11 7.711796e-01 2.115416e-01 2.151822e-01 -7.096934e-01
3.880000e+11 7.520483e-01 2.457612e-01 2.864684e-01 -6.504721e-01
3.890000e+11 7.081925e-01 2.427982e-01 3.433620e-01 -5.698142e-01
3.900000e+11 6.476122e-01 2.120072e-01 3.759504e-01 -4.828206e-01
3.910000e+11 5.837893e-01 1.681204e-01 3.864250e-01 -4.040064e-01
3.920000e+11 5.271825e-01 1.225167e-01 3.830928e-01 -3.408093e-01
3.930000e+11 4.827468e-01 8.065899e-02 3.740082e-01 -2.943747e-01
3.940000e+11 4.516279e-01 4.376081e-02 3.645976e-01 -2.629095e-01
3.950000e+11 4.333486e-01 1.095604e-02 3.578872e-01 -2.441060e-01
3.960000e+11 4.271533e-01 -1.936744e-02 3.553625e-01 -2.362253e-01
3.970000e+11 4.326023e-01 -4.896018e-02 3.576276e-01 -2.384327e-01
3.980000e+11 4.497286e-01 -7.944804e-02 3.647171e-01 -2.508490e-01
3.990000e+11 4.789139e-01 -1.121054e-01 3.760865e-01 -2.744992e-01
4.000000e+11 5.204535e-01 -1.474079e-01 3.903159e-01 -3.111210e-01
4.010000e+11 5.736557e-01 -1.841184e-01 4.046086e-01 -3.625922e-01
4.020000e+11 6.354203e-01 -2.178309e-01 4.144519e-01 -4.295791e-01
4.030000e+11 6.989487e-01 -2.396587e-01 4.144212e-01 -5.092623e-01
4.040000e+11 7.545655e-01 -2.371870e-01 4.013770e-01 -5.933025e-01
4.050000e+11 7.944202e-01 -1.998165e-01 3.792565e-01 -6.688358e-01
4.060000e+11 8.179524e-01 -1.261405e-01 3.605806e-01 -7.232679e-01
4.070000e+11 8.306363e-01 -2.693604e-02 3.604986e-01 -7.478449e-01
4.080000e+11 8.350294e-01 7.753927e-02 3.864851e-01 -7.361324e-01
4.090000e+11 8.239562e-01 1.625001e-01 4.306554e-01 -6.833985e-01
4.100000e+11 7.861352e-01 2.076799e-01 4.717355e-01 -5.935850e-01
4.110000e+11 7.204797e-01 2.094074e-01 4.899757e-01 -4.849364e-01
4.120000e+11 6.401598e-01 1.815273e-01 4.814412e-01 -3.808764e-01
4.130000e+11 5.615964e-01 1.422743e-01 4.555530e-01 -2.960068e-01
4.140000e+11 4.948662e-01 1.036185e-01 4.239233e-01 -2.333340e-01
4.150000e+11 4.431295e-01 7.026343e-02 3.942838e-01 -1.896499e-01
4.160000e+11 4.058361e-01 4.272095e-02 3.703343e-01 -1.604069e-01
4.170000e+11 3.813027e-01 1.986728e-02 3.533906e-01 -1.418171e-01
4.180000e+11 3.679588e-01 1.926100e-04 3.437367e-01 -1.312964e-01
4.190000e+11 3.647941e-01 -1.775897e-02 3.413822e-01 -1.273482e-01
4.200000e+11 3.714713e-01 -3.529909e-02 3.464192e-01 -1.293780e-01
4.210000e+11 3.883305e-01 -5.361028e-02 3.591598e-01 -1.375889e-01
4.220000e+11 4.163459e-01 -7.373825e-02 3.801351e-01 -1.529833e-01
4.230000e+11 4.569883e-01 -9.644769e-02 4.099423e-01 -1.774356e-01
4.240000e+11 5.118261e-01 -1.217659e-01 4.488489e-01 -2.137139e-01
4.250000e+11 5.815624e-01 -1.479528e-01 4.960265e-01 -2.651084e-01
4.260000e+11 6.642168e-01 -1.697573e-01 5.484999e-01 -3.339376e-01
4.270000e+11 7.528724e-01 -1.768011e-01 6.006763e-01 -4.180266e-01
4.280000e+11 8.351706e-01 -1.552379e-01 6.462726e-01 -5.057102e-01
4.290000e+11 8.969557e-01 -9.657810e-02 6.824998e-01 -5.739306e-01
4.300000e+11 9.268521e-01 -1.022866e-02 7.100310e-01 -5.956561e-01
4.310000e+11 9.161622e-01 7.456717e-02 7.244398e-01 -5.558595e-01
4.320000e+11 8.609832e-01 1.268584e-01 7.131849e-01 -4.653668e-01
4.330000e+11 7.712290e-01 1.373964e-01 6.699954e-01 -3.564023e-01
4.340000e+11 6.690184e-01 1.197475e-01 6.050538e-01 -2.591449e-01
4.350000e+11 5.740967e-01 9.207832e-02 5.352358e-01 -1.860948e-01
4.360000e+11 4.958600e-01 6.531312e-02 4.723577e-01 -1.359765e-01
4.370000e+11 4.357267e-01 4.323379e-02 4.211812e-01 -1.029321e-01
4.380000e+11 3.916906e-01 2.603308e-02 3.822398e-01 -8.146482e-02
4.390000e+11 3.610733e-01 1.272889e-02 3.544477e-01 -6.766592e-02
4.400000e+11 3.416160e-01 2.190834e-03 3.364681e-01 -5.904143e-02
4.410000e+11 3.317705e-01 -6.550123e-03 3.272654e-01 -5.409347e-02
4.420000e+11 3.307140e-01 -1.426353e-02 3.262905e-01 -5.198876e-02
4.430000e+11 3.383121e-01 -2.155810e-02 3.335406e-01 -5.235482e-02
4.440000e+11 3.551053e-01 -2.892392e-02 3.495978e-01 -5.517772e-02
4.450000e+11 3.823333e-01 -3.674643e-02 3.756796e-01 -6.077259e-02
4.460000e+11 4.219646e-01 -4.526044e-02 4.136830e-01 -6.979953e-02
4.470000e+11 4.766284e-01 -5.438727e-02 4.661348e-01 -8.327667e-02
4.480000e+11 5.491811e-01 -6.335769e-02 5.358062e-01 -1.024572e-01
4.490000e+11 6.413418e-01 -7.003748e-02 6.244776e-01 -1.282254e-01
4.500000e+11 7.505089e-01 -7.020936e-02 7.300275e-01 -1.593553e-01
4.510000e+11 8.644276e-01 -5.824560e-02 8.414379e-01 -1.892742e-01
4.520000e+11 9.569251e-01 -3.188905e-02 9.343673e-01 -2.040745e-01
4.530000e+11 9.942702e-01 4.526951e-04 9.760124e-01 -1.896650e-01
4.540000e+11 9.579310e-01 2.262984e-02 9.461881e-01 -1.478099e-01
4.550000e+11 8.629464e-01 2.692208e-02 8.569639e-01 -9.779794e-02
4.560000e+11 7.446749e-01 1.933527e-02 7.422291e-01 -5.712105e-02
4.570000e+11 6.320967e-01 8.837684e-03 6.312999e-01 -3.047227e-02
4.580000e+11 5.382758e-01 1.392008e-04 5.380711e-01 -1.484501e-02
4.590000e+11 4.653351e-01 -5.739709e-03 4.652602e-01 -6.058922e-03
