# #nu(Hz) #T #rho #c #s
0.000000e+00 1.000000e+00 0.000000e+00 1.000000e+00 0.000000e+00
1.000000e+09 4.974133e-01 -5.177915e-02 4.919159e-01 5.251382e-02
2.000000e+09 3.219719e-01 -2.895700e-02 3.193275e-01 2.928021e-02
3.000000e+09 4.567179e-01 1.989071e-02 4.507819e-01 7.064907e-02
4.000000e+09 9.426143e-01 4.864802e-02 8.140011e-01 4.728185e-01
5.000000e+09 5.709272e-01 -1.523938e-01 5.009021e-01 2.276643e-01
6.000000e+09 3.381089e-01 -4.357541e-02 3.221488e-01 9.294631e-02
7.000000e+09 4.432018e-01 6.859021e-02 4.059849e-01 1.640105e-01
8.000000e+09 8.291707e-01 1.368916e-01 4.571114e-01 6.781105e-01
9.000000e+09 6.583727e-01 -2.634193e-01 4.083078e-01 4.442405e-01
1.000000e+10 3.741560e-01 -7.656010e-02 3.228532e-01 1.729077e-01
1.100000e+10 4.502185e-01 1.012373e-01 3.625537e-01 2.469870e-01
1.200000e+10 7.273734e-01 1.997874e-01 1.572067e-01 6.815006e-01
1.300000e+10 6.857900e-01 -3.112380e-01 1.684914e-01 5.874092e-01
1.400000e+10 4.373245e-01 -1.350722e-01 3.061981e-01 2.815154e-01
1.500000e+10 4.746766e-01 1.210582e-01 3.156762e-01 3.331836e-01
1.600000e+10 6.512673e-01 2.271002e-01 -4.711023e-02 6.085681e-01
1.700000e+10 6.104397e-01 -2.534265e-01 -9.298648e-02 5.475081e-01
1.800000e+10 5.319176e-01 -2.233378e-01 2.353295e-01 4.215170e-01
1.900000e+10 5.171024e-01 1.274191e-01 2.534732e-01 4.323317e-01
2.000000e+10 5.960742e-01 2.276509e-01 -1.845907e-01 5.190432e-01
2.100000e+10 5.022323e-01 -1.601781e-01 -2.429254e-01 4.093501e-01
2.200000e+10 6.316026e-01 -3.149191e-01 5.768973e-02 5.444444e-01
2.300000e+10 5.816121e-01 1.157114e-01 1.535250e-01 5.489204e-01
2.400000e+10 5.573105e-01 2.095467e-01 -2.846126e-01 4.309070e-01
2.500000e+10 4.184858e-01 -8.905685e-02 -2.997522e-01 2.781148e-01
2.600000e+10 6.574669e-01 -3.307687e-01 -1.976617e-01 5.327144e-01
2.700000e+10 6.751508e-01 7.793893e-02 -2.351494e-02 6.702247e-01
2.800000e+10 5.338383e-01 1.767720e-01 -3.672652e-01 3.447482e-01
2.900000e+10 3.657992e-01 -4.687164e-02 -3.156512e-01 1.788194e-01
3.000000e+10 5.855334e-01 -2.467421e-01 -3.769725e-01 3.739778e-01
3.100000e+10 7.988721e-01 1.116339e-02 -3.250517e-01 7.296666e-01
3.200000e+10 5.278121e-01 1.291569e-01 -4.451596e-01 2.524618e-01
3.300000e+10 3.367286e-01 -2.635395e-02 -3.192266e-01 1.038555e-01
3.400000e+10 4.935389e-01 -1.403750e-01 -4.304787e-01 1.963760e-01
3.500000e+10 9.164331e-01 -5.090967e-02 -7.133219e-01 5.730879e-01
3.600000e+10 5.447977e-01 6.234883e-02 -5.234050e-01 1.377112e-01
3.700000e+10 3.254484e-01 -2.182067e-02 -3.220469e-01 4.154869e-02
3.800000e+10 4.295331e-01 -5.947960e-02 -4.207453e-01 6.272317e-02
3.900000e+10 9.450389e-01 -2.894188e-02 -9.338971e-01 1.417642e-01
4.000000e+10 5.926874e-01 -3.093329e-02 -5.913075e-01 -2.601897e-02
4.100000e+10 3.299341e-01 -3.135932e-02 -3.279091e-01 -1.867402e-02
4.200000e+10 3.960053e-01 -6.271519e-03 -3.945384e-01 -3.347202e-02
4.300000e+10 8.788358e-01 7.892980e-02 -8.252150e-01 -2.917921e-01
4.400000e+10 6.705918e-01 -1.496138e-01 -5.984097e-01 -2.630872e-01
4.500000e+10 3.518916e-01 -5.675962e-02 -3.360915e-01 -8.745618e-02
4.600000e+10 3.855353e-01 2.697809e-02 -3.683077e-01 -1.107209e-01
4.700000e+10 7.967554e-01 1.898352e-01 -5.660941e-01 -5.275596e-01
4.800000e+10 7.341201e-01 -2.493894e-01 -4.487887e-01 -5.247151e-01
4.900000e+10 3.968349e-01 -1.035921e-01 -3.395372e-01 -1.773728e-01
5.000000e+10 3.931117e-01 4.561761e-02 -3.444052e-01 -1.839589e-01
5.100000e+10 7.357096e-01 2.637732e-01 -3.167592e-01 -6.093898e-01
5.200000e+10 7.037938e-01 -2.510275e-01 -1.495093e-01 -6.402795e-01
5.300000e+10 4.722211e-01 -1.793452e-01 -3.166339e-01 -3.009502e-01
5.400000e+10 4.175294e-01 5.120423e-02 -3.185525e-01 -2.650155e-01
5.500000e+10 6.939441e-01 3.010164e-01 -1.138971e-01 -6.147966e-01
5.600000e+10 5.960674e-01 -1.713077e-01 1.095568e-01 -5.603100e-01
5.700000e+10 5.730961e-01 -2.790706e-01 -2.198790e-01 -4.496798e-01
5.800000e+10 4.612985e-01 4.157096e-02 -2.797566e-01 -3.644233e-01
5.900000e+10 6.641854e-01 3.093652e-01 5.093171e-02 -5.855266e-01
6.000000e+10 4.909317e-01 -9.057243e-02 2.430470e-01 -4.168198e-01
6.100000e+10 6.455560e-01 -3.488457e-01 -1.007950e-02 -5.430909e-01
6.200000e+10 5.306631e-01 1.076612e-02 -2.046302e-01 -4.895037e-01
6.300000e+10 6.430418e-01 2.946017e-01 1.928196e-01 -5.380829e-01
6.400000e+10 4.177336e-01 -3.851526e-02 2.962889e-01 -2.919433e-01
6.500000e+10 6.162188e-01 -3.152441e-01 2.243492e-01 -4.795980e-01
6.600000e+10 6.327647e-01 -4.817561e-02 -4.832730e-02 -6.290745e-01
6.700000e+10 6.315313e-01 2.593394e-01 3.253382e-01 -4.751104e-01
6.800000e+10 3.727918e-01 -1.177818e-02 3.162510e-01 -1.970286e-01
6.900000e+10 5.210431e-01 -2.141541e-01 3.511565e-01 -3.198642e-01
7.000000e+10 7.576129e-01 -1.253008e-01 2.407872e-01 -7.073179e-01
7.100000e+10 6.346161e-01 2.026719e-01 4.591740e-01 -3.883568e-01
7.200000e+10 3.486513e-01 -3.197436e-03 3.262536e-01 -1.229066e-01
7.300000e+10 4.361239e-01 -1.215726e-01 3.811192e-01 -1.737019e-01
7.400000e+10 8.418978e-01 -1.576839e-01 6.010544e-01 -5.680328e-01
7.500000e+10 6.607890e-01 1.198761e-01 5.974817e-01 -2.555141e-01
7.600000e+10 3.411986e-01 -8.914507e-03 3.360337e-01 -5.846667e-02
7.700000e+10 3.829859e-01 -5.889664e-02 3.723998e-01 -6.728881e-02
7.800000e+10 8.220478e-01 -8.265234e-02 7.903335e-01 -2.104854e-01
7.900000e+10 7.178123e-01 6.241335e-03 7.167987e-01 -3.761793e-02
