# #nu(Hz) #T #rho #c #s
0.000000e+00 1.000000e+00 0.000000e+00 1.000000e+00 0.000000e+00
1.000000e+09 8.104361e-01 -2.259678e-02 8.084301e-01 5.231558e-02
2.000000e+09 5.470254e-01 -3.351351e-02 5.441288e-01 4.513877e-02
3.000000e+09 3.965415e-01 -2.718321e-02 3.942337e-01 3.295479e-02
4.000000e+09 3.318467e-01 -1.768023e-02 3.301615e-01 2.833685e-02
5.000000e+09 3.241324e-01 -6.167415e-03 3.225408e-01 3.148364e-02
6.000000e+09 3.704147e-01 1.248513e-02 3.671896e-01 4.714832e-02
7.000000e+09 4.937331e-01 4.972908e-02 4.817522e-01 9.599089e-02
8.000000e+09 7.251977e-01 1.066572e-01 6.764522e-01 2.386385e-01
9.000000e+09 9.365496e-01 5.810961e-02 8.074035e-01 4.710074e-01
1.000000e+10 8.687536e-01 -1.250418e-01 7.290752e-01 4.555731e-01
1.100000e+10 6.360780e-01 -1.497744e-01 5.596086e-01 2.626805e-01
1.200000e+10 4.516643e-01 -9.419930e-02 4.170590e-01 1.455640e-01
1.300000e+10 3.586821e-01 -4.723421e-02 3.411912e-01 1.000514e-01
1.400000e+10 3.328060e-01 -9.923057e-03 3.197872e-01 9.163787e-02
1.500000e+10 3.649448e-01 3.327916e-02 3.450455e-01 1.141087e-01
1.600000e+10 4.721384e-01 1.040977e-01 4.184400e-01 1.923184e-01
1.700000e+10 6.706313e-01 2.036723e-01 5.043112e-01 3.923444e-01
1.800000e+10 8.193752e-01 1.596478e-01 4.553012e-01 6.622606e-01
1.900000e+10 8.102337e-01 -1.096328e-01 3.842112e-01 7.048695e-01
2.000000e+10 7.187083e-01 -2.569999e-01 4.224622e-01 5.215538e-01
2.100000e+10 5.429057e-01 -1.958063e-01 4.001344e-01 3.103207e-01
2.200000e+10 4.121413e-01 -1.023602e-01 3.460871e-01 1.990140e-01
2.300000e+10 3.596780e-01 -3.070676e-02 3.187168e-01 1.638443e-01
2.400000e+10 3.764649e-01 3.901321e-02 3.271720e-01 1.821051e-01
2.500000e+10 4.731268e-01 1.387125e-01 3.619170e-01 2.713372e-01
2.600000e+10 6.467134e-01 2.667292e-01 3.509446e-01 4.732141e-01
2.700000e+10 7.234898e-01 2.306937e-01 1.728544e-01 6.635807e-01
2.800000e+10 6.815280e-01 -2.220943e-02 4.406281e-02 6.797393e-01
2.900000e+10 6.972214e-01 -2.576501e-01 1.203986e-01 6.365833e-01
3.000000e+10 6.426835e-01 -3.045283e-01 2.668193e-01 4.991113e-01
3.100000e+10 5.010642e-01 -1.919152e-01 3.144162e-01 3.396709e-01
3.200000e+10 4.113170e-01 -7.502379e-02 3.083928e-01 2.616237e-01
3.300000e+10 4.058864e-01 2.893415e-02 3.074998e-01 2.633447e-01
3.400000e+10 4.918964e-01 1.582673e-01 3.069039e-01 3.503193e-01
3.500000e+10 6.429633e-01 3.043834e-01 2.165011e-01 5.233353e-01
3.600000e+10 6.578306e-01 2.639269e-01 -1.781076e-02 6.023010e-01
3.700000e+10 5.710548e-01 4.934574e-02 -1.521252e-01 5.482030e-01
3.800000e+10 5.848172e-01 -1.650907e-01 -1.364830e-01 5.441769e-01
3.900000e+10 6.557962e-01 -3.252563e-01 4.513632e-03 5.694354e-01
4.000000e+10 6.099949e-01 -3.004499e-01 1.821192e-01 4.986544e-01
4.100000e+10 4.972609e-01 -1.523362e-01 2.589731e-01 3.962260e-01
4.200000e+10 4.588142e-01 -2.397458e-03 2.712839e-01 3.700132e-01
4.300000e+10 5.282007e-01 1.627411e-01 2.413243e-01 4.407651e-01
4.400000e+10 6.526492e-01 3.214353e-01 8.750187e-02 5.612252e-01
4.500000e+10 6.139303e-01 2.697159e-01 -1.510151e-01 5.304321e-01
4.600000e+10 4.970608e-01 8.709757e-02 -2.497383e-01 4.208494e-01
4.700000e+10 4.779321e-01 -7.592469e-02 -2.582908e-01 3.948929e-01
4.800000e+10 5.606868e-01 -2.365123e-01 -2.140367e-01 4.611073e-01
4.900000e+10 6.536858e-01 -3.427127e-01 -6.934031e-02 5.523089e-01
5.000000e+10 6.114019e-01 -2.564467e-01 1.101510e-01 5.439799e-01
5.100000e+10 5.447913e-01 -6.435772e-02 1.845066e-01 5.085400e-01
5.200000e+10 5.863050e-01 1.473892e-01 1.431789e-01 5.491173e-01
5.300000e+10 6.738597e-01 3.180921e-01 -5.266045e-02 5.917189e-01
5.400000e+10 5.859849e-01 2.558091e-01 -2.561256e-01 4.608033e-01
5.500000e+10 4.510600e-01 9.967217e-02 -3.027329e-01 3.191761e-01
5.600000e+10 4.072993e-01 -2.104547e-02 -3.021297e-01 2.723369e-01
5.700000e+10 4.541623e-01 -1.351693e-01 -3.048502e-01 3.083164e-01
5.800000e+10 5.787925e-01 -2.653442e-01 -2.829210e-01 4.295915e-01
5.900000e+10 6.830650e-01 -3.165773e-01 -1.609443e-01 5.834840e-01
6.000000e+10 6.644295e-01 -1.573999e-01 -1.476981e-02 6.453477e-01
6.100000e+10 6.748068e-01 1.028694e-01 -2.754765e-02 6.663507e-01
6.200000e+10 7.094816e-01 2.902355e-01 -2.238860e-01 6.074558e-01
6.300000e+10 5.728778e-01 2.251201e-01 -3.529672e-01 3.910551e-01
6.400000e+10 4.253204e-01 9.481846e-02 -3.400502e-01 2.372189e-01
6.500000e+10 3.662524e-01 6.063191e-03 -3.176781e-01 1.821665e-01
6.600000e+10 3.820934e-01 -6.715200e-02 -3.251007e-01 1.891972e-01
6.700000e+10 4.725556e-01 -1.555597e-01 -3.623085e-01 2.604660e-01
6.800000e+10 6.342220e-01 -2.545824e-01 -3.937260e-01 4.270893e-01
6.900000e+10 7.634244e-01 -2.270832e-01 -3.439306e-01 6.426210e-01
7.000000e+10 7.981722e-01 2.366224e-02 -3.247189e-01 7.287501e-01
7.100000e+10 7.674409e-01 2.293804e-01 -4.483394e-01 5.790872e-01
7.200000e+10 5.778920e-01 1.758924e-01 -4.551479e-01 3.096149e-01
7.300000e+10 4.168210e-01 7.549040e-02 -3.757524e-01 1.638632e-01
7.400000e+10 3.461258e-01 1.392934e-02 -3.271288e-01 1.122310e-01
7.500000e+10 3.413523e-01 -2.937444e-02 -3.235787e-01 1.046681e-01
7.600000e+10 3.972622e-01 -7.560931e-02 -3.670415e-01 1.318371e-01
7.700000e+10 5.322814e-01 -1.377393e-01 -4.665863e-01 2.159828e-01
7.800000e+10 7.486919e-01 -1.802285e-01 -6.080095e-01 3.979720e-01
7.900000e+10 9.172763e-01 -5.248869e-02 -7.164617e-01 5.703711e-01
8.000000e+10 8.555367e-01 1.279379e-01 -7.271931e-01 4.321634e-01
8.100000e+10 6.089174e-01 1.014400e-01 -5.687790e-01 1.923037e-01
8.200000e+10 4.270577e-01 4.007186e-02 -4.164439e-01 8.571452e-02
8.300000e+10 3.428778e-01 6.471117e-03 -3.391349e-01 5.010836e-02
8.400000e+10 3.226760e-01 -1.260435e-02 -3.199346e-01 4.003539e-02
8.500000e+10 3.552983e-01 -2.783088e-02 -3.515939e-01 4.294250e-02
8.600000e+10 4.553838e-01 -4.404408e-02 -4.493083e-01 5.963664e-02
8.700000e+10 6.590215e-01 -5.559943e-02 -6.494387e-01 9.719778e-02
8.800000e+10 9.334381e-01 -2.858601e-02 -9.238981e-01 1.300070e-01
8.900000e+10 9.498485e-01 1.077114e-02 -9.477654e-01 6.194241e-02
9.000000e+10 6.754781e-01 -6.879323e-03 -6.754328e-01 -3.725826e-03
9.100000e+10 4.622509e-01 -1.780811e-02 -4.616350e-01 -1.587159e-02
9.200000e+10 3.570592e-01 -1.697201e-02 -3.562844e-01 -1.626897e-02
9.300000e+10 3.210638e-01 -1.186073e-02 -3.203550e-01 -1.771890e-02
9.400000e+10 3.371461e-01 -2.646038e-03 -3.362529e-01 -2.438183e-02
9.500000e+10 4.138668e-01 1.632161e-02 -4.110875e-01 -4.501537e-02
9.600000e+10 5.851206e-01 5.601838e-02 -5.720005e-01 -1.097427e-01
9.700000e+10 8.506506e-01 8.948082e-02 -7.972004e-01 -2.829685e-01
9.800000e+10 9.577729e-01 -2.800007e-02 -8.532299e-01 -4.342162e-01
9.900000e+10 7.648965e-01 -1.357930e-01 -6.851439e-01 -3.117766e-01
1.000000e+11 5.318614e-01 -1.077747e-01 -4.931866e-01 -1.674160e-01
1.010000e+11 3.939005e-01 -6.172607e-02 -3.755539e-01 -1.015220e-01
1.020000e+11 3.361723e-01 -2.680909e-02 -3.254019e-01 -8.004161e-02
1.030000e+11 3.368323e-01 5.991355e-03 -3.258691e-01 -8.502585e-02
1.040000e+11 3.985202e-01 5.273240e-02 -3.753040e-01 -1.232256e-01
1.050000e+11 5.477654e-01 1.336224e-01 -4.754656e-01 -2.369061e-01
1.060000e+11 7.653589e-01 2.033179e-01 -5.512310e-01 -4.904900e-01
1.070000e+11 8.506599e-01 4.213234e-02 -4.810026e-01 -7.003454e-01
1.080000e+11 7.952668e-01 -2.030373e-01 -4.618540e-01 -6.147487e-01
1.090000e+11 6.314785e-01 -2.255842e-01 -4.484180e-01 -3.831425e-01
1.100000e+11 4.627361e-01 -1.372076e-01 -3.806394e-01 -2.245272e-01
1.110000e+11 3.722657e-01 -6.171220e-02 -3.305828e-01 -1.596509e-01
1.120000e+11 3.531132e-01 -5.887665e-04 -3.191786e-01 -1.510418e-01
1.130000e+11 4.024146e-01 7.228480e-02 -3.450600e-01 -1.940259e-01
1.140000e+11 5.385422e-01 1.852003e-01 -3.871162e-01 -3.253762e-01
1.150000e+11 7.109093e-01 2.778003e-01 -3.314259e-01 -5.642481e-01
1.160000e+11 7.249732e-01 1.266587e-01 -1.440723e-01 -6.991330e-01
1.170000e+11 7.066320e-01 -1.484803e-01 -1.102285e-01 -6.820059e-01
1.180000e+11 6.941372e-01 -3.044338e-01 -2.398749e-01 -5.758528e-01
1.190000e+11 5.653169e-01 -2.452365e-01 -3.229988e-01 -3.938452e-01
1.200000e+11 4.381570e-01 -1.253704e-01 -3.200006e-01 -2.717782e-01
1.210000e+11 3.893043e-01 -2.560185e-02 -3.095825e-01 -2.346509e-01
1.220000e+11 4.233847e-01 7.730565e-02 -3.158255e-01 -2.711691e-01
1.230000e+11 5.491531e-01 2.183707e-01 -3.049596e-01 -4.011022e-01
1.240000e+11 6.807088e-01 3.181606e-01 -1.560246e-01 -5.812010e-01
1.250000e+11 6.313894e-01 1.767465e-01 6.612331e-02 -6.025288e-01
1.260000e+11 5.823908e-01 -5.547908e-02 1.321196e-01 -5.644870e-01
1.270000e+11 6.371352e-01 -2.617740e-01 4.885440e-02 -5.788167e-01
1.280000e+11 6.511624e-01 -3.353887e-01 -1.328370e-01 -5.421081e-01
1.290000e+11 5.396391e-01 -2.235539e-01 -2.509653e-01 -4.221972e-01
1.300000e+11 4.534590e-01 -7.698742e-02 -2.791529e-01 -3.489580e-01
1.310000e+11 4.637896e-01 6.557893e-02 -2.765363e-01 -3.665077e-01
1.320000e+11 5.758850e-01 2.358668e-01 -2.177651e-01 -4.781096e-01
1.330000e+11 6.656183e-01 3.328116e-01 -8.975553e-03 -5.763711e-01
1.340000e+11 5.687096e-01 1.951902e-01 1.916876e-01 -4.985853e-01
1.350000e+11 4.887052e-01 9.753449e-03 2.466077e-01 -4.218084e-01
1.360000e+11 5.215984e-01 -1.588713e-01 2.294892e-01 -4.406353e-01
1.370000e+11 6.250680e-01 -3.125044e-01 1.285719e-01 -5.258519e-01
1.380000e+11 6.418667e-01 -3.213829e-01 -5.985783e-02 -5.523793e-01
1.390000e+11 5.537715e-01 -1.628115e-01 -1.849042e-01 -4.959493e-01
1.400000e+11 5.307376e-01 3.010285e-02 -2.034017e-01 -4.892892e-01
1.410000e+11 6.194125e-01 2.357078e-01 -1.075959e-01 -5.626161e-01
1.420000e+11 6.614336e-01 3.259894e-01 1.281380e-01 -5.610757e-01
1.430000e+11 5.282156e-01 1.919874e-01 2.755170e-01 -4.077290e-01
1.440000e+11 4.295358e-01 4.314638e-02 2.970884e-01 -3.072098e-01
1.450000e+11 4.289563e-01 -7.728190e-02 2.972449e-01 -2.994604e-01
1.460000e+11 5.180173e-01 -2.076004e-01 2.878010e-01 -3.773785e-01
1.470000e+11 6.473334e-01 -3.213056e-01 2.058725e-01 -5.228955e-01
1.480000e+11 6.689051e-01 -2.615959e-01 3.602849e-02 -6.145760e-01
1.490000e+11 6.335160e-01 -3.836540e-02 -4.817835e-02 -6.305153e-01
1.500000e+11 6.849791e-01 2.110307e-01 5.424926e-02 -6.493993e-01
1.510000e+11 6.689263e-01 2.977071e-01 2.722776e-01 -5.335708e-01
1.520000e+11 5.051496e-01 1.728496e-01 3.432681e-01 -3.278203e-01
1.530000e+11 3.952631e-01 5.417392e-02 3.240851e-01 -2.196975e-01
1.540000e+11 3.717008e-01 -2.961065e-02 3.154492e-01 -1.943618e-01
1.550000e+11 4.229970e-01 -1.136856e-01 3.352636e-01 -2.315175e-01
1.560000e+11 5.526275e-01 -2.198526e-01 3.665879e-01 -3.502503e-01
1.570000e+11 7.077602e-01 -2.820872e-01 3.374266e-01 -5.545220e-01
1.580000e+11 7.614416e-01 -1.291932e-01 2.482071e-01 -7.081636e-01
1.590000e+11 7.812053e-01 1.513556e-01 3.089879e-01 -7.013557e-01
1.600000e+11 6.938328e-01 2.436319e-01 4.393764e-01 -4.785350e-01
1.610000e+11 4.992748e-01 1.386704e-01 4.098022e-01 -2.492148e-01
1.620000e+11 3.795537e-01 4.900724e-02 3.461024e-01 -1.478932e-01
1.630000e+11 3.406629e-01 -6.787397e-03 3.197280e-01 -1.173846e-01
1.640000e+11 3.638470e-01 -5.461144e-02 3.366662e-01 -1.267206e-01
1.650000e+11 4.556058e-01 -1.148108e-01 4.014179e-01 -1.823700e-01
1.660000e+11 6.330139e-01 -1.867999e-01 5.111890e-01 -3.232618e-01
1.670000e+11 8.357243e-01 -1.637785e-01 6.090482e-01 -5.483356e-01
1.680000e+11 9.044662e-01 5.835288e-02 6.701828e-01 -6.045734e-01
1.690000e+11 7.463229e-01 1.553959e-01 6.369827e-01 -3.565151e-01
1.700000e+11 5.148179e-01 8.563036e-02 4.831357e-01 -1.558360e-01
1.710000e+11 3.808088e-01 2.907776e-02 3.712551e-01 -7.962106e-02
1.720000e+11 3.285536e-01 -1.608181e-03 3.239145e-01 -5.499345e-02
1.730000e+11 3.327897e-01 -2.260088e-02 3.279636e-01 -5.175015e-02
1.740000e+11 3.940958e-01 -4.392438e-02 3.862057e-01 -6.501780e-02
1.750000e+11 5.382927e-01 -6.919338e-02 5.235004e-01 -1.044924e-01
1.760000e+11 7.898985e-01 -7.603125e-02 7.645632e-01 -1.833086e-01
1.770000e+11 9.908681e-01 -5.923388e-03 9.675216e-01 -2.137438e-01
1.780000e+11 8.302893e-01 3.105865e-02 8.242458e-01 -9.505038e-02
1.790000e+11 5.605150e-01 5.206083e-03 5.601101e-01 -2.065491e-02
