# #nu(Hz) #T #rho #c #s
0.000000e+00 1.000000e+00 0.000000e+00 1.000000e+00 0.000000e+00
1.000000e+09 9.749900e-01 -5.477106e-03 9.743675e-01 3.440253e-02
2.000000e+09 9.082417e-01 -1.867690e-02 9.061277e-01 5.904834e-02
3.000000e+09 8.184874e-01 -3.310816e-02 8.147661e-01 7.058090e-02
4.000000e+09 7.238741e-01 -4.408926e-02 7.189671e-01 7.166674e-02
5.000000e+09 6.360351e-01 -5.027868e-02 6.305102e-01 6.685492e-02
6.000000e+09 5.601751e-01 -5.240441e-02 5.545064e-01 5.977113e-02
7.000000e+09 4.974133e-01 -5.177915e-02 4.919159e-01 5.251382e-02
8.000000e+09 4.468969e-01 -4.954997e-02 4.417484e-01 4.604315e-02
9.000000e+09 4.070881e-01 -4.650537e-02 4.023718e-01 4.068112e-02
1.000000e+10 3.764019e-01 -4.311474e-02 3.721433e-01 3.645417e-02
1.100000e+10 3.534687e-01 -3.961955e-02 3.496609e-01 3.328132e-02
1.200000e+10 3.372166e-01 -3.611123e-02 3.338352e-01 3.106611e-02
1.300000e+10 3.268780e-01 -3.258272e-02 3.238876e-01 2.973926e-02
1.400000e+10 3.219719e-01 -2.895700e-02 3.193275e-01 2.928021e-02
1.500000e+10 3.222868e-01 -2.509834e-02 3.199294e-01 2.973294e-02
1.600000e+10 3.278740e-01 -2.081086e-02 3.257196e-01 3.122567e-02
1.700000e+10 3.390538e-01 -1.582731e-02 3.369730e-01 3.400194e-02
1.800000e+10 3.564361e-01 -9.790462e-03 3.542186e-01 3.847123e-02
1.900000e+10 3.809485e-01 -2.232188e-03 3.782400e-01 4.529038e-02
2.000000e+10 4.138545e-01 7.436605e-03 4.100503e-01 5.548905e-02
2.100000e+10 4.567179e-01 1.989071e-02 4.507819e-01 7.064907e-02
2.200000e+10 5.112100e-01 3.572976e-02 5.013860e-01 9.311869e-02
2.300000e+10 5.785606e-01 5.503253e-02 5.619535e-01 1.261431e-01
2.400000e+10 6.583481e-01 7.639718e-02 6.304517e-01 1.735404e-01
2.500000e+10 7.464622e-01 9.541594e-02 7.009924e-01 2.381411e-01
2.600000e+10 8.330474e-01 1.035155e-01 7.628921e-01 3.181954e-01
2.700000e+10 9.031481e-01 8.988961e-02 8.032577e-01 4.029559e-01
2.800000e+10 9.426143e-01 4.864802e-02 8.140011e-01 4.728185e-01
2.900000e+10 9.456167e-01 -1.369415e-02 7.971442e-01 5.084923e-01
3.000000e+10 9.158061e-01 -7.994653e-02 7.613920e-01 5.025848e-01
3.100000e+10 8.614630e-01 -1.327910e-01 7.147368e-01 4.622082e-01
3.200000e+10 7.917055e-01 -1.635030e-01 6.619669e-01 4.023236e-01
3.300000e+10 7.153437e-01 -1.728658e-01 6.065172e-01 3.375958e-01
3.400000e+10 6.399702e-01 -1.669125e-01 5.518069e-01 2.778690e-01
3.500000e+10 5.709272e-01 -1.523938e-01 5.009021e-01 2.276643e-01
3.600000e+10 5.110320e-01 -1.344147e-01 4.558723e-01 1.877946e-01
3.700000e+10 4.611150e-01 -1.160277e-01 4.176667e-01 1.572233e-01
3.800000e+10 4.208235e-01 -9.870669e-02 3.863992e-01 1.343319e-01
3.900000e+10 3.892846e-01 -8.294899e-02 3.617210e-01 1.175580e-01
4.000000e+10 3.655230e-01 -6.872325e-02 3.431118e-01 1.056337e-01
4.100000e+10 3.486792e-01 -5.573740e-02 3.300582e-01 9.763250e-02
4.200000e+10 3.381089e-01 -4.357541e-02 3.221488e-01 9.294631e-02
4.300000e+10 3.334228e-01 -3.175371e-02 3.191167e-01 9.125244e-02
4.400000e+10 3.345035e-01 -1.973162e-02 3.208546e-01 9.249643e-02
4.500000e+10 3.415203e-01 -6.896212e-03 3.274120e-01 9.690188e-02
4.600000e+10 3.549487e-01 7.465078e-03 3.389758e-01 1.050154e-01
4.700000e+10 3.755880e-01 2.418999e-02 3.558175e-01 1.177927e-01
4.800000e+10 4.045570e-01 4.423726e-02 3.781728e-01 1.367288e-01
4.900000e+10 4.432018e-01 6.859021e-02 4.059849e-01 1.640105e-01
5.000000e+10 4.927833e-01 9.793550e-02 4.384022e-01 2.026020e-01
5.100000e+10 5.537063e-01 1.318866e-01 4.729277e-01 2.559999e-01
5.200000e+10 6.240380e-01 1.675165e-01 5.043419e-01 3.271099e-01
5.300000e+10 6.975682e-01 1.974804e-01 5.242975e-01 4.155899e-01
5.400000e+10 7.632099e-01 2.095876e-01 5.236456e-01 5.141573e-01
5.500000e+10 8.088601e-01 1.910365e-01 4.987195e-01 6.074854e-01
5.600000e+10 8.291707e-01 1.368916e-01 4.571114e-01 6.781105e-01
5.700000e+10 8.291711e-01 5.483163e-02 4.148697e-01 7.158221e-01
5.800000e+10 8.184795e-01 -3.927714e-02 3.863452e-01 7.204883e-01
5.900000e+10 8.029683e-01 -1.289512e-01 3.769196e-01 6.971810e-01
6.000000e+10 7.820546e-01 -2.012069e-01 3.829041e-01 6.515441e-01
6.100000e+10 7.518434e-01 -2.480416e-01 3.955234e-01 5.893259e-01
6.200000e+10 7.099965e-01 -2.674770e-01 4.058040e-01 5.175656e-01
6.300000e+10 6.583727e-01 -2.634193e-01 4.083078e-01 4.442405e-01
6.400000e+10 6.020856e-01 -2.433029e-01 4.021613e-01 3.762672e-01
6.500000e+10 5.467884e-01 -2.148125e-01 3.896064e-01 3.178678e-01
6.600000e+10 4.966719e-01 -1.837237e-01 3.738691e-01 2.704635e-01
6.700000e+10 4.539785e-01 -1.534175e-01 3.577596e-01 2.335971e-01
6.800000e+10 4.194497e-01 -1.253746e-01 3.432140e-01 2.059694e-01
6.900000e+10 3.929843e-01 -9.987860e-02 3.313777e-01 1.861445e-01
7.000000e+10 3.741560e-01 -7.656010e-02 3.228532e-01 1.729077e-01
7.100000e+10 3.625344e-01 -5.472321e-02 3.179276e-01 1.654042e-01
7.200000e+10 3.578633e-01 -3.350352e-02 3.167259e-01 1.631820e-01
7.300000e+10 3.601550e-01 -1.192288e-02 3.192872e-01 1.662082e-01
7.400000e+10 3.697409e-01 1.110869e-02 3.255693e-01 1.748987e-01
7.500000e+10 3.872895e-01 3.680115e-02 3.353703e-01 1.901725e-01
7.600000e+10 4.137617e-01 6.644717e-02 3.481303e-01 2.135153e-01
7.700000e+10 4.502185e-01 1.012373e-01 3.625537e-01 2.469870e-01
7.800000e+10 4.972949e-01 1.417382e-01 3.759914e-01 2.929896e-01
7.900000e+10 5.540748e-01 1.867661e-01 3.836746e-01 3.534277e-01
8.000000e+10 6.162857e-01 2.315727e-01 3.783970e-01 4.277824e-01
8.100000e+10 6.747686e-01 2.663081e-01 3.521349e-01 5.102879e-01
8.200000e+10 7.170357e-01 2.775802e-01 3.009822e-01 5.886418e-01
8.300000e+10 7.340366e-01 2.552557e-01 2.309089e-01 6.483328e-01
8.400000e+10 7.273734e-01 1.997874e-01 1.572067e-01 6.815006e-01
8.500000e+10 7.083141e-01 1.214930e-01 9.601952e-02 6.911791e-01
8.600000e+10 6.896624e-01 3.296126e-02 5.688889e-02 6.865212e-01
8.700000e+10 6.793185e-01 -5.645662e-02 4.226015e-02 6.756481e-01
8.800000e+10 6.788446e-01 -1.407744e-01 5.053506e-02 6.621622e-01
8.900000e+10 6.845957e-01 -2.150399e-01 7.816811e-02 6.452277e-01
9.000000e+10 6.895308e-01 -2.737139e-01 1.198982e-01 6.214159e-01
9.100000e+10 6.857900e-01 -3.112380e-01 1.684914e-01 5.874092e-01
9.200000e+10 6.680458e-01 -3.244889e-01 2.156740e-01 5.426573e-01
9.300000e+10 6.359870e-01 -3.149565e-01 2.545358e-01 4.904013e-01
9.400000e+10 5.939998e-01 -2.883714e-01 2.817096e-01 4.362539e-01
9.500000e+10 5.484628e-01 -2.520334e-01 2.975949e-01 3.856526e-01
9.600000e+10 5.050156e-01 -2.121291e-01 3.048785e-01 3.421857e-01
9.700000e+10 4.673467e-01 -1.725568e-01 3.068154e-01 3.074108e-01
9.800000e+10 4.373245e-01 -1.350722e-01 3.061981e-01 2.815154e-01
9.900000e+10 4.156542e-01 -9.993766e-02 3.050308e-01 2.640778e-01
1.000000e+11 4.025138e-01 -6.652683e-02 3.045753e-01 2.546083e-01
1.010000e+11 3.979940e-01 -3.371809e-02 3.054883e-01 2.528620e-01
1.020000e+11 4.023516e-01 -1.043556e-04 3.079050e-01 2.590005e-01
1.030000e+11 4.161120e-01 3.588826e-02 3.113991e-01 2.736637e-01
1.040000e+11 4.400122e-01 7.585376e-02 3.147767e-01 2.979473e-01
1.050000e+11 4.746766e-01 1.210582e-01 3.156762e-01 3.331836e-01
1.060000e+11 5.198079e-01 1.716317e-01 3.100468e-01 3.802812e-01
1.070000e+11 5.726673e-01 2.250575e-01 2.919069e-01 4.382776e-01
1.080000e+11 6.261724e-01 2.742765e-01 2.544391e-01 5.021205e-01
1.090000e+11 6.685608e-01 3.073512e-01 1.937149e-01 5.612338e-01
1.100000e+11 6.877579e-01 3.118285e-01 1.139454e-01 6.023209e-01
1.110000e+11 6.795481e-01 2.829020e-01 2.850049e-02 6.172032e-01
1.120000e+11 6.512673e-01 2.271002e-01 -4.711023e-02 6.085681e-01
1.130000e+11 6.162638e-01 1.567634e-01 -1.035920e-01 5.869200e-01
1.140000e+11 5.860386e-01 8.225239e-02 -1.394447e-01 5.632327e-01
1.150000e+11 5.670535e-01 8.939516e-03 -1.573082e-01 5.447237e-01
1.160000e+11 5.615063e-01 -6.162149e-02 -1.603013e-01 5.345985e-01
1.170000e+11 5.688698e-01 -1.294201e-01 -1.503293e-01 5.331645e-01
1.180000e+11 5.866614e-01 -1.940642e-01 -1.279247e-01 5.386520e-01
1.190000e+11 6.104397e-01 -2.534265e-01 -9.298648e-02 5.475081e-01
1.200000e+11 6.337391e-01 -3.030492e-01 -4.610816e-02 5.546715e-01
1.210000e+11 6.489606e-01 -3.368917e-01 9.960246e-03 5.545761e-01
1.220000e+11 6.497880e-01 -3.497522e-01 6.973697e-02 5.431709e-01
1.230000e+11 6.340788e-01 -3.402061e-01 1.263070e-01 5.199638e-01
1.240000e+11 6.048803e-01 -3.116659e-01 1.739598e-01 4.883467e-01
1.250000e+11 5.685813e-01 -2.705594e-01 2.101264e-01 4.537942e-01
1.260000e+11 5.319176e-01 -2.233378e-01 2.353295e-01 4.215170e-01
1.270000e+11 5.000217e-01 -1.745047e-01 2.518052e-01 3.951759e-01
1.280000e+11 4.760602e-01 -1.262131e-01 2.620878e-01 3.768469e-01
1.290000e+11 4.617676e-01 -7.874998e-02 2.681577e-01 3.675857e-01
1.300000e+11 4.581339e-01 -3.120170e-02 2.710689e-01 3.680147e-01
1.310000e+11 4.658737e-01 1.798520e-02 2.707674e-01 3.786818e-01
1.320000e+11 4.855341e-01 7.049212e-02 2.658865e-01 4.000982e-01
1.330000e+11 5.171024e-01 1.274191e-01 2.534732e-01 4.323317e-01
1.340000e+11 5.589090e-01 1.880476e-01 2.288865e-01 4.739497e-01
1.350000e+11 6.058150e-01 2.479808e-01 1.866112e-01 5.202822e-01
1.360000e+11 6.477676e-01 2.976914e-01 1.231013e-01 5.619865e-01
1.370000e+11 6.716332e-01 3.243615e-01 4.143187e-02 5.866550e-01
1.380000e+11 6.682181e-01 3.189123e-01 -4.648963e-02 5.853623e-01
1.390000e+11 6.392724e-01 2.830105e-01 -1.251892e-01 5.593763e-01
1.400000e+11 5.960742e-01 2.276509e-01 -1.845907e-01 5.190432e-01
1.410000e+11 5.514420e-01 1.651603e-01 -2.233670e-01 4.763587e-01
1.420000e+11 5.140583e-01 1.035137e-01 -2.456276e-01 4.395542e-01
1.430000e+11 4.879242e-01 4.579240e-02 -2.565699e-01 4.124862e-01
1.440000e+11 4.741193e-01 -8.016889e-03 -2.602150e-01 3.962487e-01
1.450000e+11 4.724227e-01 -5.928154e-02 -2.588747e-01 3.907081e-01
1.460000e+11 4.821369e-01 -1.096165e-01 -2.532980e-01 3.953231e-01
1.470000e+11 5.022323e-01 -1.601781e-01 -2.429254e-01 4.093501e-01
1.480000e+11 5.310077e-01 -2.110401e-01 -2.261384e-01 4.316163e-01
1.490000e+11 5.654506e-01 -2.605091e-01 -2.006592e-01 4.600058e-01
1.500000e+11 6.006443e-01 -3.045667e-01 -1.643693e-01 4.909129e-01
1.510000e+11 6.299267e-01 -3.370778e-01 -1.166703e-01 5.192053e-01
1.520000e+11 6.465713e-01 -3.515070e-01 -5.988735e-02 5.393615e-01
1.530000e+11 6.467262e-01 -3.438712e-01 5.131077e-04 5.477291e-01
1.540000e+11 6.316026e-01 -3.149191e-01 5.768973e-02 5.444444e-01
1.550000e+11 6.069167e-01 -2.695408e-01 1.061050e-01 5.333267e-01
1.560000e+11 5.801366e-01 -2.139669e-01 1.430352e-01 5.199207e-01
1.570000e+11 5.578802e-01 -1.531253e-01 1.681643e-01 5.094151e-01
1.580000e+11 5.448351e-01 -8.958253e-02 1.821630e-01 5.056055e-01
1.590000e+11 5.438529e-01 -2.386009e-02 1.853198e-01 5.107478e-01
1.600000e+11 5.562584e-01 4.454555e-02 1.766429e-01 5.255819e-01
1.610000e+11 5.816121e-01 1.157114e-01 1.535250e-01 5.489204e-01
1.620000e+11 6.165554e-01 1.873310e-01 1.123070e-01 5.765716e-01
1.630000e+11 6.531481e-01 2.526125e-01 5.050684e-02 6.001986e-01
1.640000e+11 6.788254e-01 3.000269e-01 -2.911410e-02 6.082271e-01
1.650000e+11 6.811210e-01 3.179490e-01 -1.155716e-01 5.911662e-01
1.660000e+11 6.558559e-01 3.028248e-01 -1.930953e-01 5.487789e-01
1.670000e+11 6.103140e-01 2.623502e-01 -2.501313e-01 4.910091e-01
1.680000e+11 5.573105e-01 2.095467e-01 -2.846126e-01 4.309070e-01
1.690000e+11 5.075153e-01 1.550927e-01 -3.013724e-01 3.777468e-01
1.700000e+11 4.666615e-01 1.045310e-01 -3.070217e-01 3.355352e-01
1.710000e+11 4.366506e-01 5.936893e-02 -3.069645e-01 3.048145e-01
1.720000e+11 4.174540e-01 1.897052e-02 -3.047315e-01 2.846869e-01
1.730000e+11 4.084185e-01 -1.814078e-02 -3.023076e-01 2.740195e-01
1.740000e+11 4.089024e-01 -5.362852e-02 -3.005996e-01 2.719651e-01
1.750000e+11 4.184858e-01 -8.905685e-02 -2.997522e-01 2.781148e-01
1.760000e+11 4.369394e-01 -1.257283e-01 -2.992791e-01 2.924730e-01
1.770000e+11 4.640106e-01 -1.644808e-01 -2.980429e-01 3.153130e-01
1.780000e+11 4.990164e-01 -2.053279e-01 -2.941590e-01 3.468836e-01
1.790000e+11 5.402295e-01 -2.468886e-01 -2.849604e-01 3.868999e-01
1.800000e+11 5.841925e-01 -2.857259e-01 -2.672840e-01 4.338213e-01
1.810000e+11 6.254442e-01 -3.160749e-01 -2.384058e-01 4.841898e-01
1.820000e+11 6.574669e-01 -3.307687e-01 -1.976617e-01 5.327144e-01
1.830000e+11 6.752286e-01 -3.237376e-01 -1.479531e-01 5.737922e-01
1.840000e+11 6.780636e-01 -2.928428e-01 -9.569117e-02 6.040335e-01
1.850000e+11 6.705017e-01 -2.406853e-01 -4.873785e-02 6.239133e-01
1.860000e+11 6.602084e-01 -1.726492e-01 -1.392754e-02 6.370819e-01
1.870000e+11 6.547906e-01 -9.413966e-02 3.942636e-03 6.479760e-01
1.880000e+11 6.593826e-01 -9.324983e-03 1.572260e-03 6.593147e-01
1.890000e+11 6.751508e-01 7.793893e-02 -2.351494e-02 6.702247e-01
1.900000e+11 6.979790e-01 1.617068e-01 -7.220201e-02 6.751388e-01
1.910000e+11 7.177845e-01 2.319200e-01 -1.409094e-01 6.645090e-01
1.920000e+11 7.211414e-01 2.760309e-01 -2.185929e-01 6.293402e-01
1.930000e+11 6.988243e-01 2.859549e-01 -2.886954e-01 5.685421e-01
1.940000e+11 6.526657e-01 2.646284e-01 -3.376875e-01 4.918450e-01
1.950000e+11 5.936480e-01 2.239699e-01 -3.621395e-01 4.136550e-01
1.960000e+11 5.338383e-01 1.767720e-01 -3.672652e-01 3.447482e-01
1.970000e+11 4.810130e-01 1.313204e-01 -3.609741e-01 2.895273e-01
1.980000e+11 4.383366e-01 9.108013e-02 -3.498199e-01 2.479303e-01
1.990000e+11 4.061779e-01 5.651935e-02 -3.379993e-01 2.180424e-01
2.000000e+11 3.837514e-01 2.675446e-02 -3.278230e-01 1.976902e-01
2.010000e+11 3.700462e-01 4.756977e-04 -3.204287e-01 1.850930e-01
2.020000e+11 3.642330e-01 -2.365420e-02 -3.163145e-01 1.790287e-01
2.030000e+11 3.657992e-01 -4.687164e-02 -3.156512e-01 1.788194e-01
2.040000e+11 3.745655e-01 -7.029086e-02 -3.184331e-01 1.842794e-01
2.050000e+11 3.906454e-01 -9.490127e-02 -3.245149e-01 1.956722e-01
2.060000e+11 4.143561e-01 -1.215271e-01 -3.335620e-01 2.136784e-01
2.070000e+11 4.460522e-01 -1.506953e-01 -3.449166e-01 2.393451e-01
2.080000e+11 4.858250e-01 -1.823476e-01 -3.573882e-01 2.739508e-01
2.090000e+11 5.330100e-01 -2.153372e-01 -3.690167e-01 3.186788e-01
2.100000e+11 5.855334e-01 -2.467421e-01 -3.769725e-01 3.739778e-01
2.110000e+11 6.393910e-01 -2.712956e-01 -3.779417e-01 4.386110e-01
2.120000e+11 6.889432e-01 -2.816417e-01 -3.693960e-01 5.087901e-01
2.130000e+11 7.287266e-01 -2.701750e-01 -3.516498e-01 5.782650e-01
2.140000e+11 7.563090e-01 -2.321361e-01 -3.294839e-01 6.399660e-01
2.150000e+11 7.739374e-01 -1.680115e-01 -3.116348e-01 6.882114e-01
2.160000e+11 7.868586e-01 -8.361576e-02 -3.078679e-01 7.192859e-01
2.170000e+11 7.988721e-01 1.116339e-02 -3.250517e-01 7.296666e-01
2.180000e+11 8.079420e-01 1.030363e-01 -3.634094e-01 7.142040e-01
2.190000e+11 8.053022e-01 1.763124e-01 -4.139530e-01 6.678836e-01
2.200000e+11 7.807198e-01 2.176283e-01 -4.602854e-01 5.918603e-01
2.210000e+11 7.313257e-01 2.234331e-01 -4.871466e-01 4.975974e-01
2.220000e+11 6.648556e-01 2.020422e-01 -4.894145e-01 4.021012e-01
2.230000e+11 5.937389e-01 1.669563e-01 -4.723733e-01 3.186141e-01
2.240000e+11 5.278121e-01 1.291569e-01 -4.451596e-01 2.524618e-01
2.250000e+11 4.719273e-01 9.451889e-02 -4.153819e-01 2.030747e-01
2.260000e+11 4.272114e-01 6.499431e-02 -3.876165e-01 1.674478e-01
2.270000e+11 3.929580e-01 4.048531e-02 -3.640346e-01 1.423226e-01
2.280000e+11 3.678871e-01 2.010764e-02 -3.454043e-01 1.250297e-01
2.290000e+11 3.507550e-01 2.809352e-03 -3.318258e-01 1.136346e-01
2.300000e+11 3.405856e-01 -1.239264e-02 -3.231562e-01 1.068411e-01
2.310000e+11 3.367286e-01 -2.635395e-02 -3.192266e-01 1.038555e-01
2.320000e+11 3.388557e-01 -3.981294e-02 -3.199440e-01 1.042785e-01
2.330000e+11 3.469411e-01 -5.341912e-02 -3.253337e-01 1.080395e-01
2.340000e+11 3.612411e-01 -6.775586e-02 -3.355501e-01 1.153706e-01
2.350000e+11 3.822718e-01 -8.334156e-02 -3.508624e-01 1.268128e-01
2.360000e+11 4.107686e-01 -1.005889e-01 -3.716100e-01 1.432436e-01
2.370000e+11 4.475937e-01 -1.196898e-01 -3.981083e-01 1.659044e-01
2.380000e+11 4.935389e-01 -1.403750e-01 -4.304787e-01 1.963760e-01
2.390000e+11 5.489499e-01 -1.614905e-01 -4.683834e-01 2.363974e-01
2.400000e+11 6.131283e-01 -1.803846e-01 -5.107045e-01 2.873475e-01
2.410000e+11 6.836088e-01 -1.922988e-01 -5.553557e-01 3.491737e-01
2.420000e+11 7.557178e-01 -1.903877e-01 -5.995972e-01 4.187423e-01
2.430000e+11 8.230239e-01 -1.673837e-01 -6.411007e-01 4.882017e-01
2.440000e+11 8.787007e-01 -1.194632e-01 -6.790513e-01 5.447319e-01
2.450000e+11 9.164331e-01 -5.090967e-02 -7.133219e-01 5.730879e-01
2.460000e+11 9.297647e-01 2.404361e-02 -7.408848e-01 5.612255e-01
2.470000e+11 9.123456e-01 8.580147e-02 -7.533307e-01 5.074500e-01
2.480000e+11 8.624354e-01 1.198068e-01 -7.412867e-01 4.241877e-01
2.490000e+11 7.875700e-01 1.246297e-01 -7.030179e-01 3.324152e-01
2.500000e+11 7.018508e-01 1.096387e-01 -6.465892e-01 2.499927e-01
2.510000e+11 6.183687e-01 8.628099e-02 -5.836877e-01 1.850515e-01
2.520000e+11 5.447977e-01 6.234883e-02 -5.234050e-01 1.377112e-01
2.530000e+11 4.837760e-01 4.139461e-02 -4.705190e-01 1.045827e-01
2.540000e+11 4.350395e-01 2.430028e-02 -4.265848e-01 8.181834e-02
2.550000e+11 3.971694e-01 1.074097e-02 -3.914512e-01 6.628835e-02
2.560000e+11 3.685420e-01 1.415486e-05 -3.643001e-01 5.575566e-02
2.570000e+11 3.477294e-01 -8.599066e-03 -3.441928e-01 4.871494e-02
2.580000e+11 3.336238e-01 -1.571344e-02 -3.303112e-01 4.418603e-02
2.590000e+11 3.254484e-01 -2.182067e-02 -3.220469e-01 4.154869e-02
2.600000e+11 3.227343e-01 -2.730534e-02 -3.190256e-01 4.042914e-02
2.610000e+11 3.252944e-01 -3.246754e-02 -3.211101e-01 4.062810e-02
2.620000e+11 3.332093e-01 -3.754145e-02 -3.284029e-01 4.207852e-02
2.630000e+11 3.468247e-01 -4.270504e-02 -3.412543e-01 4.482326e-02
2.640000e+11 3.667620e-01 -4.807745e-02 -3.602796e-01 4.900543e-02
2.650000e+11 3.939316e-01 -5.369828e-02 -3.863788e-01 5.486403e-02
2.660000e+11 4.295331e-01 -5.947960e-02 -4.207453e-01 6.272317e-02
2.670000e+11 4.750053e-01 -6.511766e-02 -4.648308e-01 7.295193e-02
2.680000e+11 5.318505e-01 -6.995266e-02 -5.201938e-01 8.584867e-02
2.690000e+11 6.011966e-01 -7.279024e-02 -5.881019e-01 1.013658e-01
2.700000e+11 6.828853e-01 -7.178497e-02 -6.686719e-01 1.185626e-01
2.710000e+11 7.738788e-01 -6.468291e-02 -7.593059e-01 1.347554e-01
2.720000e+11 8.661120e-01 -4.994371e-02 -8.524631e-01 1.447840e-01
2.730000e+11 9.450389e-01 -2.894188e-02 -9.338971e-01 1.417642e-01
2.740000e+11 9.918459e-01 -7.650847e-03 -9.844094e-01 1.209878e-01
2.750000e+11 9.917514e-01 5.670182e-03 -9.880589e-01 8.531272e-02
2.760000e+11 9.439603e-01 6.729079e-03 -9.428461e-01 4.535316e-02
2.770000e+11 8.627504e-01 -1.677294e-03 -8.626642e-01 1.207836e-02
2.780000e+11 7.679302e-01 -1.338573e-02 -7.677513e-01 -9.774915e-03
2.790000e+11 6.751114e-01 -2.373592e-02 -6.743560e-01 -2.135471e-02
2.800000e+11 5.926874e-01 -3.093329e-02 -5.913075e-01 -2.601897e-02
2.810000e+11 5.234874e-01 -3.504457e-02 -5.216241e-01 -2.681922e-02
2.820000e+11 4.673183e-01 -3.681250e-02 -4.651518e-01 -2.578767e-02
2.830000e+11 4.227629e-01 -3.701525e-02 -4.204503e-01 -2.408163e-02
2.840000e+11 3.881353e-01 -3.625083e-02 -3.857948e-01 -2.229880e-02
2.850000e+11 3.618979e-01 -3.491632e-02 -3.596128e-01 -2.072645e-02
2.860000e+11 3.428061e-01 -3.324683e-02 -3.406326e-01 -1.949656e-02
2.870000e+11 3.299341e-01 -3.135932e-02 -3.279091e-01 -1.867402e-02
2.880000e+11 3.226584e-01 -2.928495e-02 -3.208048e-01 -1.830617e-02
2.890000e+11 3.206351e-01 -2.698772e-02 -3.189640e-01 -1.845336e-02
2.900000e+11 3.237841e-01 -2.437136e-02 -3.222934e-01 -1.921311e-02
2.910000e+11 3.322870e-01 -2.127592e-02 -3.309556e-01 -2.074644e-02
2.920000e+11 3.466000e-01 -1.746599e-02 -3.453736e-01 -2.331466e-02
2.930000e+11 3.674785e-01 -1.261216e-02 -3.662433e-01 -2.733562e-02
2.940000e+11 3.960053e-01 -6.271519e-03 -3.945384e-01 -3.347202e-02
2.950000e+11 4.335975e-01 2.117073e-03 -4.314781e-01 -4.276638e-02
2.960000e+11 4.819301e-01 1.318169e-02 -4.783859e-01 -5.683133e-02
2.970000e+11 5.426473e-01 2.741622e-02 -5.363023e-01 -7.806580e-02
2.980000e+11 6.166150e-01 4.465348e-02 -6.051257e-01 -1.097406e-01
2.990000e+11 7.023958e-01 6.300134e-02 -6.820647e-01 -1.554941e-01
3.000000e+11 7.939401e-01 7.736404e-02 -7.596763e-01 -2.173651e-01
3.010000e+11 8.788358e-01 7.892980e-02 -8.252150e-01 -2.917921e-01
3.020000e+11 9.403728e-01 5.854478e-02 -8.643265e-01 -3.658049e-01
3.030000e+11 9.650321e-01 1.449056e-02 -8.689203e-01 -4.195886e-01
3.040000e+11 9.496849e-01 -4.267998e-02 -8.417528e-01 -4.376436e-01
3.050000e+11 9.012391e-01 -9.589534e-02 -7.923591e-01 -4.185728e-01
3.060000e+11 8.311607e-01 -1.324386e-01 -7.305415e-01 -3.736273e-01
3.070000e+11 7.510834e-01 -1.490712e-01 -6.639669e-01 -3.178868e-01
3.080000e+11 6.705918e-01 -1.496138e-01 -5.984097e-01 -2.630872e-01
3.090000e+11 5.961915e-01 -1.401619e-01 -5.379322e-01 -2.154714e-01
3.100000e+11 5.312903e-01 -1.259359e-01 -4.848670e-01 -1.769563e-01
3.110000e+11 4.769485e-01 -1.103256e-01 -4.400811e-01 -1.470942e-01
3.120000e+11 4.328363e-01 -9.512759e-02 -4.034684e-01 -1.245440e-01
3.130000e+11 3.980021e-01 -8.108641e-02 -3.744292e-01 -1.078587e-01
3.140000e+11 3.713507e-01 -6.835004e-02 -3.522083e-01 -9.580670e-02
3.150000e+11 3.518916e-01 -5.675962e-02 -3.360915e-01 -8.745618e-02
3.160000e+11 3.388494e-01 -4.600691e-02 -3.255011e-01 -8.216647e-02
3.170000e+11 3.317036e-01 -3.570667e-02 -3.200360e-01 -7.955679e-02
3.180000e+11 3.302012e-01 -2.541937e-02 -3.194825e-01 -7.948315e-02
3.190000e+11 3.343646e-01 -1.464544e-02 -3.238136e-01 -8.203651e-02
3.200000e+11 3.445059e-01 -2.803529e-03 -3.331786e-01 -8.756988e-02
3.210000e+11 3.612466e-01 1.079756e-02 -3.478789e-01 -9.676137e-02
3.220000e+11 3.855353e-01 2.697809e-02 -3.683077e-01 -1.107209e-01
3.230000e+11 4.186279e-01 4.666381e-02 -3.948084e-01 -1.311416e-01
3.240000e+11 4.619516e-01 7.074183e-02 -4.273707e-01 -1.604654e-01
3.250000e+11 5.166889e-01 9.963780e-02 -4.650362e-01 -2.019432e-01
3.260000e+11 5.828167e-01 1.323639e-01 -5.049195e-01 -2.592517e-01
3.270000e+11 6.574079e-01 1.648731e-01 -5.410784e-01 -3.350166e-01
3.280000e+11 7.327676e-01 1.883437e-01 -5.644441e-01 -4.276423e-01
3.290000e+11 7.967554e-01 1.898352e-01 -5.660941e-01 -5.275596e-01
3.300000e+11 8.380717e-01 1.582202e-01 -5.441926e-01 -6.174018e-01
3.310000e+11 8.537455e-01 9.273147e-02 -5.083474e-01 -6.796065e-01
3.320000e+11 8.500040e-01 5.191071e-03 -4.742335e-01 -7.053953e-01
3.330000e+11 8.348600e-01 -8.645240e-02 -4.530615e-01 -6.958825e-01
3.340000e+11 8.115077e-01 -1.656794e-01 -4.462745e-01 -6.572170e-01
3.350000e+11 7.784896e-01 -2.213731e-01 -4.476576e-01 -5.971957e-01
3.360000e+11 7.341201e-01 -2.493894e-01 -4.487887e-01 -5.247151e-01
3.370000e+11 6.799931e-01 -2.523817e-01 -4.438391e-01 -4.491113e-01
3.380000e+11 6.209297e-01 -2.373935e-01 -4.314012e-01 -3.782737e-01
3.390000e+11 5.625814e-01 -2.123476e-01 -4.133820e-01 -3.170515e-01
3.400000e+11 5.093135e-01 -1.835189e-01 -3.928664e-01 -2.671647e-01
3.410000e+11 4.635380e-01 -1.547731e-01 -3.726032e-01 -2.282095e-01
3.420000e+11 4.260801e-01 -1.279545e-01 -3.544702e-01 -1.988033e-01
3.430000e+11 3.968349e-01 -1.035921e-01 -3.395372e-01 -1.773728e-01
3.440000e+11 3.753110e-01 -8.148350e-02 -3.283228e-01 -1.625513e-01
3.450000e+11 3.609744e-01 -6.106018e-02 -3.210362e-01 -1.533296e-01
3.460000e+11 3.534381e-01 -4.157423e-02 -3.177449e-01 -1.490913e-01
3.470000e+11 3.525604e-01 -2.217145e-02 -3.184689e-01 -1.496157e-01
3.480000e+11 3.584996e-01 -1.901059e-03 -3.232110e-01 -1.550904e-01
3.490000e+11 3.717437e-01 2.030089e-02 -3.319257e-01 -1.661523e-01
3.500000e+11 3.931117e-01 4.561761e-02 -3.444052e-01 -1.839589e-01
3.510000e+11 4.236790e-01 7.528580e-02 -3.600344e-01 -2.102645e-01
3.520000e+11 4.645141e-01 1.103372e-01 -3.773413e-01 -2.474117e-01
3.530000e+11 5.160112e-01 1.509300e-01 -3.932910e-01 -2.980099e-01
3.540000e+11 5.765567e-01 1.950088e-01 -4.024872e-01 -3.638589e-01
3.550000e+11 6.406283e-01 2.363945e-01 -3.971011e-01 -4.436586e-01
3.560000e+11 6.977908e-01 2.637806e-01 -3.692528e-01 -5.300794e-01
3.570000e+11 7.357096e-01 2.637732e-01 -3.167592e-01 -6.093898e-01
3.580000e+11 7.478941e-01 2.287302e-01 -2.482171e-01 -6.673952e-01
3.590000e+11 7.392084e-01 1.625066e-01 -1.802280e-01 -6.982396e-01
3.600000e+11 7.220586e-01 7.712627e-02 -1.280859e-01 -7.064093e-01
3.610000e+11 7.077893e-01 -1.495965e-02 -9.970281e-02 -7.005721e-01
3.620000e+11 7.016118e-01 -1.046814e-01 -9.619021e-02 -6.870578e-01
3.630000e+11 7.022560e-01 -1.854175e-01 -1.146225e-01 -6.675669e-01
3.640000e+11 7.037938e-01 -2.510275e-01 -1.495093e-01 -6.402795e-01
3.650000e+11 6.984710e-01 -2.956334e-01 -1.932006e-01 -6.026078e-01
3.660000e+11 6.803007e-01 -3.155791e-01 -2.369399e-01 -5.541465e-01
3.670000e+11 6.479974e-01 -3.116839e-01 -2.732462e-01 -4.980867e-01
3.680000e+11 6.052186e-01 -2.892751e-01 -2.982132e-01 -4.400891e-01
3.690000e+11 5.581200e-01 -2.557267e-01 -3.119116e-01 -3.857627e-01
3.700000e+11 5.124803e-01 -2.176270e-01 -3.169452e-01 -3.388513e-01
3.710000e+11 4.722211e-01 -1.793452e-01 -3.166339e-01 -3.009502e-01
3.720000e+11 4.393713e-01 -1.430268e-01 -3.138742e-01 -2.721644e-01
3.730000e+11 4.146822e-01 -1.092182e-01 -3.107633e-01 -2.519105e-01
3.740000e+11 3.982798e-01 -7.750304e-02 -3.086457e-01 -2.394950e-01
3.750000e+11 3.901333e-01 -4.693468e-02 -3.082810e-01 -2.344439e-01
3.760000e+11 3.903364e-01 -1.626847e-02 -3.099758e-01 -2.366703e-01
3.770000e+11 3.992501e-01 1.592943e-02 -3.136146e-01 -2.465619e-01
3.780000e+11 4.175294e-01 5.120423e-02 -3.185525e-01 -2.650155e-01
3.790000e+11 4.459883e-01 9.104603e-02 -3.233312e-01 -2.933822e-01
3.800000e+11 4.851578e-01 1.364467e-01 -3.251992e-01 -3.331754e-01
3.810000e+11 5.342863e-01 1.869088e-01 -3.195534e-01 -3.852436e-01
3.820000e+11 5.896281e-01 2.387412e-01 -2.998513e-01 -4.480549e-01
3.830000e+11 6.426994e-01 2.833165e-01 -2.592535e-01 -5.153464e-01
3.840000e+11 6.810043e-01 3.077933e-01 -1.950933e-01 -5.752988e-01
3.850000e+11 6.939441e-01 3.010164e-01 -1.138971e-01 -6.147966e-01
3.860000e+11 6.807164e-01 2.614102e-01 -3.050036e-02 -6.277812e-01
3.870000e+11 6.512971e-01 1.979714e-01 4.028610e-02 -6.191706e-01
3.880000e+11 6.192005e-01 1.230871e-01 9.083428e-02 -6.000066e-01
3.890000e+11 5.945575e-01 4.577106e-02 1.205931e-01 -5.803972e-01
3.900000e+11 5.823157e-01 -2.978247e-02 1.321257e-01 -5.663456e-01
3.910000e+11 5.834169e-01 -1.023482e-01 1.279772e-01 -5.599304e-01
3.920000e+11 5.960674e-01 -1.713077e-01 1.095568e-01 -5.603100e-01
3.930000e+11 6.161920e-01 -2.348321e-01 7.747245e-02 -5.643974e-01
3.940000e+11 6.375311e-01 -2.889191e-01 3.273028e-02 -5.673626e-01
3.950000e+11 6.524153e-01 -3.277836e-01 -2.178902e-02 -5.636744e-01
3.960000e+11 6.539952e-01 -3.460038e-01 -8.059814e-02 -5.490856e-01
3.970000e+11 6.392144e-01 -3.415193e-01 -1.366806e-01 -5.227600e-01
3.980000e+11 6.102579e-01 -3.171280e-01 -1.840580e-01 -4.878188e-01
3.990000e+11 5.730961e-01 -2.790706e-01 -2.198790e-01 -4.496798e-01
4.000000e+11 5.344933e-01 -2.340585e-01 -2.445446e-01 -4.136396e-01
4.010000e+11 4.998004e-01 -1.870624e-01 -2.603632e-01 -3.834308e-01
4.020000e+11 4.723652e-01 -1.406962e-01 -2.700712e-01 -3.611025e-01
4.030000e+11 4.539800e-01 -9.561907e-02 -2.759315e-01 -3.475869e-01
4.040000e+11 4.455864e-01 -5.119433e-02 -2.793686e-01 -3.433359e-01
4.050000e+11 4.478251e-01 -6.036701e-03 -2.808481e-01 -3.487625e-01
4.060000e+11 4.612985e-01 4.157096e-02 -2.797566e-01 -3.644233e-01
4.070000e+11 4.864712e-01 9.322202e-02 -2.741639e-01 -3.908938e-01
4.080000e+11 5.230511e-01 1.496061e-01 -2.605103e-01 -4.281762e-01
4.090000e+11 5.686393e-01 2.091005e-01 -2.335860e-01 -4.744104e-01
4.100000e+11 6.168228e-01 2.658518e-01 -1.877165e-01 -5.239806e-01
4.110000e+11 6.563072e-01 3.089141e-01 -1.202327e-01 -5.664409e-01
4.120000e+11 6.742504e-01 3.255914e-01 -3.618630e-02 -5.893168e-01
4.130000e+11 6.641854e-01 3.093652e-01 5.093171e-02 -5.855266e-01
4.140000e+11 6.312317e-01 2.651035e-01 1.261552e-01 -5.588009e-01
4.150000e+11 5.880287e-01 2.049877e-01 1.813561e-01 -5.204495e-01
4.160000e+11 5.466027e-01 1.403713e-01 2.166675e-01 -4.817941e-01
4.170000e+11 5.142443e-01 7.765754e-02 2.364773e-01 -4.499945e-01
4.180000e+11 4.939650e-01 1.878698e-02 2.455317e-01 -4.282087e-01
4.190000e+11 4.863528e-01 -3.680348e-02 2.471793e-01 -4.172373e-01
4.200000e+11 4.909317e-01 -9.057243e-02 2.430470e-01 -4.168198e-01
4.210000e+11 5.066893e-01 -1.438374e-01 2.332251e-01 -4.262052e-01
4.220000e+11 5.319507e-01 -1.970062e-01 2.165660e-01 -4.441388e-01
4.230000e+11 5.638319e-01 -2.488383e-01 1.911214e-01 -4.684640e-01
4.240000e+11 5.976218e-01 -2.958164e-01 1.549473e-01 -4.956166e-01
4.250000e+11 6.267657e-01 -3.321731e-01 1.074207e-01 -5.205354e-01
4.260000e+11 6.442753e-01 -3.513482e-01 5.066340e-02 -5.376600e-01
4.270000e+11 6.455560e-01 -3.488457e-01 -1.007950e-02 -5.430909e-01
4.280000e+11 6.308803e-01 -3.247140e-01 -6.802178e-02 -5.366040e-01
4.290000e+11 6.053011e-01 -2.834436e-01 -1.175252e-01 -5.217633e-01
4.300000e+11 5.760973e-01 -2.313749e-01 -1.558092e-01 -5.040607e-01
4.310000e+11 5.500092e-01 -1.738841e-01 -1.827191e-01 -4.887619e-01
4.320000e+11 5.319240e-01 -1.140376e-01 -1.993560e-01 -4.797871e-01
4.330000e+11 5.249041e-01 -5.268013e-02 -2.066926e-01 -4.796116e-01
4.340000e+11 5.306631e-01 1.076612e-02 -2.046302e-01 -4.895037e-01
4.350000e+11 5.497322e-01 7.720099e-02 -1.914766e-01 -5.094921e-01
4.360000e+11 5.808600e-01 1.463773e-01 -1.638903e-01 -5.376913e-01
4.370000e+11 6.195144e-01 2.149147e-01 -1.178011e-01 -5.689751e-01
4.380000e+11 6.563133e-01 2.744923e-01 -5.117529e-02 -5.939548e-01
4.390000e+11 6.780428e-01 3.127706e-01 3.167828e-02 -6.007604e-01
4.400000e+11 6.738614e-01 3.195679e-01 1.181895e-01 -5.813749e-01
4.410000e+11 6.430418e-01 2.946017e-01 1.928196e-01 -5.380829e-01
4.420000e+11 5.953856e-01 2.479123e-01 2.460676e-01 -4.821559e-01
4.430000e+11 5.437702e-01 1.924167e-01 2.777551e-01 -4.260445e-01
4.440000e+11 4.975581e-01 1.373189e-01 2.932933e-01 -3.777388e-01
4.450000e+11 4.612479e-01 8.675635e-02 2.989515e-01 -3.403689e-01
4.460000e+11 4.360702e-01 4.138651e-02 2.995538e-01 -3.141845e-01
4.470000e+11 4.217777e-01 1.726188e-04 2.981320e-01 -2.983516e-01
4.480000e+11 4.177336e-01 -3.851526e-02 2.962889e-01 -2.919433e-01
4.490000e+11 4.233839e-01 -7.636516e-02 2.945974e-01 -2.943377e-01
4.500000e+11 4.383516e-01 -1.148589e-01 2.928347e-01 -3.052989e-01
4.510000e+11 4.622876e-01 -1.550491e-01 2.900453e-01 -3.248742e-01
4.520000e+11 4.945047e-01 -1.972214e-01 2.844989e-01 -3.531274e-01
4.530000e+11 5.333924e-01 -2.403576e-01 2.736776e-01 -3.896617e-01
4.540000e+11 5.757156e-01 -2.814741e-01 2.545354e-01 -4.329347e-01
4.550000e+11 6.162188e-01 -3.152441e-01 2.243492e-01 -4.795980e-01
4.560000e+11 6.483228e-01 -3.346890e-01 1.822464e-01 -5.244921e-01
4.570000e+11 6.664398e-01 -3.334655e-01 1.307246e-01 -5.620088e-01
4.580000e+11 6.689560e-01 -3.088022e-01 7.576082e-02 -5.885606e-01
4.590000e+11 6.595237e-01 -2.627470e-01 2.488498e-02 -6.044140e-01
4.600000e+11 6.454280e-01 -2.005355e-01 -1.537794e-02 -6.132914e-01
4.610000e+11 6.345070e-01 -1.276809e-01 -4.069020e-02 -6.201943e-01
4.620000e+11 6.327647e-01 -4.817561e-02 -4.832730e-02 -6.290745e-01
4.630000e+11 6.431437e-01 3.527155e-02 -3.601759e-02 -6.411649e-01
4.640000e+11 6.645708e-01 1.193456e-01 -1.613835e-03 -6.537648e-01
4.650000e+11 6.907230e-01 1.975314e-01 5.533359e-02 -6.595588e-01
4.660000e+11 7.098452e-01 2.588654e-01 1.300751e-01 -6.480350e-01
4.670000e+11 7.087293e-01 2.912649e-01 2.101506e-01 -6.109818e-01
4.680000e+11 6.809151e-01 2.893909e-01 2.790481e-01 -5.495730e-01
4.690000e+11 6.315313e-01 2.593394e-01 3.253382e-01 -4.751104e-01
4.700000e+11 5.727747e-01 2.140672e-01 3.479197e-01 -4.014947e-01
4.710000e+11 5.158423e-01 1.653145e-01 3.529136e-01 -3.379591e-01
4.720000e+11 4.671233e-01 1.198034e-01 3.479234e-01 -2.877510e-01
4.730000e+11 4.288355e-01 7.988278e-02 3.388514e-01 -2.503963e-01
4.740000e+11 4.009357e-01 4.544271e-02 3.293783e-01 -2.240409e-01
4.750000e+11 3.825633e-01 1.535590e-02 3.215150e-01 -2.067534e-01
4.760000e+11 3.727918e-01 -1.177818e-02 3.162510e-01 -1.970286e-01
4.770000e+11 3.709358e-01 -3.733430e-02 3.140065e-01 -1.939057e-01
4.780000e+11 3.766382e-01 -6.257255e-02 3.148830e-01 -1.969511e-01
4.790000e+11 3.898554e-01 -8.861831e-02 3.187631e-01 -2.062139e-01
4.800000e+11 4.107794e-01 -1.164293e-01 3.252990e-01 -2.221812e-01
4.810000e+11 4.396823e-01 -1.466864e-01 3.338063e-01 -2.457172e-01
4.820000e+11 4.766356e-01 -1.795409e-01 3.430771e-01 -2.779293e-01
4.830000e+11 5.210431e-01 -2.141541e-01 3.511565e-01 -3.198642e-01
4.840000e+11 5.709969e-01 -2.480354e-01 3.552325e-01 -3.719218e-01
4.850000e+11 6.226949e-01 -2.764208e-01 3.519552e-01 -4.329757e-01
4.860000e+11 6.705523e-01 -2.923362e-01 3.385786e-01 -4.995442e-01
4.870000e+11 7.087770e-01 -2.881427e-01 3.149102e-01 -5.658358e-01
4.880000e+11 7.342330e-01 -2.584697e-01 2.850151e-01 -6.253462e-01
4.890000e+11 7.486112e-01 -2.027330e-01 2.570381e-01 -6.732380e-01
4.900000e+11 7.576129e-01 -1.253008e-01 2.407872e-01 -7.073179e-01
4.910000e+11 7.671957e-01 -3.389080e-02 2.445500e-01 -7.263855e-01
4.920000e+11 7.790849e-01 6.137122e-02 2.722904e-01 -7.273684e-01
4.930000e+11 7.879442e-01 1.475310e-01 3.209491e-01 -7.043311e-01
4.940000e+11 7.827338e-01 2.099012e-01 3.787185e-01 -6.520628e-01
4.950000e+11 7.538268e-01 2.378737e-01 4.282361e-01 -5.729614e-01
4.960000e+11 7.011830e-01 2.318496e-01 4.559002e-01 -4.796439e-01
4.970000e+11 6.346161e-01 2.026719e-01 4.591740e-01 -3.883568e-01
4.980000e+11 5.663717e-01 1.637364e-01 4.446121e-01 -3.103021e-01
4.990000e+11 5.049159e-01 1.245587e-01 4.211134e-01 -2.491760e-01
5.000000e+11 4.538904e-01 8.963924e-02 3.955463e-01 -2.037754e-01
5.010000e+11 4.137842e-01 6.011000e-02 3.719153e-01 -1.711232e-01
5.020000e+11 3.836900e-01 3.549272e-02 3.521163e-01 -1.482308e-01
5.030000e+11 3.623541e-01 1.475714e-02 3.368498e-01 -1.327213e-01
5.040000e+11 3.486513e-01 -3.197436e-03 3.262536e-01 -1.229066e-01
5.050000e+11 3.417518e-01 -1.937433e-02 3.202622e-01 -1.176905e-01
5.060000e+11 3.411562e-01 -3.465011e-02 3.187886e-01 -1.164507e-01
5.070000e+11 3.466843e-01 -4.979415e-02 3.218083e-01 -1.189535e-01
5.080000e+11 3.584529e-01 -6.549544e-02 3.293884e-01 -1.253082e-01
5.090000e+11 3.768493e-01 -8.237381e-02 3.416801e-01 -1.359583e-01
5.100000e+11 4.024880e-01 -1.009542e-01 3.588763e-01 -1.516993e-01
5.110000e+11 4.361239e-01 -1.215726e-01 3.811192e-01 -1.737019e-01
5.120000e+11 4.784703e-01 -1.441651e-01 4.083363e-01 -2.034985e-01
5.130000e+11 5.298551e-01 -1.678777e-01 4.399907e-01 -2.428407e-01
5.140000e+11 5.896671e-01 -1.904683e-01 4.747863e-01 -2.932697e-01
5.150000e+11 6.556730e-01 -2.076312e-01 5.105135e-01 -3.552074e-01
5.160000e+11 7.235896e-01 -2.127547e-01 5.444232e-01 -4.265217e-01
5.170000e+11 7.875802e-01 -1.980414e-01 5.744843e-01 -5.010290e-01
5.180000e+11 8.418978e-01 -1.576839e-01 6.010544e-01 -5.680328e-01
5.190000e+11 8.823400e-01 -9.224752e-02 6.270393e-01 -6.138697e-01
5.200000e+11 9.053964e-01 -1.163912e-02 6.546098e-01 -6.253744e-01
5.210000e+11 9.058771e-01 6.615782e-02 6.800361e-01 -5.948003e-01
5.220000e+11 8.778902e-01 1.220495e-01 6.926931e-01 -5.253298e-01
5.230000e+11 8.209804e-01 1.459139e-01 6.823061e-01 -4.326387e-01
5.240000e+11 7.440353e-01 1.412914e-01 6.478069e-01 -3.375966e-01
5.250000e+11 6.607890e-01 1.198761e-01 5.974817e-01 -2.555141e-01
5.260000e+11 5.825192e-01 9.286011e-02 5.420687e-01 -1.920082e-01
5.270000e+11 5.150765e-01 6.692885e-02 4.894198e-01 -1.459199e-01
5.280000e+11 4.599909e-01 4.474607e-02 4.435034e-01 -1.135523e-01
5.290000e+11 4.165451e-01 2.670787e-02 4.055698e-01 -9.115749e-02
5.300000e+11 3.832446e-01 1.227225e-02 3.754758e-01 -7.578728e-02
5.310000e+11 3.585564e-01 6.497988e-04 3.525490e-01 -6.535640e-02
5.320000e+11 3.411986e-01 -8.914507e-03 3.360337e-01 -5.846667e-02
5.330000e+11 3.302170e-01 -1.705742e-02 3.252894e-01 -5.421361e-02
5.340000e+11 3.249814e-01 -2.429324e-02 3.198669e-01 -5.203772e-02
5.350000e+11 3.251605e-01 -3.103496e-02 3.195325e-01 -5.162498e-02
5.360000e+11 3.307008e-01 -3.761818e-02 3.242763e-01 -5.284664e-02
5.370000e+11 3.418165e-01 -4.431879e-02 3.343184e-01 -5.572782e-02
5.380000e+11 3.589913e-01 -5.135909e-02 3.501205e-01 -6.043687e-02
5.390000e+11 3.829859e-01 -5.889664e-02 3.723998e-01 -6.728881e-02
5.400000e+11 4.148389e-01 -6.698509e-02 4.021357e-01 -7.675395e-02
5.410000e+11 4.558313e-01 -7.549001e-02 4.405467e-01 -8.945423e-02
5.420000e+11 5.073595e-01 -8.393568e-02 4.889883e-01 -1.061081e-01
5.430000e+11 5.706163e-01 -9.126447e-02 5.486873e-01 -1.273418e-01
5.440000e+11 6.459243e-01 -9.554292e-02 6.201712e-01 -1.532235e-01
5.450000e+11 7.315577e-01 -9.381727e-02 7.022290e-01 -1.823441e-01
5.460000e+11 8.220478e-01 -8.265234e-02 7.903335e-01 -2.104854e-01
5.470000e+11 9.065552e-01 -6.010939e-02 8.749006e-01 -2.297352e-01
5.480000e+11 9.690051e-01 -2.898561e-02 9.408088e-01 -2.302380e-01
5.490000e+11 9.925227e-01 1.737341e-03 9.708589e-01 -2.062314e-01
5.500000e+11 9.683564e-01 2.141992e-02 9.543919e-01 -1.624544e-01
5.510000e+11 9.026529e-01 2.564619e-02 8.952536e-01 -1.124524e-01
5.520000e+11 8.129687e-01 1.827456e-02 8.098281e-01 -6.901117e-02
5.530000e+11 7.178123e-01 6.241335e-03 7.167987e-01 -3.761793e-02
5.540000e+11 6.295220e-01 -5.399929e-03 6.292539e-01 -1.755822e-02
5.550000e+11 5.536261e-01 -1.451695e-02 5.534059e-01 -5.750364e-03
5.560000e+11 4.912247e-01 -2.084397e-02 4.907816e-01 7.998145e-04
5.570000e+11 4.413225e-01 -2.486603e-02 4.406010e-01 4.245699e-03
5.580000e+11 4.022452e-01 -2.720708e-02 4.012799e-01 5.948000e-03
5.590000e+11 3.723141e-01 -2.839720e-02 3.711688e-01 6.715655e-03
