# #nu(Hz) #T #rho #c #s
0.000000e+00 1.000000e+00 2.220446e-16 1.000000e+00 0.000000e+00
1.000000e+09 9.131969e-01 -1.668771e-02 9.114069e-01 5.465813e-02
2.000000e+09 7.351347e-01 -4.038685e-02 7.308677e-01 6.800242e-02
3.000000e+09 5.729252e-01 -4.909581e-02 5.678685e-01 5.795067e-02
4.000000e+09 4.581546e-01 -4.720857e-02 4.534633e-01 4.525543e-02
5.000000e+09 3.851528e-01 -4.163669e-02 3.811966e-01 3.603023e-02
6.000000e+09 3.431075e-01 -3.538936e-02 3.399021e-01 3.060855e-02
7.000000e+09 3.245677e-01 -2.907377e-02 3.220085e-01 2.845069e-02
8.000000e+09 3.262143e-01 -2.215117e-02 3.241208e-01 2.950982e-02
9.000000e+09 3.485492e-01 -1.325526e-02 3.465556e-01 3.478633e-02
1.000000e+10 3.960493e-01 4.953201e-05 3.932186e-01 4.726756e-02
1.100000e+10 4.775412e-01 2.154937e-02 4.712563e-01 7.415372e-02
1.200000e+10 6.037026e-01 5.439774e-02 5.868356e-01 1.308499e-01
1.300000e+10 7.702060e-01 8.854550e-02 7.265832e-01 2.396955e-01
1.400000e+10 9.181464e-01 7.673464e-02 8.275622e-01 3.901864e-01
1.500000e+10 9.535795e-01 -1.886729e-02 8.237521e-01 4.799898e-01
1.600000e+10 8.669160e-01 -1.225476e-01 7.398199e-01 4.349620e-01
1.700000e+10 7.223881e-01 -1.575682e-01 6.269521e-01 3.224095e-01
1.800000e+10 5.819851e-01 -1.407687e-01 5.189532e-01 2.226623e-01
1.900000e+10 4.751200e-01 -1.093921e-01 4.347316e-01 1.574195e-01
2.000000e+10 4.043852e-01 -8.004119e-02 3.778623e-01 1.197535e-01
2.100000e+10 3.635416e-01 -5.548296e-02 3.450122e-01 1.002532e-01
2.200000e+10 3.470416e-01 -3.383651e-02 3.325284e-01 9.336915e-02
2.300000e+10 3.526389e-01 -1.188330e-02 3.387002e-01 9.744319e-02
2.400000e+10 3.819250e-01 1.450946e-02 3.640344e-01 1.146085e-01
2.500000e+10 4.405062e-01 5.064716e-02 4.102989e-01 1.521033e-01
2.600000e+10 5.363117e-01 1.013648e-01 4.762428e-01 2.248294e-01
2.700000e+10 6.684486e-01 1.600583e-01 5.447229e-01 3.528198e-01
2.800000e+10 7.992306e-01 1.825387e-01 5.696195e-01 5.300781e-01
2.900000e+10 8.628147e-01 1.035595e-01 5.250819e-01 6.767670e-01
3.000000e+10 8.551357e-01 -5.361056e-02 4.735813e-01 7.100026e-01
3.100000e+10 8.085255e-01 -1.878956e-01 4.627001e-01 6.358596e-01
3.200000e+10 7.249831e-01 -2.375742e-01 4.619216e-01 5.057543e-01
3.300000e+10 6.191344e-01 -2.161094e-01 4.410206e-01 3.769947e-01
3.400000e+10 5.223803e-01 -1.672664e-01 4.067403e-01 2.818961e-01
3.500000e+10 4.522025e-01 -1.179454e-01 3.752934e-01 2.230041e-01
3.600000e+10 4.109326e-01 -7.489705e-02 3.553504e-01 1.923074e-01
3.700000e+10 3.964122e-01 -3.584543e-02 3.495870e-01 1.834302e-01
3.800000e+10 4.079422e-01 4.437262e-03 3.583842e-01 1.948279e-01
3.900000e+10 4.480627e-01 5.236435e-02 3.806072e-01 2.305566e-01
4.000000e+10 5.212999e-01 1.137135e-01 4.103847e-01 3.006779e-01
4.100000e+10 6.256609e-01 1.851780e-01 4.284184e-01 4.166754e-01
4.200000e+10 7.320332e-01 2.339673e-01 3.976567e-01 5.683319e-01
4.300000e+10 7.863449e-01 2.009703e-01 3.036536e-01 6.969532e-01
4.400000e+10 7.818824e-01 7.717092e-02 2.064280e-01 7.501814e-01
4.500000e+10 7.662107e-01 -7.817298e-02 1.722261e-01 7.424998e-01
4.600000e+10 7.561342e-01 -2.066093e-01 2.062245e-01 6.975120e-01
4.700000e+10 7.276096e-01 -2.707318e-01 2.713404e-01 6.184613e-01
4.800000e+10 6.662277e-01 -2.642228e-01 3.241473e-01 5.186271e-01
4.900000e+10 5.906951e-01 -2.145475e-01 3.481138e-01 4.262709e-01
5.000000e+10 5.268501e-01 -1.523630e-01 3.527817e-01 3.604187e-01
5.100000e+10 4.878695e-01 -9.149152e-02 3.520339e-01 3.251431e-01
5.200000e+10 4.775991e-01 -3.247728e-02 3.537494e-01 3.192296e-01
5.300000e+10 4.976832e-01 2.980985e-02 3.591222e-01 3.432655e-01
5.400000e+10 5.496071e-01 1.008890e-01 3.618360e-01 4.012034e-01
5.500000e+10 6.292055e-01 1.789043e-01 3.443785e-01 4.952740e-01
5.600000e+10 7.127684e-01 2.403114e-01 2.803789e-01 6.096531e-01
5.700000e+10 7.572595e-01 2.402542e-01 1.648687e-01 6.989551e-01
5.800000e+10 7.484424e-01 1.614470e-01 4.451548e-02 7.294650e-01
5.900000e+10 7.228962e-01 3.863817e-02 -2.794361e-02 7.213218e-01
6.000000e+10 7.145793e-01 -8.857751e-02 -3.871108e-02 7.080106e-01
6.100000e+10 7.243669e-01 -1.960413e-01 3.456146e-03 6.973258e-01
6.200000e+10 7.300805e-01 -2.627792e-01 8.071294e-02 6.763505e-01
6.300000e+10 7.106587e-01 -2.741922e-01 1.656146e-01 6.343707e-01
6.400000e+10 6.681732e-01 -2.368792e-01 2.328070e-01 5.797798e-01
6.500000e+10 6.231066e-01 -1.725305e-01 2.740565e-01 5.323420e-01
6.600000e+10 5.946538e-01 -9.833079e-02 2.943292e-01 5.072618e-01
6.700000e+10 5.930220e-01 -2.014999e-02 2.990652e-01 5.116923e-01
6.800000e+10 6.212526e-01 6.220952e-02 2.865828e-01 5.476815e-01
6.900000e+10 6.744327e-01 1.456741e-01 2.460930e-01 6.108001e-01
7.000000e+10 7.332803e-01 2.131486e-01 1.640014e-01 6.821812e-01
7.100000e+10 7.660613e-01 2.339379e-01 4.485799e-02 7.280871e-01
7.200000e+10 7.572226e-01 1.921660e-01 -7.549714e-02 7.285317e-01
7.300000e+10 7.269991e-01 1.069313e-01 -1.599787e-01 7.010708e-01
7.400000e+10 7.050605e-01 7.588498e-03 -1.989793e-01 6.763578e-01
7.500000e+10 7.049254e-01 -8.828491e-02 -1.989308e-01 6.704865e-01
7.600000e+10 7.229613e-01 -1.704754e-01 -1.662205e-01 6.826287e-01
7.700000e+10 7.448149e-01 -2.270663e-01 -1.064390e-01 7.013279e-01
7.800000e+10 7.545754e-01 -2.453642e-01 -3.093229e-02 7.128980e-01
7.900000e+10 7.468951e-01 -2.214217e-01 4.220579e-02 7.120698e-01
8.000000e+10 7.311821e-01 -1.639659e-01 9.639049e-02 7.060108e-01
8.100000e+10 7.226843e-01 -8.654875e-02 1.226309e-01 7.069254e-01
8.200000e+10 7.317885e-01 -6.443534e-05 1.166306e-01 7.224346e-01
8.300000e+10 7.585944e-01 8.573174e-02 7.437620e-02 7.500558e-01
8.400000e+10 7.907795e-01 1.559200e-01 -5.090926e-03 7.752389e-01
8.500000e+10 8.080080e-01 1.904714e-01 -1.097094e-01 7.775355e-01
8.600000e+10 7.982297e-01 1.781652e-01 -2.124453e-01 7.485284e-01
8.700000e+10 7.700145e-01 1.280910e-01 -2.891951e-01 7.020549e-01
8.800000e+10 7.424887e-01 5.974115e-02 -3.338935e-01 6.604813e-01
8.900000e+10 7.294507e-01 -1.187382e-02 -3.526401e-01 6.384374e-01
9.000000e+10 7.349382e-01 -7.874354e-02 -3.522771e-01 6.401831e-01
9.100000e+10 7.555081e-01 -1.351492e-01 -3.361086e-01 6.629919e-01
9.200000e+10 7.830466e-01 -1.739130e-01 -3.057212e-01 6.996076e-01
9.300000e+10 8.083097e-01 -1.868633e-01 -2.651676e-01 7.403599e-01
9.400000e+10 8.258940e-01 -1.691054e-01 -2.237490e-01 7.768145e-01
9.500000e+10 8.372526e-01 -1.228750e-01 -1.943956e-01 8.050490e-01
9.600000e+10 8.479571e-01 -5.715102e-02 -1.888880e-01 8.246735e-01
9.700000e+10 8.612513e-01 1.508595e-02 -2.136076e-01 8.342050e-01
9.800000e+10 8.736130e-01 7.869016e-02 -2.666054e-01 8.282084e-01
9.900000e+10 8.765448e-01 1.190298e-01 -3.361547e-01 8.007264e-01
1.000000e+11 8.643289e-01 1.280112e-01 -4.046069e-01 7.529747e-01
1.010000e+11 8.402749e-01 1.085082e-01 -4.580502e-01 6.960444e-01
1.020000e+11 8.143033e-01 7.090517e-02 -4.927305e-01 6.444214e-01
1.030000e+11 7.959770e-01 2.587121e-02 -5.125579e-01 6.084362e-01
1.040000e+11 7.905468e-01 -1.924452e-02 -5.232002e-01 5.923305e-01
1.050000e+11 7.988533e-01 -5.977861e-02 -5.286275e-01 5.959414e-01
1.060000e+11 8.185210e-01 -9.187840e-02 -5.306731e-01 6.163773e-01
1.070000e+11 8.451774e-01 -1.114523e-01 -5.302052e-01 6.486800e-01
1.080000e+11 8.738148e-01 -1.146603e-01 -5.287673e-01 6.861563e-01
1.090000e+11 9.003040e-01 -9.968404e-02 -5.296401e-01 7.211738e-01
1.100000e+11 9.222410e-01 -6.857705e-02 -5.372963e-01 7.464170e-01
1.110000e+11 9.383562e-01 -2.777257e-02 -5.551394e-01 7.560167e-01
1.120000e+11 9.472174e-01 1.332576e-02 -5.829422e-01 7.464728e-01
1.130000e+11 9.470670e-01 4.527761e-02 -6.161142e-01 7.178364e-01
1.140000e+11 9.374141e-01 6.194133e-02 -6.479056e-01 6.746308e-01
1.150000e+11 9.206232e-01 6.234849e-02 -6.731512e-01 6.249217e-01
1.160000e+11 9.015083e-01 4.986486e-02 -6.905445e-01 5.773897e-01
1.170000e+11 8.853041e-01 2.964962e-02 -7.020649e-01 5.385064e-01
1.180000e+11 8.758493e-01 6.523001e-03 -7.109299e-01 5.115156e-01
1.190000e+11 8.749138e-01 -1.581363e-02 -7.199262e-01 4.969208e-01
1.200000e+11 8.823739e-01 -3.463101e-02 -7.307413e-01 4.933575e-01
1.210000e+11 8.966902e-01 -4.783953e-02 -7.440140e-01 4.982047e-01
1.220000e+11 9.154268e-01 -5.391492e-02 -7.596860e-01 5.079139e-01
1.230000e+11 9.357612e-01 -5.216715e-02 -7.773545e-01 5.183123e-01
1.240000e+11 9.549518e-01 -4.315572e-02 -7.964466e-01 5.251127e-01
1.250000e+11 9.706962e-01 -2.889398e-02 -8.161682e-01 5.246766e-01
1.260000e+11 9.813694e-01 -1.253969e-02 -8.353854e-01 5.148396e-01
1.270000e+11 9.862086e-01 2.438645e-03 -8.527123e-01 4.954626e-01
1.280000e+11 9.854619e-01 1.327352e-02 -8.669248e-01 4.684021e-01
1.290000e+11 9.803788e-01 1.859391e-02 -8.774790e-01 4.368380e-01
1.300000e+11 9.729136e-01 1.851366e-02 -8.847596e-01 4.042506e-01
1.310000e+11 9.652051e-01 1.421154e-02 -8.898916e-01 3.735130e-01
1.320000e+11 9.590575e-01 7.341577e-03 -8.942797e-01 3.464118e-01
1.330000e+11 9.556185e-01 -4.401684e-04 -8.991580e-01 3.236066e-01
1.340000e+11 9.553001e-01 -7.741410e-03 -9.053220e-01 3.048448e-01
1.350000e+11 9.578809e-01 -1.354275e-02 -9.130630e-01 2.892548e-01
1.360000e+11 9.627013e-01 -1.723037e-02 -9.222404e-01 2.756257e-01
1.370000e+11 9.688840e-01 -1.859722e-02 -9.324189e-01 2.626507e-01
1.380000e+11 9.755341e-01 -1.781523e-02 -9.430161e-01 2.491383e-01
1.390000e+11 9.818910e-01 -1.536374e-02 -9.534323e-01 2.341807e-01
1.400000e+11 9.874181e-01 -1.190961e-02 -9.631467e-01 2.172581e-01
1.410000e+11 9.918298e-01 -8.159199e-03 -9.717784e-01 1.982586e-01
1.420000e+11 9.950649e-01 -4.719954e-03 -9.791099e-01 1.774135e-01
1.430000e+11 9.972253e-01 -2.007501e-03 -9.850765e-01 1.551729e-01
1.440000e+11 9.985004e-01 -2.154404e-04 -9.897282e-01 1.320653e-01
1.450000e+11 9.990971e-01 6.580017e-04 -9.931794e-01 1.085784e-01
1.460000e+11 9.991907e-01 7.475441e-04 -9.955612e-01 8.508477e-02
1.470000e+11 9.989043e-01 2.475254e-04 -9.969895e-01 6.181884e-02
1.480000e+11 9.983097e-01 -6.519295e-04 -9.975516e-01 3.889331e-02
1.490000e+11 9.974438e-01 -1.806495e-03 -9.973083e-01 1.634079e-02
1.500000e+11 9.963250e-01 -3.131816e-03 -9.963030e-01 -5.836750e-03
1.510000e+11 9.949641e-01 -4.591648e-03 -9.945700e-01 -2.762494e-02
1.520000e+11 9.933679e-01 -6.166721e-03 -9.921409e-01 -4.897093e-02
1.530000e+11 9.915393e-01 -7.815012e-03 -9.890500e-01 -6.978068e-02
1.540000e+11 9.894825e-01 -9.436115e-03 -9.853411e-01 -8.994140e-02
1.550000e+11 9.872171e-01 -1.085212e-02 -9.810806e-01 -1.093654e-01
1.560000e+11 9.848033e-01 -1.181438e-02 -9.763719e-01 -1.280463e-01
1.570000e+11 9.823705e-01 -1.203970e-02 -9.713691e-01 -1.461129e-01
1.580000e+11 9.801376e-01 -1.127155e-02 -9.662770e-01 -1.638639e-01
1.590000e+11 9.784103e-01 -9.354388e-03 -9.613321e-01 -1.817685e-01
1.600000e+11 9.775417e-01 -6.305076e-03 -9.567545e-01 -2.004219e-01
1.610000e+11 9.778531e-01 -2.366411e-03 -9.526752e-01 -2.204563e-01
1.620000e+11 9.795208e-01 1.968027e-03 -9.490494e-01 -2.424095e-01
1.630000e+11 9.824553e-01 5.967053e-03 -9.455829e-01 -2.665629e-01
1.640000e+11 9.862064e-01 8.726755e-03 -9.417078e-01 -2.927683e-01
1.650000e+11 9.899428e-01 9.306955e-03 -9.366461e-01 -3.203032e-01
1.660000e+11 9.925437e-01 6.952083e-03 -9.295769e-01 -3.478237e-01
1.670000e+11 9.928096e-01 1.372007e-03 -9.198743e-01 -3.734973e-01
1.680000e+11 9.897485e-01 -7.006070e-03 -9.073277e-01 -3.953600e-01
1.690000e+11 9.828451e-01 -1.695144e-02 -8.922357e-01 -4.118405e-01
1.700000e+11 9.722305e-01 -2.661392e-02 -8.753322e-01 -4.222764e-01
1.710000e+11 9.587203e-01 -3.395544e-02 -8.576014e-01 -4.272136e-01
1.720000e+11 9.437408e-01 -3.726373e-02 -8.400933e-01 -4.283706e-01
1.730000e+11 9.291657e-01 -3.553677e-02 -8.237957e-01 -4.283069e-01
1.740000e+11 9.170701e-01 -2.861876e-02 -8.095313e-01 -4.299507e-01
1.750000e+11 9.094100e-01 -1.712553e-02 -7.978140e-01 -4.361493e-01
1.760000e+11 9.076537e-01 -2.308341e-03 -7.886383e-01 -4.493101e-01
1.770000e+11 9.123948e-01 1.399678e-02 -7.812500e-01 -4.710804e-01
1.780000e+11 9.229876e-01 2.929753e-02 -7.740190e-01 -5.019386e-01
1.790000e+11 9.373185e-01 4.039901e-02 -7.646242e-01 -5.406328e-01
1.800000e+11 9.519566e-01 4.371821e-02 -7.507678e-01 -5.836590e-01
1.810000e+11 9.629346e-01 3.629214e-02 -7.313760e-01 -6.253120e-01
1.820000e+11 9.670276e-01 1.734301e-02 -7.076290e-01 -6.588647e-01
1.830000e+11 9.627671e-01 -1.051585e-02 -6.827901e-01 -6.786808e-01
1.840000e+11 9.504438e-01 -4.152644e-02 -6.605556e-01 -6.821182e-01
1.850000e+11 9.313583e-01 -6.860829e-02 -6.430956e-01 -6.701859e-01
1.860000e+11 9.073238e-01 -8.573528e-02 -6.303139e-01 -6.469856e-01
1.870000e+11 8.808340e-01 -8.962397e-02 -6.206562e-01 -6.185644e-01
1.880000e+11 8.553047e-01 -8.006353e-02 -6.124751e-01 -5.916167e-01
1.890000e+11 8.347492e-01 -5.904550e-02 -6.047845e-01 -5.723248e-01
1.900000e+11 8.229361e-01 -2.951174e-02 -5.970066e-01 -5.656288e-01
1.910000e+11 8.224431e-01 5.381713e-03 -5.880783e-01 -5.749327e-01
1.920000e+11 8.337699e-01 4.204332e-02 -5.755304e-01 -6.018051e-01
1.930000e+11 8.544507e-01 7.543627e-02 -5.552059e-01 -6.450906e-01
1.940000e+11 8.785595e-01 9.819200e-02 -5.225234e-01 -6.994244e-01
1.950000e+11 8.979532e-01 1.016101e-01 -4.759206e-01 -7.546488e-01
1.960000e+11 9.062044e-01 7.975397e-02 -4.207622e-01 -7.986269e-01
1.970000e+11 9.026466e-01 3.421071e-02 -3.691317e-01 -8.230081e-01
1.980000e+11 8.917063e-01 -2.536677e-02 -3.337839e-01 -8.264896e-01
1.990000e+11 8.777682e-01 -8.533427e-02 -3.214349e-01 -8.123268e-01
2.000000e+11 8.613655e-01 -1.325609e-01 -3.304969e-01 -7.843149e-01
2.010000e+11 8.402743e-01 -1.574846e-01 -3.530343e-01 -7.460739e-01
2.020000e+11 8.137047e-01 -1.562980e-01 -3.788955e-01 -7.029399e-01
2.030000e+11 7.851782e-01 -1.313485e-01 -4.000142e-01 -6.627526e-01
2.040000e+11 7.615666e-01 -8.867849e-02 -4.123536e-01 -6.341012e-01
2.050000e+11 7.498777e-01 -3.458370e-02 -4.144903e-01 -6.239537e-01
2.060000e+11 7.544329e-01 2.582621e-02 -4.045186e-01 -6.362914e-01
2.070000e+11 7.747812e-01 8.700264e-02 -3.776743e-01 -6.708789e-01
2.080000e+11 8.036060e-01 1.394048e-01 -3.269642e-01 -7.207241e-01
2.090000e+11 8.266983e-01 1.678942e-01 -2.492552e-01 -7.701386e-01
2.100000e+11 8.303697e-01 1.581672e-01 -1.545243e-01 -8.003869e-01
2.110000e+11 8.137882e-01 1.088516e-01 -6.572576e-02 -8.037927e-01
2.120000e+11 7.902353e-01 3.341244e-02 -4.297124e-03 -7.895170e-01
2.130000e+11 7.743001e-01 -5.076283e-02 2.069021e-02 -7.723573e-01
2.140000e+11 7.712701e-01 -1.296897e-01 9.953261e-03 -7.602230e-01
2.150000e+11 7.756779e-01 -1.912619e-01 -3.105871e-02 -7.510862e-01
2.160000e+11 7.759415e-01 -2.233712e-01 -9.229431e-02 -7.373413e-01
2.170000e+11 7.632900e-01 -2.179913e-01 -1.584999e-01 -7.141213e-01
2.180000e+11 7.398031e-01 -1.769594e-01 -2.138787e-01 -6.857478e-01
2.190000e+11 7.172897e-01 -1.102768e-01 -2.484880e-01 -6.637750e-01
2.200000e+11 7.087719e-01 -2.861094e-02 -2.581720e-01 -6.594590e-01
2.210000e+11 7.210669e-01 5.994889e-02 -2.388919e-01 -6.776978e-01
2.220000e+11 7.498042e-01 1.450374e-01 -1.833381e-01 -7.124308e-01
2.230000e+11 7.758619e-01 2.064423e-01 -8.764541e-02 -7.427393e-01
2.240000e+11 7.736150e-01 2.189880e-01 3.231502e-02 -7.412693e-01
2.250000e+11 7.367703e-01 1.765615e-01 1.408013e-01 -7.013071e-01
2.260000e+11 6.871034e-01 1.001545e-01 2.120191e-01 -6.458545e-01
2.270000e+11 6.503915e-01 1.393442e-02 2.452985e-01 -6.021989e-01
2.280000e+11 6.392379e-01 -7.059520e-02 2.501562e-01 -5.840062e-01
2.290000e+11 6.541352e-01 -1.498544e-01 2.320539e-01 -5.929481e-01
2.300000e+11 6.865637e-01 -2.182123e-01 1.900435e-01 -6.226046e-01
2.310000e+11 7.196120e-01 -2.617258e-01 1.227393e-01 -6.589963e-01
2.320000e+11 7.344121e-01 -2.621945e-01 3.859750e-02 -6.849273e-01
2.330000e+11 7.259724e-01 -2.123633e-01 -4.086993e-02 -6.930133e-01
2.340000e+11 7.099014e-01 -1.230271e-01 -9.279262e-02 -6.929746e-01
2.350000e+11 7.077575e-01 -1.149398e-02 -1.027779e-01 -7.001609e-01
2.360000e+11 7.282256e-01 1.061227e-01 -6.141885e-02 -7.178288e-01
2.370000e+11 7.548747e-01 2.050531e-01 3.456371e-02 -7.256682e-01
2.380000e+11 7.498184e-01 2.475090e-01 1.618202e-01 -6.890437e-01
2.390000e+11 6.947494e-01 2.174902e-01 2.685328e-01 -6.027147e-01
2.400000e+11 6.177757e-01 1.447704e-01 3.251090e-01 -5.049678e-01
2.410000e+11 5.547935e-01 6.525868e-02 3.433953e-01 -4.308326e-01
2.420000e+11 5.212459e-01 -7.480865e-03 3.448571e-01 -3.907875e-01
2.430000e+11 5.191821e-01 -7.475556e-02 3.416323e-01 -3.837303e-01
2.440000e+11 5.467669e-01 -1.411350e-01 3.358351e-01 -4.077373e-01
2.450000e+11 5.993381e-01 -2.070287e-01 3.215421e-01 -4.614716e-01
2.460000e+11 6.642231e-01 -2.614556e-01 2.870626e-01 -5.389141e-01
2.470000e+11 7.176550e-01 -2.785489e-01 2.244911e-01 -6.221277e-01
2.480000e+11 7.402724e-01 -2.329451e-01 1.474686e-01 -6.870174e-01
2.490000e+11 7.418688e-01 -1.260071e-01 9.242788e-02 -7.252232e-01
2.500000e+11 7.502511e-01 1.612729e-02 9.444039e-02 -7.441086e-01
2.510000e+11 7.700716e-01 1.554451e-01 1.675500e-01 -7.353734e-01
2.520000e+11 7.622543e-01 2.377387e-01 2.835390e-01 -6.664214e-01
2.530000e+11 6.923041e-01 2.286815e-01 3.721872e-01 -5.370907e-01
2.540000e+11 5.903576e-01 1.626389e-01 3.984493e-01 -4.041148e-01
2.550000e+11 5.032339e-01 8.996736e-02 3.870489e-01 -3.087772e-01
2.560000e+11 4.481583e-01 2.935299e-02 3.681997e-01 -2.537977e-01
2.570000e+11 4.245166e-01 -2.076279e-02 3.562181e-01 -2.299824e-01
2.580000e+11 4.292033e-01 -6.688781e-02 3.554624e-01 -2.310584e-01
2.590000e+11 4.613813e-01 -1.151477e-01 3.659568e-01 -2.562994e-01
2.600000e+11 5.216563e-01 -1.688826e-01 3.842045e-01 -3.098240e-01
2.610000e+11 6.068061e-01 -2.233376e-01 4.006513e-01 -3.972562e-01
2.620000e+11 7.002453e-01 -2.558242e-01 3.991018e-01 -5.153787e-01
2.630000e+11 7.724786e-01 -2.263016e-01 3.722644e-01 -6.379107e-01
2.640000e+11 8.112709e-01 -1.133906e-01 3.492368e-01 -7.234202e-01
2.650000e+11 8.313348e-01 4.859643e-02 3.782513e-01 -7.387028e-01
2.660000e+11 8.184810e-01 1.779599e-01 4.555519e-01 -6.562880e-01
2.670000e+11 7.339283e-01 2.046437e-01 5.038967e-01 -4.928081e-01
2.680000e+11 6.062079e-01 1.538615e-01 4.832259e-01 -3.321255e-01
2.690000e+11 4.943504e-01 9.018031e-02 4.310585e-01 -2.245849e-01
2.700000e+11 4.191470e-01 3.996791e-02 3.834817e-01 -1.644036e-01
2.710000e+11 3.772104e-01 3.084133e-03 3.524714e-01 -1.343208e-01
2.720000e+11 3.620954e-01 -2.635899e-02 3.394360e-01 -1.232943e-01
2.730000e+11 3.705595e-01 -5.380966e-02 3.439955e-01 -1.268304e-01
2.740000e+11 4.032275e-01 -8.367144e-02 3.666911e-01 -1.453585e-01
2.750000e+11 4.639697e-01 -1.190517e-01 4.090179e-01 -1.838449e-01
2.760000e+11 5.573847e-01 -1.590055e-01 4.712040e-01 -2.517176e-01
2.770000e+11 6.807002e-01 -1.898154e-01 5.468886e-01 -3.581002e-01
2.780000e+11 8.102842e-01 -1.743498e-01 6.203183e-01 -4.912919e-01
2.790000e+11 9.039289e-01 -7.616995e-02 6.816834e-01 -5.887218e-01
2.800000e+11 9.208318e-01 6.215518e-02 7.267236e-01 -5.620861e-01
2.810000e+11 8.307760e-01 1.302717e-01 7.102534e-01 -4.108019e-01
2.820000e+11 6.742759e-01 1.089208e-01 6.170338e-01 -2.491055e-01
2.830000e+11 5.311802e-01 6.275939e-02 5.067748e-01 -1.462632e-01
2.840000e+11 4.314734e-01 2.621266e-02 4.205573e-01 -9.281042e-02
2.850000e+11 3.704609e-01 1.955235e-03 3.644199e-01 -6.660022e-02
2.860000e+11 3.383625e-01 -1.457016e-02 3.336170e-01 -5.455771e-02
2.870000e+11 3.288821e-01 -2.736273e-02 3.237899e-01 -5.074223e-02
2.880000e+11 3.398936e-01 -3.913174e-02 3.334406e-01 -5.304460e-02
2.890000e+11 3.731223e-01 -5.169238e-02 3.643437e-01 -6.165880e-02
2.900000e+11 4.341718e-01 -6.596765e-02 4.218466e-01 -7.873241e-02
2.910000e+11 5.320942e-01 -8.070796e-02 5.146748e-01 -1.082606e-01
2.920000e+11 6.744756e-01 -8.851021e-02 6.507982e-01 -1.534439e-01
2.930000e+11 8.476081e-01 -7.147418e-02 8.197323e-01 -2.033959e-01
2.940000e+11 9.792338e-01 -2.021102e-02 9.558529e-01 -2.117442e-01
2.950000e+11 9.615100e-01 2.077228e-02 9.505102e-01 -1.435280e-01
2.960000e+11 8.047143e-01 1.483476e-02 8.023053e-01 -6.042595e-02
2.970000e+11 6.273213e-01 -6.573508e-03 6.270958e-01 -1.548102e-02
2.980000e+11 4.930380e-01 -2.032638e-02 4.926180e-01 8.935747e-04
2.990000e+11 4.053549e-01 -2.606832e-02 4.044762e-01 5.661057e-03
