# #nu(Hz) #T #rho #c #s
0.000000e+00 1.000000e+00 0.000000e+00 1.000000e+00 0.000000e+00
1.000000e+09 9.733100e-01 -4.760541e-03 9.728387e-01 2.990811e-02
2.000000e+09 9.025254e-01 -1.605175e-02 9.009428e-01 5.095661e-02
3.000000e+09 8.084035e-01 -2.801636e-02 8.056596e-01 6.036382e-02
4.000000e+09 7.105721e-01 -3.668065e-02 7.070131e-01 6.082481e-02
5.000000e+09 6.211156e-01 -4.114180e-02 6.171710e-01 5.649681e-02
6.000000e+09 5.450326e-01 -4.222494e-02 5.410415e-01 5.051369e-02
7.000000e+09 4.830348e-01 -4.113116e-02 4.792101e-01 4.459305e-02
8.000000e+09 4.339053e-01 -3.883184e-02 4.303580e-01 3.947066e-02
9.000000e+09 3.958566e-01 -3.595440e-02 3.926309e-01 3.536544e-02
1.000000e+10 3.671625e-01 -3.284619e-02 3.642634e-01 3.227488e-02
1.100000e+10 3.463958e-01 -2.966365e-02 3.438057e-01 3.012885e-02
1.200000e+10 3.324871e-01 -2.643994e-02 3.301751e-01 2.886209e-02
1.300000e+10 3.247165e-01 -2.312580e-02 3.226402e-01 2.844836e-02
1.400000e+10 3.226899e-01 -1.960891e-02 3.207925e-01 2.892057e-02
1.500000e+10 3.263214e-01 -1.571781e-02 3.245228e-01 3.039064e-02
1.600000e+10 3.358315e-01 -1.121438e-02 3.340103e-01 3.307819e-02
1.700000e+10 3.517612e-01 -5.778106e-03 3.497242e-01 3.735692e-02
1.800000e+10 3.749981e-01 1.013272e-03 3.724265e-01 4.382934e-02
1.900000e+10 4.067989e-01 9.694848e-03 4.031565e-01 5.344321e-02
2.000000e+10 4.487653e-01 2.088681e-02 4.431434e-01 6.766074e-02
2.100000e+10 5.026761e-01 3.515510e-02 4.935437e-01 8.866762e-02
2.200000e+10 5.699750e-01 5.261189e-02 5.548138e-01 1.195203e-01
2.300000e+10 6.505957e-01 7.203101e-02 6.254799e-01 1.638937e-01
2.400000e+10 7.408845e-01 8.939048e-02 7.003137e-01 2.246772e-01
2.500000e+10 8.312663e-01 9.665779e-02 7.689848e-01 3.005385e-01
2.600000e+10 9.063003e-01 8.345907e-02 8.179118e-01 3.813597e-01
2.700000e+10 9.501716e-01 4.403684e-02 8.368856e-01 4.477827e-01
2.800000e+10 9.548731e-01 -1.499361e-02 8.252310e-01 4.801579e-01
2.900000e+10 9.229098e-01 -7.625250e-02 7.899867e-01 4.710298e-01
3.000000e+10 8.633727e-01 -1.228123e-01 7.394280e-01 4.284573e-01
3.100000e+10 7.875822e-01 -1.472859e-01 6.802507e-01 3.685804e-01
3.200000e+10 7.064750e-01 -1.519390e-01 6.182110e-01 3.063276e-01
3.300000e+10 6.286524e-01 -1.434858e-01 5.583127e-01 2.508039e-01
3.400000e+10 5.593686e-01 -1.284577e-01 5.041510e-01 2.054837e-01
3.500000e+10 5.008400e-01 -1.113126e-01 4.576213e-01 1.703906e-01
3.600000e+10 4.532711e-01 -9.445503e-02 4.192493e-01 1.440937e-01
3.700000e+10 4.158626e-01 -7.888705e-02 3.887473e-01 1.248761e-01
3.800000e+10 3.874931e-01 -6.481686e-02 3.654803e-01 1.112379e-01
3.900000e+10 3.670907e-01 -5.205452e-02 3.487595e-01 1.020427e-01
4.000000e+10 3.538025e-01 -4.022542e-02 3.379973e-01 9.651892e-02
4.100000e+10 3.470593e-01 -2.886712e-02 3.327748e-01 9.422187e-02
4.200000e+10 3.465974e-01 -1.746038e-02 3.328650e-01 9.500422e-02
4.300000e+10 3.524671e-01 -5.425371e-03 3.382310e-01 9.901230e-02
4.400000e+10 3.650432e-01 7.897989e-03 3.490065e-01 1.067173e-01
4.500000e+10 3.850340e-01 2.326868e-02 3.654474e-01 1.189871e-01
4.600000e+10 4.134684e-01 4.153558e-02 3.878240e-01 1.371986e-01
4.700000e+10 4.516060e-01 6.354503e-02 4.161963e-01 1.633729e-01
4.800000e+10 5.006517e-01 8.985198e-02 4.499748e-01 2.002535e-01
4.900000e+10 5.610753e-01 1.200448e-01 4.871763e-01 2.511056e-01
5.000000e+10 6.313233e-01 1.514960e-01 5.234525e-01 3.187718e-01
5.100000e+10 7.061050e-01 1.777668e-01 5.515871e-01 4.034042e-01
5.200000e+10 7.756510e-01 1.881419e-01 5.631254e-01 4.991260e-01
5.300000e+10 8.284941e-01 1.709695e-01 5.534103e-01 5.923758e-01
5.400000e+10 8.578357e-01 1.209865e-01 5.270020e-01 6.659679e-01
5.500000e+10 8.654303e-01 4.453435e-02 4.965783e-01 7.073870e-01
5.600000e+10 8.577913e-01 -4.306697e-02 4.745390e-01 7.132769e-01
5.700000e+10 8.393767e-01 -1.246633e-01 4.655852e-01 6.871992e-01
5.800000e+10 8.103283e-01 -1.868794e-01 4.660212e-01 6.360286e-01
5.900000e+10 7.694622e-01 -2.229790e-01 4.681216e-01 5.685197e-01
6.000000e+10 7.180163e-01 -2.334765e-01 4.653722e-01 4.944339e-01
6.100000e+10 6.604591e-01 -2.242337e-01 4.553208e-01 4.226210e-01
6.200000e+10 6.025334e-01 -2.029584e-01 4.392077e-01 3.590974e-01
6.300000e+10 5.490168e-01 -1.762718e-01 4.199617e-01 3.065614e-01
6.400000e+10 5.027813e-01 -1.485226e-01 4.004784e-01 2.652303e-01
6.500000e+10 4.650072e-01 -1.219509e-01 3.828661e-01 2.340369e-01
6.600000e+10 4.358195e-01 -9.734166e-02 3.683952e-01 2.115376e-01
6.700000e+10 4.148663e-01 -7.463218e-02 3.577226e-01 1.964144e-01
6.800000e+10 4.017040e-01 -5.331580e-02 3.511353e-01 1.876900e-01
6.900000e+10 3.960141e-01 -3.266126e-02 3.487262e-01 1.847985e-01
7.000000e+10 3.977136e-01 -1.181244e-02 3.504865e-01 1.876054e-01
7.100000e+10 4.070029e-01 1.017345e-02 3.563220e-01 1.964243e-01
7.200000e+10 4.243660e-01 3.430013e-02 3.659870e-01 2.120461e-01
7.300000e+10 4.505036e-01 6.156339e-02 3.789170e-01 2.357654e-01
7.400000e+10 4.861322e-01 9.275596e-02 3.939212e-01 2.693454e-01
7.500000e+10 5.315290e-01 1.280170e-01 4.087163e-01 3.147788e-01
7.600000e+10 5.856786e-01 1.659829e-01 4.194032e-01 3.735907e-01
7.700000e+10 6.450601e-01 2.025815e-01 4.203227e-01 4.454122e-01
7.800000e+10 7.027573e-01 2.301640e-01 4.052209e-01 5.260117e-01
7.900000e+10 7.495158e-01 2.386216e-01 3.705157e-01 6.062606e-01
8.000000e+10 7.778875e-01 2.196662e-01 3.193325e-01 6.744497e-01
8.100000e+10 7.870411e-01 1.719183e-01 2.622248e-01 7.218836e-01
8.200000e+10 7.832323e-01 1.018742e-01 2.125062e-01 7.469375e-01
8.300000e+10 7.751170e-01 1.999456e-02 1.802322e-01 7.536066e-01
8.400000e+10 7.685468e-01 -6.353845e-02 1.696084e-01 7.469003e-01
8.500000e+10 7.644002e-01 -1.402906e-01 1.796776e-01 7.296179e-01
8.600000e+10 7.593471e-01 -2.032866e-01 2.058000e-01 7.020889e-01
8.700000e+10 7.482908e-01 -2.470976e-01 2.409564e-01 6.639442e-01
8.800000e+10 7.273522e-01 -2.689692e-01 2.773706e-01 6.162485e-01
8.900000e+10 6.959925e-01 -2.698845e-01 3.086064e-01 5.624322e-01
9.000000e+10 6.571087e-01 -2.541620e-01 3.311947e-01 5.074480e-01
9.100000e+10 6.153790e-01 -2.276095e-01 3.448189e-01 4.560539e-01
9.200000e+10 5.753312e-01 -1.955398e-01 3.512501e-01 4.115745e-01
9.300000e+10 5.402640e-01 -1.616932e-01 3.530020e-01 3.756729e-01
9.400000e+10 5.121159e-01 -1.281194e-01 3.524091e-01 3.487921e-01
9.500000e+10 4.918273e-01 -9.554980e-02 3.512372e-01 3.307519e-01
9.600000e+10 4.797888e-01 -6.385153e-02 3.506241e-01 3.212212e-01
9.700000e+10 4.761870e-01 -3.238525e-02 3.511395e-01 3.200099e-01
9.800000e+10 4.812073e-01 -2.497808e-04 3.528311e-01 3.272165e-01
9.900000e+10 4.950951e-01 3.353051e-02 3.551941e-01 3.432666e-01
1.000000e+11 5.180654e-01 6.979160e-02 3.570430e-01 3.688377e-01
1.010000e+11 5.500148e-01 1.088873e-01 3.563027e-01 4.046087e-01
1.020000e+11 5.899735e-01 1.501227e-01 3.498263e-01 4.507255e-01
1.030000e+11 6.353276e-01 1.909733e-01 3.335148e-01 5.059034e-01
1.040000e+11 6.811528e-01 2.264232e-01 3.032098e-01 5.663616e-01
1.050000e+11 7.205144e-01 2.492761e-01 2.566870e-01 6.253913e-01
1.060000e+11 7.466129e-01 2.523214e-01 1.960672e-01 6.747759e-01
1.070000e+11 7.561892e-01 2.317820e-01 1.285760e-01 7.082142e-01
1.080000e+11 7.515390e-01 1.894130e-01 6.412673e-02 7.244456e-01
1.090000e+11 7.391260e-01 1.312687e-01 1.130856e-02 7.272880e-01
1.100000e+11 7.261212e-01 6.451027e-02 -2.501114e-02 7.228173e-01
1.110000e+11 7.176453e-01 -4.940117e-03 -4.343968e-02 7.163123e-01
1.120000e+11 7.157910e-01 -7.282640e-02 -4.460070e-02 7.106784e-01
1.130000e+11 7.198226e-01 -1.358056e-01 -3.001009e-02 7.062583e-01
1.140000e+11 7.268219e-01 -1.905865e-01 -1.785566e-03 7.013870e-01
1.150000e+11 7.325967e-01 -2.336535e-01 3.708718e-02 6.933459e-01
1.160000e+11 7.329388e-01 -2.618085e-01 8.252041e-02 6.795925e-01
1.170000e+11 7.250602e-01 -2.732389e-01 1.296539e-01 6.589709e-01
1.180000e+11 7.085956e-01 -2.683561e-01 1.738263e-01 6.323584e-01
1.190000e+11 6.855895e-01 -2.497215e-01 2.116679e-01 6.023860e-01
1.200000e+11 6.595416e-01 -2.210774e-01 2.416429e-01 5.724759e-01
1.210000e+11 6.341896e-01 -1.861338e-01 2.638252e-01 5.458451e-01
1.220000e+11 6.126693e-01 -1.477430e-01 2.792207e-01 5.249490e-01
1.230000e+11 5.972246e-01 -1.076373e-01 2.890627e-01 5.114042e-01
1.240000e+11 5.892878e-01 -6.656899e-02 2.943076e-01 5.061736e-01
1.250000e+11 5.896735e-01 -2.463058e-02 2.953414e-01 5.097858e-01
1.260000e+11 5.987068e-01 1.836888e-02 2.918252e-01 5.224467e-01
1.270000e+11 6.161902e-01 6.249060e-02 2.826289e-01 5.439726e-01
1.280000e+11 6.411743e-01 1.071904e-01 2.658823e-01 5.735166e-01
1.290000e+11 6.715785e-01 1.507944e-01 2.392672e-01 6.091223e-01
1.300000e+11 7.038607e-01 1.900900e-01 2.007313e-01 6.472964e-01
1.310000e+11 7.331497e-01 2.204224e-01 1.496678e-01 6.830241e-01
1.320000e+11 7.542892e-01 2.367252e-01 8.814843e-02 7.107343e-01
1.330000e+11 7.637048e-01 2.353911e-01 2.127113e-02 7.262118e-01
1.340000e+11 7.610497e-01 2.159346e-01 -4.410042e-02 7.284395e-01
1.350000e+11 7.493453e-01 1.811671e-01 -1.016504e-01 7.199751e-01
1.360000e+11 7.335017e-01 1.357777e-01 -1.474073e-01 7.055922e-01
1.370000e+11 7.183883e-01 8.450281e-02 -1.800385e-01 6.903094e-01
1.380000e+11 7.075760e-01 3.102180e-02 -1.999965e-01 6.780139e-01
1.390000e+11 7.029671e-01 -2.219299e-02 -2.084309e-01 6.709894e-01
1.400000e+11 7.049358e-01 -7.345480e-02 -2.064521e-01 6.700123e-01
1.410000e+11 7.126016e-01 -1.212981e-01 -1.948708e-01 6.746208e-01
1.420000e+11 7.240896e-01 -1.640390e-01 -1.743164e-01 6.833819e-01
1.430000e+11 7.368264e-01 -1.996061e-01 -1.455816e-01 6.941733e-01
1.440000e+11 7.479847e-01 -2.257155e-01 -1.100189e-01 7.045775e-01
1.450000e+11 7.551086e-01 -2.403571e-01 -6.978300e-02 7.124239e-01
1.460000e+11 7.567747e-01 -2.423923e-01 -2.774395e-02 7.163688e-01
1.470000e+11 7.530042e-01 -2.319474e-01 1.294210e-02 7.162739e-01
1.480000e+11 7.452103e-01 -2.103688e-01 4.940305e-02 7.131919e-01
1.490000e+11 7.357182e-01 -1.797760e-01 7.946776e-02 7.089758e-01
1.500000e+11 7.271150e-01 -1.424781e-01 1.017575e-01 7.057206e-01
1.510000e+11 7.216957e-01 -1.005363e-01 1.154895e-01 7.052654e-01
1.520000e+11 7.211154e-01 -5.561110e-02 1.201603e-01 7.088556e-01
1.530000e+11 7.262068e-01 -9.077387e-03 1.152788e-01 7.169412e-01
1.540000e+11 7.368686e-01 3.768196e-02 1.002676e-01 7.290417e-01
1.550000e+11 7.519740e-01 8.292225e-02 7.459983e-02 7.436556e-01
1.560000e+11 7.693461e-01 1.242686e-01 3.818794e-02 7.582826e-01
1.570000e+11 7.859499e-01 1.587190e-01 -8.063413e-03 7.697145e-01
1.580000e+11 7.984586e-01 1.830813e-01 -6.179207e-02 7.747252e-01
1.590000e+11 8.041721e-01 1.948103e-01 -1.191731e-01 7.710638e-01
1.600000e+11 8.019366e-01 1.928834e-01 -1.756002e-01 7.583290e-01
1.610000e+11 7.925482e-01 1.781852e-01 -2.268297e-01 7.381944e-01
1.620000e+11 7.783861e-01 1.531437e-01 -2.699787e-01 7.138231e-01
1.630000e+11 7.625368e-01 1.208754e-01 -3.038782e-01 6.888466e-01
1.640000e+11 7.479213e-01 8.435125e-02 -3.287641e-01 6.664722e-01
1.650000e+11 7.367626e-01 4.592746e-02 -3.456539e-01 6.490247e-01
1.660000e+11 7.304238e-01 7.269700e-03 -3.557637e-01 6.378858e-01
1.670000e+11 7.294678e-01 -3.047590e-02 -3.601331e-01 6.336393e-01
1.680000e+11 7.337886e-01 -6.642426e-02 -3.594684e-01 6.362515e-01
1.690000e+11 7.427357e-01 -9.970972e-02 -3.541514e-01 6.452062e-01
1.700000e+11 7.552200e-01 -1.293177e-01 -3.443585e-01 6.595843e-01
1.710000e+11 7.698316e-01 -1.540224e-01 -3.302510e-01 6.781240e-01
1.720000e+11 7.850073e-01 -1.724507e-01 -3.121960e-01 6.993075e-01
1.730000e+11 7.992658e-01 -1.832667e-01 -2.909625e-01 7.215123e-01
1.740000e+11 8.114787e-01 -1.854313e-01 -2.678307e-01 7.432225e-01
1.750000e+11 8.210972e-01 -1.784510e-01 -2.445620e-01 7.632466e-01
1.760000e+11 8.282429e-01 -1.625199e-01 -2.232296e-01 7.808598e-01
1.770000e+11 8.336107e-01 -1.385105e-01 -2.059659e-01 7.958013e-01
1.780000e+11 8.382098e-01 -1.078411e-01 -1.947074e-01 8.081182e-01
1.790000e+11 8.430255e-01 -7.230236e-02 -1.909970e-01 8.179148e-01
1.800000e+11 8.486990e-01 -3.392269e-02 -1.958478e-01 8.250956e-01
1.810000e+11 8.553006e-01 5.099469e-03 -2.096370e-01 8.291957e-01
1.820000e+11 8.622462e-01 4.243320e-02 -2.320037e-01 8.293626e-01
1.830000e+11 8.683880e-01 7.569762e-02 -2.617664e-01 8.245277e-01
1.840000e+11 8.722894e-01 1.026563e-01 -2.969336e-01 8.137450e-01
1.850000e+11 8.726370e-01 1.215246e-01 -3.348935e-01 7.966012e-01
1.860000e+11 8.686639e-01 1.312943e-01 -3.728100e-01 7.735319e-01
1.870000e+11 8.604216e-01 1.319263e-01 -4.081320e-01 7.458881e-01
1.880000e+11 8.487854e-01 1.242990e-01 -4.390299e-01 7.157089e-01
1.890000e+11 8.352133e-01 1.099326e-01 -4.645983e-01 6.853061e-01
1.900000e+11 8.213856e-01 9.061337e-02 -4.847873e-01 6.568446e-01
1.910000e+11 8.088771e-01 6.806675e-02 -5.001497e-01 6.320597e-01
1.920000e+11 7.989474e-01 4.376268e-02 -5.115384e-01 6.121522e-01
1.930000e+11 7.924569e-01 1.885915e-02 -5.198535e-01 5.978165e-01
1.940000e+11 7.898706e-01 -5.757304e-03 -5.258789e-01 5.893334e-01
1.950000e+11 7.913044e-01 -2.938432e-02 -5.302071e-01 5.866683e-01
1.960000e+11 7.965805e-01 -5.140888e-02 -5.332289e-01 5.895461e-01
1.970000e+11 8.052812e-01 -7.122963e-02 -5.351670e-01 5.974952e-01
1.980000e+11 8.167989e-01 -8.821089e-02 -5.361375e-01 6.098654e-01
1.990000e+11 8.303908e-01 -1.016764e-01 -5.362278e-01 6.258358e-01
2.000000e+11 8.452443e-01 -1.109457e-01 -5.355789e-01 6.444255e-01
2.010000e+11 8.605542e-01 -1.154084e-01 -5.344582e-01 6.645215e-01
2.020000e+11 8.756011e-01 -1.146233e-01 -5.333052e-01 6.849266e-01
2.030000e+11 8.898158e-01 -1.084213e-01 -5.327335e-01 7.044232e-01
2.040000e+11 9.028073e-01 -9.698611e-02 -5.334792e-01 7.218412e-01
2.050000e+11 9.143446e-01 -8.089343e-02 -5.362999e-01 7.361146e-01
2.060000e+11 9.242966e-01 -6.109945e-02 -5.418422e-01 7.463231e-01
2.070000e+11 9.325516e-01 -3.887962e-02 -5.505062e-01 7.517206e-01
2.080000e+11 9.389492e-01 -1.572643e-02 -5.623379e-01 7.517675e-01
2.090000e+11 9.432553e-01 6.784327e-03 -5.769806e-01 7.461755e-01
2.100000e+11 9.451959e-01 2.714701e-02 -5.937029e-01 7.349661e-01
2.110000e+11 9.445412e-01 4.408269e-02 -6.115063e-01 7.185226e-01
2.120000e+11 9.412103e-01 5.667312e-02 -6.292936e-01 6.976063e-01
2.130000e+11 9.353568e-01 6.444321e-02 -6.460577e-01 6.733120e-01
2.140000e+11 9.273993e-01 6.737116e-02 -6.610404e-01 6.469592e-01
2.150000e+11 9.179868e-01 6.582612e-02 -6.738231e-01 6.199428e-01
2.160000e+11 9.079138e-01 6.045502e-02 -6.843352e-01 5.935807e-01
2.170000e+11 8.980133e-01 5.205307e-02 -6.927936e-01 5.689951e-01
2.180000e+11 8.890593e-01 4.144952e-02 -6.996059e-01 5.470466e-01
2.190000e+11 8.816966e-01 2.942765e-02 -7.052678e-01 5.283184e-01
2.200000e+11 8.764030e-01 1.668258e-02 -7.102778e-01 5.131369e-01
2.210000e+11 8.734787e-01 3.810405e-03 -7.150783e-01 5.016110e-01
2.220000e+11 8.730537e-01 -8.682795e-03 -7.200231e-01 4.936742e-01
2.230000e+11 8.751064e-01 -2.036321e-02 -7.253672e-01 4.891207e-01
2.240000e+11 8.794846e-01 -3.085163e-02 -7.312706e-01 4.876317e-01
2.250000e+11 8.859297e-01 -3.981174e-02 -7.378124e-01 4.887936e-01
2.260000e+11 8.940998e-01 -4.694762e-02 -7.450093e-01 4.921093e-01
2.270000e+11 9.035945e-01 -5.201118e-02 -7.528349e-01 4.970085e-01
2.280000e+11 9.139783e-01 -5.481832e-02 -7.612373e-01 5.028608e-01
2.290000e+11 9.248053e-01 -5.527056e-02 -7.701529e-01 5.089937e-01
2.300000e+11 9.356406e-01 -5.337726e-02 -7.795122e-01 5.147183e-01
2.310000e+11 9.460787e-01 -4.927293e-02 -7.892399e-01 5.193625e-01
2.320000e+11 9.557571e-01 -4.322419e-02 -7.992478e-01 5.223086e-01
2.330000e+11 9.643661e-01 -3.562237e-02 -8.094248e-01 5.230339e-01
2.340000e+11 9.716545e-01 -2.696042e-02 -8.196288e-01 5.211471e-01
2.350000e+11 9.774351e-01 -1.779556e-02 -8.296836e-01 5.164183e-01
2.360000e+11 9.815899e-01 -8.702194e-03 -8.393863e-01 5.087964e-01
2.370000e+11 9.840768e-01 -2.216484e-04 -8.485245e-01 4.984107e-01
2.380000e+11 9.849344e-01 7.183730e-03 -8.569012e-01 4.855559e-01
2.390000e+11 9.842841e-01 1.316542e-02 -8.643611e-01 4.706611e-01
2.400000e+11 9.823254e-01 1.750800e-02 -8.708138e-01 4.542465e-01
2.410000e+11 9.793227e-01 2.013154e-02 -8.762467e-01 4.368747e-01
2.420000e+11 9.755865e-01 2.107908e-02 -8.807260e-01 4.191019e-01
2.430000e+11 9.714484e-01 2.049363e-02 -8.843865e-01 4.014379e-01
2.440000e+11 9.672361e-01 1.858998e-02 -8.874129e-01 3.843153e-01
2.450000e+11 9.632505e-01 1.562639e-02 -8.900168e-01 3.680727e-01
2.460000e+11 9.597479e-01 1.187977e-02 -8.924138e-01 3.529483e-01
2.470000e+11 9.569279e-01 7.626125e-03 -8.948047e-01 3.390831e-01
2.480000e+11 9.549281e-01 3.126612e-03 -8.973607e-01 3.265299e-01
2.490000e+11 9.538239e-01 -1.381527e-03 -9.002144e-01 3.152652e-01
2.500000e+11 9.536327e-01 -5.690396e-03 -9.034566e-01 3.052033e-01
2.510000e+11 9.543207e-01 -9.624522e-03 -9.071360e-01 2.962089e-01
2.520000e+11 9.558126e-01 -1.304259e-02 -9.112629e-01 2.881101e-01
2.530000e+11 9.580011e-01 -1.583847e-02 -9.158149e-01 2.807101e-01
2.540000e+11 9.607573e-01 -1.794180e-02 -9.207428e-01 2.737980e-01
2.550000e+11 9.639407e-01 -1.931804e-02 -9.259776e-01 2.671592e-01
2.560000e+11 9.674083e-01 -1.996767e-02 -9.314373e-01 2.605851e-01
2.570000e+11 9.710219e-01 -1.992426e-02 -9.370327e-01 2.538824e-01
2.580000e+11 9.746552e-01 -1.925118e-02 -9.426729e-01 2.468804e-01
2.590000e+11 9.781978e-01 -1.803677e-02 -9.482694e-01 2.394383e-01
2.600000e+11 9.815586e-01 -1.638815e-02 -9.537401e-01 2.314491e-01
2.610000e+11 9.846675e-01 -1.442416e-02 -9.590116e-01 2.228427e-01
2.620000e+11 9.874750e-01 -1.226770e-02 -9.640215e-01 2.135857e-01
2.630000e+11 9.899514e-01 -1.003844e-02 -9.687196e-01 2.036796e-01
2.640000e+11 9.920849e-01 -7.846185e-03 -9.730680e-01 1.931565e-01
2.650000e+11 9.938786e-01 -5.785593e-03 -9.770417e-01 1.820735e-01
2.660000e+11 9.953477e-01 -3.932522e-03 -9.806270e-01 1.705060e-01
2.670000e+11 9.965159e-01 -2.342101e-03 -9.838207e-01 1.585408e-01
2.680000e+11 9.974122e-01 -1.048507e-03 -9.866282e-01 1.462696e-01
2.690000e+11 9.980680e-01 -6.621541e-05 -9.890612e-01 1.337825e-01
2.700000e+11 9.985143e-01 6.075818e-04 -9.911357e-01 1.211637e-01
2.710000e+11 9.987801e-01 9.897624e-04 -9.928702e-01 1.084874e-01
2.720000e+11 9.988905e-01 1.107623e-03 -9.942838e-01 9.581583e-02
2.730000e+11 9.988666e-01 9.951355e-04 -9.953952e-01 8.319821e-02
2.740000e+11 9.987251e-01 6.893871e-04 -9.962213e-01 7.067075e-02
2.750000e+11 9.984787e-01 2.274473e-04 -9.967777e-01 5.825788e-02
2.760000e+11 9.981371e-01 -3.561862e-04 -9.970777e-01 4.597393e-02
2.770000e+11 9.977075e-01 -1.031444e-03 -9.971334e-01 3.382539e-02
2.780000e+11 9.971960e-01 -1.773795e-03 -9.969558e-01 2.181332e-02
2.790000e+11 9.966077e-01 -2.564597e-03 -9.965548e-01 9.935831e-03
2.800000e+11 9.959478e-01 -3.390752e-03 -9.959404e-01 -1.809714e-03
2.810000e+11 9.952219e-01 -4.243730e-03 -9.951223e-01 -1.342476e-02
2.820000e+11 9.944354e-01 -5.118110e-03 -9.941103e-01 -2.490819e-02
2.830000e+11 9.935941e-01 -6.009777e-03 -9.929143e-01 -3.625542e-02
2.840000e+11 9.927035e-01 -6.913967e-03 -9.915444e-01 -4.745830e-02
2.850000e+11 9.917689e-01 -7.823333e-03 -9.900108e-01 -5.850549e-02
2.860000e+11 9.907948e-01 -8.726233e-03 -9.883238e-01 -6.938356e-02
2.870000e+11 9.897856e-01 -9.605397e-03 -9.864941e-01 -8.007869e-02
2.880000e+11 9.887458e-01 -1.043715e-02 -9.845328e-01 -9.057871e-02
2.890000e+11 9.876805e-01 -1.119131e-02 -9.824519e-01 -1.008756e-01
2.900000e+11 9.865966e-01 -1.183176e-02 -9.802648e-01 -1.109679e-01
2.910000e+11 9.855038e-01 -1.231788e-02 -9.779867e-01 -1.208635e-01
2.920000e+11 9.844156e-01 -1.260666e-02 -9.756350e-01 -1.305816e-01
2.930000e+11 9.833512e-01 -1.265539e-02 -9.732297e-01 -1.401544e-01
2.940000e+11 9.823351e-01 -1.242491e-02 -9.707931e-01 -1.496281e-01
2.950000e+11 9.813985e-01 -1.188307e-02 -9.683495e-01 -1.590630e-01
2.960000e+11 9.805784e-01 -1.100826e-02 -9.659242e-01 -1.685326e-01
2.970000e+11 9.799162e-01 -9.792691e-03 -9.635418e-01 -1.781212e-01
2.980000e+11 9.794561e-01 -8.245338e-03 -9.612242e-01 -1.879209e-01
2.990000e+11 9.792413e-01 -6.394205e-03 -9.589879e-01 -1.980273e-01
3.000000e+11 9.793103e-01 -4.287883e-03 -9.568406e-01 -2.085342e-01
3.010000e+11 9.796926e-01 -1.996218e-03 -9.547781e-01 -2.195273e-01
3.020000e+11 9.804027e-01 3.899970e-04 -9.527814e-01 -2.310778e-01
3.030000e+11 9.814363e-01 2.760445e-03 -9.508137e-01 -2.432344e-01
3.040000e+11 9.827651e-01 4.987981e-03 -9.488193e-01 -2.560164e-01
3.050000e+11 9.843340e-01 6.932826e-03 -9.467236e-01 -2.694063e-01
3.060000e+11 9.860594e-01 8.448466e-03 -9.444355e-01 -2.833433e-01
3.070000e+11 9.878303e-01 9.389457e-03 -9.418514e-01 -2.977187e-01
3.080000e+11 9.895113e-01 9.621149e-03 -9.388624e-01 -3.123739e-01
3.090000e+11 9.909487e-01 9.031067e-03 -9.353622e-01 -3.271017e-01
3.100000e+11 9.919794e-01 7.541308e-03 -9.312570e-01 -3.416527e-01
3.110000e+11 9.924405e-01 5.120802e-03 -9.264754e-01 -3.557462e-01
3.120000e+11 9.921816e-01 1.795911e-03 -9.209755e-01 -3.690868e-01
3.130000e+11 9.910749e-01 -2.342442e-03 -9.147512e-01 -3.813847e-01
3.140000e+11 9.890260e-01 -7.136783e-03 -9.078329e-01 -3.923786e-01
3.150000e+11 9.859813e-01 -1.236748e-02 -9.002861e-01 -4.018596e-01
3.160000e+11 9.819331e-01 -1.776384e-02 -8.922052e-01 -4.096913e-01
3.170000e+11 9.769228e-01 -2.302129e-02 -8.837061e-01 -4.158265e-01
3.180000e+11 9.710414e-01 -2.782278e-02 -8.749184e-01 -4.203155e-01
3.190000e+11 9.644283e-01 -3.186198e-02 -8.659776e-01 -4.233078e-01
3.200000e+11 9.572682e-01 -3.486546e-02 -8.570198e-01 -4.250458e-01
3.210000e+11 9.497872e-01 -3.661115e-02 -8.481781e-01 -4.258512e-01
3.220000e+11 9.422454e-01 -3.694125e-02 -8.395798e-01 -4.261076e-01
3.230000e+11 9.349287e-01 -3.576890e-02 -8.313435e-01 -4.262397e-01
3.240000e+11 9.281367e-01 -3.307882e-02 -8.235758e-01 -4.266924e-01
3.250000e+11 9.221697e-01 -2.892337e-02 -8.163655e-01 -4.279110e-01
3.260000e+11 9.173129e-01 -2.341616e-02 -8.097757e-01 -4.303232e-01
3.270000e+11 9.138198e-01 -1.672523e-02 -8.038344e-01 -4.343239e-01
3.280000e+11 9.118946e-01 -9.068083e-03 -7.985235e-01 -4.402609e-01
3.290000e+11 9.116748e-01 -7.096059e-04 -7.937687e-01 -4.484213e-01
3.300000e+11 9.132144e-01 8.036737e-03 -7.894307e-01 -4.590154e-01
3.310000e+11 9.164682e-01 1.680538e-02 -7.853015e-01 -4.721578e-01
3.320000e+11 9.212796e-01 2.517527e-02 -7.811076e-01 -4.878455e-01
3.330000e+11 9.273744e-01 3.267038e-02 -7.765238e-01 -5.059315e-01
3.340000e+11 9.343632e-01 3.876906e-02 -7.711996e-01 -5.261014e-01
3.350000e+11 9.417576e-01 4.292738e-02 -7.648002e-01 -5.478551e-01
3.360000e+11 9.490020e-01 4.461995e-02 -7.570586e-01 -5.705051e-01
3.370000e+11 9.555202e-01 4.339827e-02 -7.478314e-01 -5.931978e-01
3.380000e+11 9.607723e-01 3.896056e-02 -7.371462e-01 -6.149642e-01
3.390000e+11 9.643100e-01 3.122105e-02 -7.252250e-01 -6.347973e-01
3.400000e+11 9.658182e-01 2.036247e-02 -7.124723e-01 -6.517465e-01
3.410000e+11 9.651319e-01 6.856560e-03 -6.994221e-01 -6.650122e-01
3.420000e+11 9.622242e-01 -8.556382e-03 -6.866552e-01 -6.740229e-01
3.430000e+11 9.571745e-01 -2.492790e-02 -6.747027e-01 -6.784821e-01
3.440000e+11 9.501292e-01 -4.119170e-02 -6.639627e-01 -6.783822e-01
3.450000e+11 9.412729e-01 -5.626831e-02 -6.546480e-01 -6.739915e-01
3.460000e+11 9.308184e-01 -6.916781e-02 -6.467755e-01 -6.658229e-01
3.470000e+11 9.190174e-01 -7.907620e-02 -6.401956e-01 -6.545911e-01
3.480000e+11 9.061834e-01 -8.541491e-02 -6.346494e-01 -6.411651e-01
3.490000e+11 8.927118e-01 -8.786710e-02 -6.298362e-01 -6.265143e-01
3.500000e+11 8.790886e-01 -8.637011e-02 -6.254732e-01 -6.116538e-01
3.510000e+11 8.658781e-01 -8.107904e-02 -6.213350e-01 -5.975901e-01
3.520000e+11 8.536929e-01 -7.231214e-02 -6.172653e-01 -5.852743e-01
3.530000e+11 8.431521e-01 -6.049126e-02 -6.131639e-01 -5.755661e-01
3.540000e+11 8.348350e-01 -4.609059e-02 -6.089530e-01 -5.692113e-01
3.550000e+11 8.292363e-01 -2.960341e-02 -6.045338e-01 -5.668292e-01
3.560000e+11 8.267246e-01 -1.153245e-02 -5.997397e-01 -5.689049e-01
3.570000e+11 8.275041e-01 7.595247e-03 -5.942954e-01 -5.757763e-01
3.580000e+11 8.315761e-01 2.719213e-02 -5.877883e-01 -5.876090e-01
3.590000e+11 8.387013e-01 4.656011e-02 -5.796639e-01 -6.043523e-01
3.600000e+11 8.483676e-01 6.483964e-02 -5.692543e-01 -6.256779e-01
3.610000e+11 8.597781e-01 8.097811e-02 -5.558566e-01 -6.509104e-01
3.620000e+11 8.718806e-01 9.374390e-02 -5.388667e-01 -6.789776e-01
3.630000e+11 8.834615e-01 1.018124e-01 -5.179624e-01 -7.084161e-01
3.640000e+11 8.933125e-01 1.039351e-01 -4.932988e-01 -7.374694e-01
3.650000e+11 9.004472e-01 9.917062e-02 -4.656484e-01 -7.642918e-01
3.660000e+11 9.043034e-01 8.711624e-02 -4.364150e-01 -7.872213e-01
3.670000e+11 9.048512e-01 6.805853e-02 -4.074791e-01 -8.050370e-01
3.680000e+11 9.025484e-01 4.298541e-02 -3.809041e-01 -8.171034e-01
3.690000e+11 8.981513e-01 1.346022e-02 -3.585911e-01 -8.233511e-01
3.700000e+11 8.924512e-01 -1.858456e-02 -3.419868e-01 -8.241170e-01
3.710000e+11 8.860329e-01 -5.106039e-02 -3.319056e-01 -8.199304e-01
3.720000e+11 8.791302e-01 -8.189664e-02 -3.284749e-01 -8.113366e-01
3.730000e+11 8.716123e-01 -1.091729e-01 -3.311788e-01 -7.988179e-01
3.740000e+11 8.630941e-01 -1.312321e-01 -3.389679e-01 -7.828220e-01
3.750000e+11 8.531295e-01 -1.467927e-01 -3.504210e-01 -7.638632e-01
3.760000e+11 8.414299e-01 -1.550526e-01 -3.639419e-01 -7.426366e-01
3.770000e+11 8.280398e-01 -1.557523e-01 -3.779719e-01 -7.200891e-01
3.780000e+11 8.134164e-01 -1.491619e-01 -3.911746e-01 -6.974090e-01
3.790000e+11 7.983953e-01 -1.359805e-01 -4.025540e-01 -6.759398e-01
3.800000e+11 7.840661e-01 -1.171723e-01 -4.114766e-01 -6.570520e-01
3.810000e+11 7.716059e-01 -9.379025e-02 -4.176042e-01 -6.420170e-01
3.820000e+11 7.621208e-01 -6.683793e-02 -4.207652e-01 -6.319157e-01
3.830000e+11 7.565178e-01 -3.720242e-02 -4.208028e-01 -6.275828e-01
3.840000e+11 7.554102e-01 -5.668413e-03 -4.174343e-01 -6.295721e-01
3.850000e+11 7.590351e-01 2.699312e-02 -4.101463e-01 -6.381110e-01
3.860000e+11 7.671673e-01 5.987907e-02 -3.981516e-01 -6.530203e-01
3.870000e+11 7.790262e-01 9.178049e-02 -3.804381e-01 -6.735912e-01
3.880000e+11 7.932068e-01 1.210338e-01 -3.559497e-01 -6.984466e-01
3.890000e+11 8.077082e-01 1.454813e-01 -3.239232e-01 -7.254664e-01
3.900000e+11 8.201581e-01 1.626434e-01 -2.843434e-01 -7.519011e-01
3.910000e+11 8.282845e-01 1.701566e-01 -2.383686e-01 -7.747789e-01
3.920000e+11 8.305484e-01 1.663881e-01 -1.884809e-01 -7.915811e-01
3.930000e+11 8.266735e-01 1.509667e-01 -1.381736e-01 -8.009408e-01
3.940000e+11 8.177768e-01 1.249342e-01 -9.123249e-02 -8.030112e-01
3.950000e+11 8.060024e-01 9.042578e-02 -5.094041e-02 -7.992922e-01
3.960000e+11 7.938524e-01 5.007905e-02 -1.957043e-02 -7.920295e-01
3.970000e+11 7.835299e-01 6.493027e-03 1.691085e-03 -7.835012e-01
3.980000e+11 7.765041e-01 -3.805058e-02 1.251558e-02 -7.754703e-01
3.990000e+11 7.733283e-01 -8.158860e-02 1.312540e-02 -7.689003e-01
4.000000e+11 7.736398e-01 -1.223126e-01 4.083587e-03 -7.638988e-01
4.010000e+11 7.762770e-01 -1.583867e-01 -1.375402e-02 -7.598227e-01
4.020000e+11 7.795039e-01 -1.878749e-01 -3.915487e-02 -7.555106e-01
4.030000e+11 7.813596e-01 -2.088547e-01 -7.039080e-02 -7.496317e-01
4.040000e+11 7.801226e-01 -2.197164e-01 -1.052109e-01 -7.411118e-01
4.050000e+11 7.747912e-01 -2.195376e-01 -1.410019e-01 -7.295363e-01
4.060000e+11 7.654077e-01 -2.083454e-01 -1.751288e-01 -7.153817e-01
4.070000e+11 7.530815e-01 -1.871103e-01 -2.053255e-01 -6.999736e-01
4.080000e+11 7.397031e-01 -1.574591e-01 -2.299541e-01 -6.851923e-01
4.090000e+11 7.274873e-01 -1.212533e-01 -2.480241e-01 -6.730672e-01
4.100000e+11 7.185265e-01 -8.022773e-02 -2.589912e-01 -6.654077e-01
4.110000e+11 7.144574e-01 -3.582522e-02 -2.624478e-01 -6.635414e-01
4.120000e+11 7.162357e-01 1.073694e-02 -2.578306e-01 -6.681330e-01
4.130000e+11 7.239513e-01 5.820193e-02 -2.442542e-01 -6.790125e-01
4.140000e+11 7.366278e-01 1.048823e-01 -2.205625e-01 -6.949622e-01
4.150000e+11 7.520436e-01 1.482725e-01 -1.856935e-01 -7.135144e-01
4.160000e+11 7.667568e-01 1.848951e-01 -1.393878e-01 -7.309588e-01
4.170000e+11 7.766225e-01 2.106840e-01 -8.306463e-02 -7.428695e-01
4.180000e+11 7.779492e-01 2.220478e-01 -2.035610e-02 -7.453089e-01
4.190000e+11 7.689330e-01 2.172452e-01 4.331645e-02 -7.363330e-01
4.200000e+11 7.505099e-01 1.972007e-01 1.022108e-01 -7.168891e-01
4.210000e+11 7.259817e-01 1.651144e-01 1.519756e-01 -6.904275e-01
4.220000e+11 6.996995e-01 1.251445e-01 1.905574e-01 -6.615181e-01
4.230000e+11 6.757023e-01 8.106545e-02 2.179766e-01 -6.344196e-01
4.240000e+11 6.569560e-01 3.555364e-02 2.354516e-01 -6.122823e-01
4.250000e+11 6.452174e-01 -9.858446e-03 2.445017e-01 -5.970152e-01
4.260000e+11 6.412193e-01 -5.444318e-02 2.463521e-01 -5.894988e-01
4.270000e+11 6.448888e-01 -9.781817e-02 2.416616e-01 -5.898414e-01
4.280000e+11 6.554559e-01 -1.394978e-01 2.304911e-01 -5.975254e-01
4.290000e+11 6.714407e-01 -1.785052e-01 2.124506e-01 -6.114190e-01
4.300000e+11 6.906002e-01 -2.130954e-01 1.870141e-01 -6.297179e-01
4.310000e+11 7.099930e-01 -2.406976e-01 1.539972e-01 -6.499535e-01
4.320000e+11 7.263493e-01 -2.582212e-01 1.141144e-01 -6.692406e-01
4.330000e+11 7.368243e-01 -2.627777e-01 6.939023e-02 -6.848671e-01
4.340000e+11 7.399329e-01 -2.526021e-01 2.313251e-02 -6.950955e-01
4.350000e+11 7.361839e-01 -2.276917e-01 -2.064548e-02 -6.997835e-01
4.360000e+11 7.279921e-01 -1.897534e-01 -5.808548e-02 -7.004229e-01
4.370000e+11 7.188884e-01 -1.415115e-01 -8.613112e-02 -6.995402e-01
4.380000e+11 7.124603e-01 -8.586766e-02 -1.026500e-01 -6.997781e-01
4.390000e+11 7.114424e-01 -2.542668e-02 -1.061230e-01 -7.030233e-01
4.400000e+11 7.170715e-01 3.739445e-02 -9.526362e-02 -7.097310e-01
4.410000e+11 7.285942e-01 9.976396e-02 -6.896594e-02 -7.184291e-01
4.420000e+11 7.429082e-01 1.576738e-01 -2.687899e-02 -7.254854e-01
4.430000e+11 7.546803e-01 2.056254e-01 2.939504e-02 -7.255318e-01
4.440000e+11 7.575838e-01 2.375201e-01 9.511922e-02 -7.130706e-01
4.450000e+11 7.468095e-01 2.489331e-01 1.625609e-01 -6.850771e-01
4.460000e+11 7.215636e-01 2.394640e-01 2.232616e-01 -6.430126e-01
4.470000e+11 6.855160e-01 2.130999e-01 2.712315e-01 -5.924139e-01
4.480000e+11 6.447967e-01 1.761645e-01 3.046584e-01 -5.402889e-01
4.490000e+11 6.053378e-01 1.346362e-01 3.252281e-01 -4.924770e-01
4.500000e+11 5.713461e-01 9.260764e-02 3.362640e-01 -4.525336e-01
4.510000e+11 5.451439e-01 5.212430e-02 3.411540e-01 -4.219939e-01
4.520000e+11 5.277007e-01 1.372519e-02 3.425688e-01 -4.011562e-01
4.530000e+11 5.192365e-01 -2.292188e-02 3.422710e-01 -3.897842e-01
4.540000e+11 5.196392e-01 -5.852945e-02 3.411827e-01 -3.875481e-01
4.550000e+11 5.286576e-01 -9.384741e-02 3.394974e-01 -3.942245e-01
4.560000e+11 5.459002e-01 -1.293878e-01 3.367498e-01 -4.097138e-01
4.570000e+11 5.706692e-01 -1.651348e-01 3.318440e-01 -4.339048e-01
4.580000e+11 6.016584e-01 -2.001923e-01 3.231048e-01 -4.663895e-01
4.590000e+11 6.365968e-01 -2.324091e-01 3.084778e-01 -5.060465e-01
4.600000e+11 6.720517e-01 -2.581698e-01 2.860460e-01 -5.506175e-01
4.610000e+11 7.037446e-01 -2.727021e-01 2.549349e-01 -5.965721e-01
4.620000e+11 7.276654e-01 -2.711866e-01 2.163616e-01 -6.396425e-01
4.630000e+11 7.417224e-01 -2.504309e-01 1.741783e-01 -6.760906e-01
4.640000e+11 7.469312e-01 -2.101580e-01 1.343158e-01 -7.040591e-01
4.650000e+11 7.471355e-01 -1.530026e-01 1.033153e-01 -7.239665e-01
4.660000e+11 7.472755e-01 -8.339729e-02 8.687899e-02 -7.375077e-01
4.670000e+11 7.511497e-01 -6.510558e-03 8.908560e-02 -7.458198e-01
4.680000e+11 7.595296e-01 7.183157e-02 1.119617e-01 -7.477900e-01
4.690000e+11 7.690726e-01 1.444173e-01 1.546214e-01 -7.393974e-01
4.700000e+11 7.726936e-01 2.024571e-01 2.118783e-01 -7.149644e-01
4.710000e+11 7.623507e-01 2.375832e-01 2.738383e-01 -6.706306e-01
4.720000e+11 7.336780e-01 2.458285e-01 3.286018e-01 -6.081715e-01
4.730000e+11 6.889851e-01 2.301907e-01 3.674173e-01 -5.354598e-01
4.740000e+11 6.356783e-01 1.988011e-01 3.880431e-01 -4.625878e-01
4.750000e+11 5.819459e-01 1.604778e-01 3.937251e-01 -3.973517e-01
4.760000e+11 5.336572e-01 1.215616e-01 3.898653e-01 -3.435372e-01
4.770000e+11 4.937862e-01 8.531318e-02 3.814286e-01 -3.017595e-01
4.780000e+11 4.632407e-01 5.273024e-02 3.719741e-01 -2.710106e-01
4.790000e+11 4.418707e-01 2.355008e-02 3.637104e-01 -2.498197e-01
4.800000e+11 4.291714e-01 -3.052665e-03 3.578764e-01 -2.368613e-01
4.810000e+11 4.246631e-01 -2.808742e-02 3.551014e-01 -2.311986e-01
4.820000e+11 4.280564e-01 -5.257064e-02 3.556429e-01 -2.323504e-01
4.830000e+11 4.392935e-01 -7.744047e-02 3.595038e-01 -2.402889e-01
4.840000e+11 4.585053e-01 -1.034828e-01 3.664448e-01 -2.554146e-01
4.850000e+11 4.858838e-01 -1.312040e-01 3.759071e-01 -2.785002e-01
4.860000e+11 5.214360e-01 -1.605879e-01 3.868576e-01 -3.105612e-01
4.870000e+11 5.645801e-01 -1.906836e-01 3.976012e-01 -3.525673e-01
4.880000e+11 6.135979e-01 -2.190400e-01 4.056918e-01 -4.048926e-01
4.890000e+11 6.651489e-01 -2.411998e-01 4.082146e-01 -4.664833e-01
4.900000e+11 7.143521e-01 -2.507888e-01 4.027830e-01 -5.340129e-01
4.910000e+11 7.560364e-01 -2.408756e-01 3.892638e-01 -6.017006e-01
4.920000e+11 7.870139e-01 -2.066010e-01 3.713585e-01 -6.624196e-01
4.930000e+11 8.077596e-01 -1.477352e-01 3.565039e-01 -7.096160e-01
4.940000e+11 8.215010e-01 -6.952561e-02 3.533847e-01 -7.383423e-01
4.950000e+11 8.306953e-01 1.812007e-02 3.680364e-01 -7.444968e-01
4.960000e+11 8.333849e-01 1.019285e-01 4.001575e-01 -7.238888e-01
4.970000e+11 8.227939e-01 1.674278e-01 4.413415e-01 -6.739253e-01
4.980000e+11 7.919405e-01 2.036558e-01 4.776750e-01 -5.979303e-01
4.990000e+11 7.401640e-01 2.086271e-01 4.971139e-01 -5.071442e-01
5.000000e+11 6.747756e-01 1.898317e-01 4.960115e-01 -4.162435e-01
5.010000e+11 6.062830e-01 1.586290e-01 4.788303e-01 -3.363590e-01
5.020000e+11 5.429846e-01 1.243532e-01 4.530993e-01 -2.721572e-01
5.030000e+11 4.891555e-01 9.224957e-02 4.252668e-01 -2.234083e-01
5.040000e+11 4.459581e-01 6.427509e-02 3.993973e-01 -1.876944e-01
5.050000e+11 4.129290e-01 4.054569e-02 3.775542e-01 -1.622322e-01
5.060000e+11 3.890419e-01 2.038946e-02 3.605711e-01 -1.446593e-01
5.070000e+11 3.732637e-01 2.903586e-03 3.486652e-01 -1.332289e-01
5.080000e+11 3.647918e-01 -1.281020e-02 3.418157e-01 -1.267714e-01
5.090000e+11 3.631313e-01 -2.757253e-02 3.399681e-01 -1.246023e-01
5.100000e+11 3.681096e-01 -4.212080e-02 3.431355e-01 -1.264460e-01
5.110000e+11 3.798682e-01 -5.712178e-02 3.514384e-01 -1.323934e-01
5.120000e+11 3.988424e-01 -7.317309e-02 3.651048e-01 -1.428966e-01
5.130000e+11 4.257207e-01 -9.076728e-02 3.844289e-01 -1.587887e-01
5.140000e+11 4.613488e-01 -1.101807e-01 4.096707e-01 -1.813088e-01
5.150000e+11 5.065197e-01 -1.312305e-01 4.408685e-01 -2.120749e-01
5.160000e+11 5.615662e-01 -1.528307e-01 4.775399e-01 -2.528931e-01
5.170000e+11 6.256936e-01 -1.723279e-01 5.183151e-01 -3.051968e-01
5.180000e+11 6.961555e-01 -1.848174e-01 5.607190e-01 -3.688757e-01
5.190000e+11 7.677413e-01 -1.831333e-01 6.015549e-01 -4.404777e-01
5.200000e+11 8.333380e-01 -1.596735e-01 6.382170e-01 -5.115034e-01
5.210000e+11 8.856555e-01 -1.106406e-01 6.701196e-01 -5.684047e-01
5.220000e+11 9.185094e-01 -4.093275e-02 6.979509e-01 -5.956916e-01
5.230000e+11 9.262234e-01 3.441269e-02 7.197797e-01 -5.819129e-01
5.240000e+11 9.036323e-01 9.558570e-02 7.282263e-01 -5.264040e-01
5.250000e+11 8.501340e-01 1.285993e-01 7.146172e-01 -4.421676e-01
5.260000e+11 7.737660e-01 1.326887e-01 6.772444e-01 -3.499252e-01
5.270000e+11 6.883093e-01 1.173862e-01 6.234686e-01 -2.669777e-01
5.280000e+11 6.061582e-01 9.393183e-02 5.640283e-01 -2.011880e-01
5.290000e+11 5.343986e-01 6.989623e-02 5.073127e-01 -1.527425e-01
5.300000e+11 4.753381e-01 4.872982e-02 4.577607e-01 -1.184350e-01
5.310000e+11 4.285802e-01 3.130061e-02 4.168423e-01 -9.457150e-02
5.320000e+11 3.926846e-01 1.730293e-02 3.844478e-01 -7.811302e-02
5.330000e+11 3.660613e-01 6.055133e-03 3.598515e-01 -6.686606e-02
5.340000e+11 3.473451e-01 -3.150672e-03 3.422235e-01 -5.934475e-02
5.350000e+11 3.355111e-01 -1.093051e-02 3.308610e-01 -5.458186e-02
5.360000e+11 3.298852e-01 -1.778902e-02 3.252789e-01 -5.197542e-02
5.370000e+11 3.301256e-01 -2.413433e-02 3.252394e-01 -5.118394e-02
5.380000e+11 3.362050e-01 -3.029954e-02 3.307646e-01 -5.206263e-02
5.390000e+11 3.484047e-01 -3.655927e-02 3.421472e-01 -5.463039e-02
5.400000e+11 3.673218e-01 -4.313453e-02 3.599676e-01 -5.905941e-02
5.410000e+11 3.938822e-01 -5.017806e-02 3.851124e-01 -6.567964e-02
5.420000e+11 4.293390e-01 -5.772698e-02 4.187797e-01 -7.498752e-02
5.430000e+11 4.752129e-01 -6.560077e-02 4.624327e-01 -8.763503e-02
5.440000e+11 5.330860e-01 -7.321541e-02 5.176219e-01 -1.043445e-01
5.450000e+11 6.040868e-01 -7.929922e-02 5.855327e-01 -1.256343e-01
5.460000e+11 6.878325e-01 -8.158879e-02 6.660377e-01 -1.511645e-01
5.470000e+11 7.806405e-01 -7.685270e-02 7.560543e-01 -1.785362e-01
5.480000e+11 8.732932e-01 -6.201484e-02 8.473730e-01 -2.018766e-01
5.490000e+11 9.499040e-01 -3.701944e-02 9.252262e-01 -2.119047e-01
5.500000e+11 9.909767e-01 -7.850121e-03 9.705180e-01 -2.001698e-01
5.510000e+11 9.825360e-01 1.507735e-02 9.682029e-01 -1.665315e-01
5.520000e+11 9.259823e-01 2.447471e-02 9.176426e-01 -1.215573e-01
5.530000e+11 8.379323e-01 2.135914e-02 8.339428e-01 -7.882698e-02
5.540000e+11 7.393749e-01 1.184346e-02 7.378381e-01 -4.615230e-02
5.550000e+11 6.457531e-01 1.432512e-03 6.452894e-01 -2.442564e-02
5.560000e+11 5.646127e-01 -7.145115e-03 5.644570e-01 -1.116581e-02
5.570000e+11 4.979033e-01 -1.325784e-02 4.977146e-01 -3.468850e-03
5.580000e+11 4.447953e-01 -1.721565e-02 4.444612e-01 8.776294e-04
5.590000e+11 4.034987e-01 -1.956330e-02 4.030106e-01 3.306629e-03
