# #nu(Hz) #T #rho #c #s
0.000000e+00 1.000000e+00 0.000000e+00 1.000000e+00 0.000000e+00
1.000000e+09 7.993574e-01 8.896127e-02 7.854879e-01 -1.186043e-01
2.000000e+09 5.499277e-01 1.436981e-01 5.260662e-01 -7.089213e-02
3.000000e+09 4.128875e-01 1.444554e-01 3.863315e-01 -1.888625e-02
4.000000e+09 3.554331e-01 1.415737e-01 3.255645e-01 1.724172e-02
5.000000e+09 3.528865e-01 1.497041e-01 3.152928e-01 5.203882e-02
6.000000e+09 4.021947e-01 1.730019e-01 3.480912e-01 1.032643e-01
7.000000e+09 5.167943e-01 2.074778e-01 4.297188e-01 1.984214e-01
8.000000e+09 7.094757e-01 2.087257e-01 5.694517e-01 3.681224e-01
9.000000e+09 9.294834e-01 6.739234e-02 7.697887e-01 5.165490e-01
1.000000e+10 9.038894e-01 -4.287590e-02 8.374589e-01 3.374024e-01
1.100000e+10 6.287164e-01 4.518952e-02 6.109675e-01 1.412833e-01
1.200000e+10 4.516387e-01 1.002938e-01 4.298543e-01 9.562401e-02
1.300000e+10 3.775775e-01 1.260529e-01 3.419049e-01 9.887580e-02
1.400000e+10 3.680838e-01 1.522305e-01 3.109550e-01 1.249742e-01
1.500000e+10 4.123527e-01 1.925514e-01 3.167181e-01 1.806886e-01
1.600000e+10 5.144178e-01 2.489607e-01 3.446736e-01 2.895589e-01
1.700000e+10 6.645754e-01 2.817642e-01 3.677163e-01 4.765019e-01
1.800000e+10 8.153498e-01 1.732741e-01 3.868702e-01 6.964933e-01
1.900000e+10 9.089509e-01 -6.870392e-02 5.222316e-01 7.407737e-01
2.000000e+10 7.483264e-01 -8.176570e-02 5.792073e-01 4.667179e-01
2.100000e+10 5.296467e-01 2.961474e-02 4.539167e-01 2.713085e-01
2.200000e+10 4.248727e-01 9.766624e-02 3.549642e-01 2.120815e-01
2.300000e+10 4.024215e-01 1.475686e-01 3.055044e-01 2.164108e-01
2.400000e+10 4.404308e-01 2.047677e-01 2.844041e-01 2.667653e-01
2.500000e+10 5.321373e-01 2.751122e-01 2.639215e-01 3.712530e-01
2.600000e+10 6.500718e-01 3.190485e-01 2.030020e-01 5.287642e-01
2.700000e+10 7.396203e-01 2.385290e-01 1.034170e-01 6.924211e-01
2.800000e+10 8.219572e-01 7.035833e-03 1.067852e-01 8.149607e-01
2.900000e+10 8.325907e-01 -1.602579e-01 3.034172e-01 7.585925e-01
3.000000e+10 6.489968e-01 -6.951332e-02 3.851614e-01 5.177020e-01
3.100000e+10 5.055086e-01 4.818844e-02 3.350362e-01 3.754565e-01
3.200000e+10 4.600856e-01 1.308493e-01 2.810588e-01 3.399458e-01
3.300000e+10 4.864378e-01 2.072020e-01 2.358578e-01 3.715644e-01
3.400000e+10 5.646040e-01 2.865939e-01 1.726568e-01 4.547871e-01
3.500000e+10 6.541905e-01 3.305242e-01 5.751024e-02 5.616151e-01
3.600000e+10 7.040187e-01 2.650273e-01 -8.997717e-02 6.459930e-01
3.700000e+10 7.489635e-01 8.008000e-02 -1.710468e-01 7.247596e-01
3.800000e+10 8.239417e-01 -1.325197e-01 -7.332380e-02 8.099025e-01
3.900000e+10 7.684047e-01 -1.559194e-01 1.413349e-01 7.390260e-01
4.000000e+10 6.210077e-01 -2.443479e-02 2.218851e-01 5.795002e-01
4.100000e+10 5.459977e-01 9.540755e-02 2.018555e-01 4.982622e-01
4.200000e+10 5.521700e-01 1.941219e-01 1.461791e-01 4.958226e-01
4.300000e+10 6.103535e-01 2.800915e-01 5.279216e-02 5.397158e-01
4.400000e+10 6.730900e-01 3.203863e-01 -8.875878e-02 5.852561e-01
4.500000e+10 6.989548e-01 2.654764e-01 -2.425354e-01 5.993635e-01
4.600000e+10 7.204051e-01 1.205693e-01 -3.466709e-01 6.198918e-01
4.700000e+10 7.884367e-01 -6.506665e-02 -3.491091e-01 7.039330e-01
4.800000e+10 8.285703e-01 -1.710941e-01 -2.021116e-01 7.851155e-01
4.900000e+10 7.457083e-01 -9.616960e-02 -3.254829e-02 7.387644e-01
5.000000e+10 6.578909e-01 4.017137e-02 2.071768e-02 6.563364e-01
5.100000e+10 6.386594e-01 1.593289e-01 -1.622229e-02 6.182531e-01
5.200000e+10 6.705220e-01 2.508783e-01 -1.141767e-01 6.112475e-01
5.300000e+10 7.080456e-01 2.892725e-01 -2.525958e-01 5.948490e-01
5.400000e+10 7.200328e-01 2.460385e-01 -3.882006e-01 5.542676e-01
5.500000e+10 7.308016e-01 1.332143e-01 -4.853553e-01 5.298634e-01
5.600000e+10 7.803157e-01 -1.367081e-02 -5.300549e-01 5.724923e-01
5.700000e+10 8.441539e-01 -1.317986e-01 -4.874628e-01 6.764651e-01
5.800000e+10 8.360674e-01 -1.268050e-01 -3.622364e-01 7.427745e-01
5.900000e+10 7.741194e-01 -1.822231e-02 -2.684580e-01 7.258506e-01
6.000000e+10 7.395952e-01 1.038110e-01 -2.657090e-01 6.823658e-01
6.100000e+10 7.454347e-01 1.970857e-01 -3.364242e-01 6.353337e-01
6.200000e+10 7.615139e-01 2.368753e-01 -4.434958e-01 5.719309e-01
6.300000e+10 7.658762e-01 2.079526e-01 -5.453299e-01 4.959207e-01
6.400000e+10 7.726542e-01 1.230774e-01 -6.214506e-01 4.423186e-01
6.500000e+10 8.067954e-01 1.125140e-02 -6.719250e-01 4.464404e-01
6.600000e+10 8.600541e-01 -8.692579e-02 -6.838350e-01 5.143021e-01
6.700000e+10 8.843108e-01 -1.137490e-01 -6.401712e-01 5.993726e-01
6.800000e+10 8.624244e-01 -5.336978e-02 -5.781861e-01 6.376741e-01
6.900000e+10 8.350989e-01 4.342274e-02 -5.571205e-01 6.205814e-01
7.000000e+10 8.276854e-01 1.263747e-01 -5.898566e-01 5.667114e-01
7.100000e+10 8.310972e-01 1.666099e-01 -6.523329e-01 4.872632e-01
7.200000e+10 8.328810e-01 1.524617e-01 -7.145381e-01 3.998518e-01
7.300000e+10 8.383418e-01 9.332786e-02 -7.634728e-01 3.334908e-01
7.400000e+10 8.593547e-01 1.297153e-02 -8.007763e-01 3.115758e-01
7.500000e+10 8.917267e-01 -5.780140e-02 -8.232395e-01 3.378052e-01
7.600000e+10 9.133419e-01 -8.609485e-02 -8.218402e-01 3.890497e-01
7.700000e+10 9.122451e-01 -5.981852e-02 -8.043131e-01 4.262549e-01
7.800000e+10 9.022707e-01 -8.258708e-04 -7.956239e-01 4.255283e-01
7.900000e+10 8.990657e-01 5.778210e-02 -8.097962e-01 3.862778e-01
8.000000e+10 9.031637e-01 9.111321e-02 -8.399150e-01 3.192894e-01
8.100000e+10 9.085234e-01 8.752150e-02 -8.710425e-01 2.429810e-01
8.200000e+10 9.142034e-01 5.126652e-02 -8.948585e-01 1.799104e-01
8.300000e+10 9.228219e-01 -1.646675e-04 -9.111694e-01 1.461866e-01
8.400000e+10 9.323447e-01 -4.416861e-02 -9.202292e-01 1.431569e-01
8.500000e+10 9.368213e-01 -6.291532e-02 -9.213932e-01 1.571958e-01
8.600000e+10 9.356045e-01 -5.256044e-02 -9.188618e-01 1.681846e-01
8.700000e+10 9.355041e-01 -2.351353e-02 -9.211915e-01 1.613114e-01
8.800000e+10 9.425826e-01 8.342586e-03 -9.332777e-01 1.318528e-01
8.900000e+10 9.559523e-01 2.907353e-02 -9.518457e-01 8.360181e-02
9.000000e+10 9.693493e-01 3.054480e-02 -9.684900e-01 2.706122e-02
9.100000e+10 9.764978e-01 1.354730e-02 -9.761118e-01 -2.387802e-02
9.200000e+10 9.746567e-01 -1.224665e-02 -9.727950e-01 -5.895515e-02
9.300000e+10 9.650214e-01 -3.426748e-02 -9.613111e-01 -7.728518e-02
9.400000e+10 9.522920e-01 -4.470079e-02 -9.473313e-01 -8.617003e-02
9.500000e+10 9.433608e-01 -4.314903e-02 -9.375732e-01 -9.499610e-02
9.600000e+10 9.441490e-01 -3.374437e-02 -9.370615e-01 -1.104282e-01
9.700000e+10 9.563269e-01 -2.137857e-02 -9.464669e-01 -1.352947e-01
9.800000e+10 9.757812e-01 -9.998930e-03 -9.609599e-01 -1.691301e-01
9.900000e+10 9.935498e-01 -2.376392e-03 -9.714026e-01 -2.085965e-01
1.000000e+11 9.999355e-01 -1.497367e-05 -9.686135e-01 -2.483120e-01
1.010000e+11 9.906403e-01 -3.000302e-03 -9.493194e-01 -2.831112e-01
1.020000e+11 9.700775e-01 -1.028509e-02 -9.189455e-01 -3.106182e-01
1.030000e+11 9.484119e-01 -2.028226e-02 -8.882708e-01 -3.317361e-01
1.040000e+11 9.354284e-01 -3.104023e-02 -8.673621e-01 -3.489209e-01
1.050000e+11 9.360977e-01 -3.974193e-02 -8.613884e-01 -3.642930e-01
1.060000e+11 9.489519e-01 -4.212744e-02 -8.688924e-01 -3.791583e-01
1.070000e+11 9.666025e-01 -3.335970e-02 -8.815050e-01 -3.951663e-01
1.080000e+11 9.788182e-01 -1.187893e-02 -8.860968e-01 -4.156637e-01
1.090000e+11 9.777028e-01 1.590740e-02 -8.708722e-01 -4.441074e-01
1.100000e+11 9.617519e-01 3.689904e-02 -8.328513e-01 -4.795456e-01
1.110000e+11 9.367491e-01 4.003558e-02 -7.809498e-01 -5.157648e-01
1.120000e+11 9.135969e-01 2.329294e-02 -7.316678e-01 -5.466067e-01
1.130000e+11 9.030917e-01 -7.211678e-03 -7.006793e-01 -5.697114e-01
1.140000e+11 9.097191e-01 -4.067493e-02 -6.961457e-01 -5.842221e-01
1.150000e+11 9.275539e-01 -6.216775e-02 -7.146802e-01 -5.879827e-01
1.160000e+11 9.421890e-01 -5.508220e-02 -7.394134e-01 -5.813380e-01
1.170000e+11 9.420648e-01 -1.338953e-02 -7.463321e-01 -5.747132e-01
1.180000e+11 9.275098e-01 4.678167e-02 -7.191850e-01 -5.838312e-01
1.190000e+11 9.036819e-01 9.574443e-02 -6.575375e-01 -6.124691e-01
1.200000e+11 8.742971e-01 1.106638e-01 -5.755603e-01 -6.487522e-01
1.210000e+11 8.477378e-01 8.736249e-02 -4.975747e-01 -6.807692e-01
1.220000e+11 8.382141e-01 3.623956e-02 -4.480067e-01 -7.075165e-01
1.230000e+11 8.552241e-01 -2.680431e-02 -4.426634e-01 -7.312584e-01
1.240000e+11 8.904995e-01 -7.840144e-02 -4.831303e-01 -7.439272e-01
1.250000e+11 9.145145e-01 -8.357825e-02 -5.445020e-01 -7.299788e-01
1.260000e+11 9.050176e-01 -2.320268e-02 -5.776699e-01 -6.962873e-01
1.270000e+11 8.753443e-01 7.288592e-02 -5.509334e-01 -6.763044e-01
1.280000e+11 8.426878e-01 1.527769e-01 -4.685149e-01 -6.835758e-01
1.290000e+11 8.053627e-01 1.818474e-01 -3.548419e-01 -6.997341e-01
1.300000e+11 7.666395e-01 1.563068e-01 -2.450749e-01 -7.093959e-01
1.310000e+11 7.466950e-01 9.344566e-02 -1.693570e-01 -7.212070e-01
1.320000e+11 7.661592e-01 1.042428e-02 -1.451542e-01 -7.522110e-01
1.330000e+11 8.259297e-01 -7.446486e-02 -1.862804e-01 -8.011956e-01
1.340000e+11 8.845140e-01 -1.135306e-01 -2.879029e-01 -8.286059e-01
1.350000e+11 8.837808e-01 -5.031090e-02 -3.788024e-01 -7.968977e-01
1.360000e+11 8.410676e-01 8.116947e-02 -3.785385e-01 -7.466692e-01
1.370000e+11 7.976792e-01 1.938841e-01 -2.885848e-01 -7.179274e-01
1.380000e+11 7.478493e-01 2.368997e-01 -1.547938e-01 -6.922398e-01
1.390000e+11 6.892964e-01 2.106332e-01 -2.966251e-02 -6.556549e-01
1.400000e+11 6.489087e-01 1.456406e-01 5.818653e-02 -6.296711e-01
1.410000e+11 6.556150e-01 6.250967e-02 1.063184e-01 -6.439099e-01
1.420000e+11 7.249565e-01 -3.524538e-02 1.065809e-01 -7.162124e-01
1.430000e+11 8.339652e-01 -1.200839e-01 2.480521e-02 -8.249015e-01
1.440000e+11 8.821426e-01 -9.208788e-02 -1.221176e-01 -8.687823e-01
1.450000e+11 8.370159e-01 6.475086e-02 -1.856175e-01 -8.136026e-01
1.460000e+11 7.774199e-01 2.131049e-01 -1.133971e-01 -7.389920e-01
1.470000e+11 7.080985e-01 2.688570e-01 1.792591e-02 -6.548267e-01
1.480000e+11 6.253268e-01 2.408031e-01 1.301525e-01 -5.622347e-01
1.490000e+11 5.630678e-01 1.784454e-01 2.028985e-01 -4.939988e-01
1.500000e+11 5.503697e-01 1.086107e-01 2.545092e-01 -4.757475e-01
1.510000e+11 6.056298e-01 2.712491e-02 2.986845e-01 -5.261552e-01
1.520000e+11 7.391351e-01 -7.432147e-02 3.107462e-01 -6.665087e-01
1.530000e+11 8.773043e-01 -1.212372e-01 2.106160e-01 -8.429741e-01
1.540000e+11 8.696407e-01 2.055857e-02 7.047251e-02 -8.665368e-01
1.550000e+11 7.866398e-01 2.061796e-01 8.117379e-02 -7.547867e-01
1.560000e+11 6.862245e-01 2.759961e-01 1.748102e-01 -6.034663e-01
1.570000e+11 5.763540e-01 2.470702e-01 2.443224e-01 -4.598334e-01
1.580000e+11 4.962189e-01 1.902007e-01 2.809164e-01 -3.621364e-01
1.590000e+11 4.677561e-01 1.369252e-01 3.146757e-01 -3.178467e-01
1.600000e+11 5.012553e-01 8.358690e-02 3.697662e-01 -3.279376e-01
1.610000e+11 6.171908e-01 9.743482e-03 4.565831e-01 -4.151643e-01
1.620000e+11 8.180929e-01 -8.405659e-02 5.232958e-01 -6.231949e-01
1.630000e+11 9.264336e-01 -3.753292e-02 4.301557e-01 -8.196564e-01
1.640000e+11 8.314485e-01 1.654265e-01 3.338318e-01 -7.433014e-01
1.650000e+11 6.831470e-01 2.562206e-01 3.343428e-01 -5.378249e-01
1.660000e+11 5.425569e-01 2.331690e-01 3.318560e-01 -3.603772e-01
1.670000e+11 4.486950e-01 1.860163e-01 3.218354e-01 -2.512910e-01
1.680000e+11 4.104491e-01 1.487283e-01 3.288805e-01 -1.954123e-01
1.690000e+11 4.276662e-01 1.206499e-01 3.705888e-01 -1.760852e-01
1.700000e+11 5.141251e-01 8.759706e-02 4.680511e-01 -1.938545e-01
1.710000e+11 7.028184e-01 2.219059e-02 6.414747e-01 -2.863067e-01
1.720000e+11 9.407173e-01 -4.320942e-02 7.861868e-01 -5.147740e-01
1.730000e+11 9.147180e-01 8.509440e-02 6.722578e-01 -6.144407e-01
1.740000e+11 7.055961e-01 2.033396e-01 5.158605e-01 -4.363562e-01
1.750000e+11 5.267252e-01 2.013459e-01 4.109283e-01 -2.608395e-01
1.760000e+11 4.197975e-01 1.708414e-01 3.489970e-01 -1.588844e-01
1.770000e+11 3.751815e-01 1.494788e-01 3.281251e-01 -1.036878e-01
1.780000e+11 3.829514e-01 1.411590e-01 3.489808e-01 -7.027306e-02
1.790000e+11 4.488227e-01 1.408081e-01 4.239187e-01 -4.367876e-02
