# #nu(Hz) #T #rho #c #s
0.000000e+00 1.000000e+00 0.000000e+00 1.000000e+00 0.000000e+00
1.000000e+09 9.606856e-01 -8.113970e-03 9.598027e-01 4.037021e-02
2.000000e+09 8.622210e-01 -2.540974e-02 8.594739e-01 6.390691e-02
3.000000e+09 7.428805e-01 -4.042359e-02 7.385571e-01 6.907121e-02
4.000000e+09 6.309774e-01 -4.837877e-02 6.258814e-01 6.375313e-02
5.000000e+09 5.382617e-01 -5.027987e-02 5.330690e-01 5.509055e-02
6.000000e+09 4.662463e-01 -4.859114e-02 4.613484e-01 4.671396e-02
7.000000e+09 4.124639e-01 -4.521595e-02 4.080343e-01 3.987491e-02
8.000000e+09 3.736895e-01 -4.122919e-02 3.697772e-01 3.476771e-02
9.000000e+09 3.471474e-01 -3.711468e-02 3.437401e-01 3.124990e-02
1.000000e+10 3.308240e-01 -3.300327e-02 3.278806e-01 2.914740e-02
1.100000e+10 3.234718e-01 -2.881491e-02 3.209341e-01 2.837234e-02
1.200000e+10 3.245522e-01 -2.431983e-02 3.223396e-01 2.897988e-02
1.300000e+10 3.342033e-01 -1.914391e-02 3.321902e-01 3.122611e-02
1.400000e+10 3.532602e-01 -1.273539e-02 3.512242e-01 3.566708e-02
1.500000e+10 3.833221e-01 -4.308150e-03 3.808397e-01 4.334074e-02
1.600000e+10 4.268134e-01 7.199055e-03 4.230509e-01 5.608725e-02
1.700000e+10 4.868607e-01 2.301946e-02 4.801729e-01 7.705471e-02
1.800000e+10 5.665005e-01 4.394849e-02 5.537216e-01 1.112823e-01
1.900000e+10 6.661759e-01 6.845821e-02 6.416292e-01 1.655770e-01
2.000000e+10 7.784021e-01 8.890260e-02 7.334007e-01 2.452135e-01
2.100000e+10 8.819885e-01 8.874096e-02 8.071896e-01 3.442000e-01
2.200000e+10 9.466554e-01 5.114777e-02 8.392299e-01 4.350099e-01
2.300000e+10 9.533768e-01 -1.942688e-02 8.235140e-01 4.799735e-01
2.400000e+10 9.067009e-01 -9.320701e-02 7.736339e-01 4.635832e-01
2.500000e+10 8.248691e-01 -1.417821e-01 7.056263e-01 4.029870e-01
2.600000e+10 7.281153e-01 -1.581878e-01 6.308422e-01 3.273630e-01
2.700000e+10 6.331010e-01 -1.515418e-01 5.580600e-01 2.577228e-01
2.800000e+10 5.499761e-01 -1.337850e-01 4.935516e-01 2.024403e-01
2.900000e+10 4.825858e-01 -1.130028e-01 4.403577e-01 1.618780e-01
3.000000e+10 4.308487e-01 -9.305509e-02 3.989583e-01 1.334301e-01
3.100000e+10 3.930746e-01 -7.516959e-02 3.685299e-01 1.142057e-01
3.200000e+10 3.673442e-01 -5.929282e-02 3.478974e-01 1.019488e-01
3.300000e+10 3.521241e-01 -4.482881e-02 3.360379e-01 9.518544e-02
3.400000e+10 3.464837e-01 -3.095143e-02 3.322880e-01 9.315398e-02
3.500000e+10 3.501620e-01 -1.668933e-02 3.364045e-01 9.574412e-02
3.600000e+10 3.636020e-01 -9.030486e-04 3.485517e-01 1.035245e-01
3.700000e+10 3.879871e-01 1.777224e-02 3.692138e-01 1.178953e-01
3.800000e+10 4.252305e-01 4.092799e-02 3.989443e-01 1.413837e-01
3.900000e+10 4.777156e-01 7.012120e-02 4.377251e-01 1.780223e-01
4.000000e+10 5.472863e-01 1.058668e-01 4.835443e-01 2.334510e-01
4.100000e+10 6.326150e-01 1.450715e-01 5.299378e-01 3.135633e-01
4.200000e+10 7.247303e-01 1.768235e-01 5.639288e-01 4.194661e-01
4.300000e+10 8.048038e-01 1.809081e-01 5.699309e-01 5.386651e-01
4.400000e+10 8.532523e-01 1.385221e-01 5.440048e-01 6.425806e-01
4.500000e+10 8.661670e-01 5.150546e-02 5.037178e-01 7.027524e-01
4.600000e+10 8.547264e-01 -5.511925e-02 4.734159e-01 7.095044e-01
4.700000e+10 8.279494e-01 -1.506028e-01 4.625203e-01 6.699956e-01
4.800000e+10 7.859905e-01 -2.135971e-01 4.630183e-01 5.981399e-01
4.900000e+10 7.282204e-01 -2.378656e-01 4.616192e-01 5.105220e-01
5.000000e+10 6.601240e-01 -2.306277e-01 4.509867e-01 4.233031e-01
5.100000e+10 5.911401e-01 -2.049815e-01 4.319336e-01 3.476528e-01
5.200000e+10 5.292573e-01 -1.723017e-01 4.092179e-01 2.880384e-01
5.300000e+10 4.786839e-01 -1.392943e-01 3.874381e-01 2.441865e-01
5.400000e+10 4.405889e-01 -1.086866e-01 3.695494e-01 2.138670e-01
5.500000e+10 4.146379e-01 -8.084258e-02 3.570443e-01 1.947010e-01
5.600000e+10 4.001329e-01 -5.496761e-02 3.505432e-01 1.849442e-01
5.700000e+10 3.966312e-01 -2.973450e-02 3.502493e-01 1.837324e-01
5.800000e+10 4.042308e-01 -3.533102e-03 3.561588e-01 1.911570e-01
5.900000e+10 4.236653e-01 2.544226e-02 3.680192e-01 2.083432e-01
6.000000e+10 4.562111e-01 5.906103e-02 3.849816e-01 2.375491e-01
6.100000e+10 5.032064e-01 9.878127e-02 4.048081e-01 2.821158e-01
6.200000e+10 5.647143e-01 1.443253e-01 4.225460e-01 3.457271e-01
6.300000e+10 6.368262e-01 1.909987e-01 4.292323e-01 4.299149e-01
6.400000e+10 7.085113e-01 2.265843e-01 4.130831e-01 5.291599e-01
6.500000e+10 7.628387e-01 2.327065e-01 3.669072e-01 6.270164e-01
6.600000e+10 7.876397e-01 1.958692e-01 2.987359e-01 7.019746e-01
6.700000e+10 7.867443e-01 1.195313e-01 2.311322e-01 7.424666e-01
6.800000e+10 7.754203e-01 2.111595e-02 1.858947e-01 7.525118e-01
6.900000e+10 7.658585e-01 -8.025255e-02 1.726042e-01 7.418265e-01
7.000000e+10 7.596579e-01 -1.695276e-01 1.890703e-01 7.159559e-01
7.100000e+10 7.500222e-01 -2.352719e-01 2.256236e-01 6.754809e-01
7.200000e+10 7.286542e-01 -2.702903e-01 2.689997e-01 6.209020e-01
7.300000e+10 6.925018e-01 -2.743152e-01 3.070449e-01 5.568064e-01
7.400000e+10 6.457324e-01 -2.542012e-01 3.331213e-01 4.913067e-01
7.500000e+10 5.962921e-01 -2.199027e-01 3.469632e-01 4.322310e-01
7.600000e+10 5.514241e-01 -1.798819e-01 3.520780e-01 3.843854e-01
7.700000e+10 5.156749e-01 -1.391414e-01 3.527113e-01 3.495068e-01
7.800000e+10 4.912093e-01 -9.957409e-02 3.522168e-01 3.275895e-01
7.900000e+10 4.788816e-01 -6.105161e-02 3.526597e-01 3.181688e-01
8.000000e+10 4.791271e-01 -2.234550e-02 3.549013e-01 3.211052e-01
8.100000e+10 4.924252e-01 1.825689e-02 3.586425e-01 3.369344e-01
8.200000e+10 5.192953e-01 6.242064e-02 3.621968e-01 3.668580e-01
8.300000e+10 5.597000e-01 1.109456e-01 3.619564e-01 4.122410e-01
8.400000e+10 6.116114e-01 1.622598e-01 3.518627e-01 4.732155e-01
8.500000e+10 6.688695e-01 2.102662e-01 3.239664e-01 5.460956e-01
8.600000e+10 7.200741e-01 2.432513e-01 2.719410e-01 6.207927e-01
8.700000e+10 7.521769e-01 2.475237e-01 1.975452e-01 6.822595e-01
8.800000e+10 7.591662e-01 2.162048e-01 1.139860e-01 7.187461e-01
8.900000e+10 7.472427e-01 1.546392e-01 3.956741e-02 7.299951e-01
9.000000e+10 7.295400e-01 7.559246e-02 -1.260813e-02 7.255036e-01
9.100000e+10 7.170759e-01 -8.940308e-03 -3.807189e-02 7.160087e-01
9.200000e+10 7.144029e-01 -9.080668e-02 -3.783998e-02 7.075972e-01
9.300000e+10 7.198611e-01 -1.641139e-01 -1.505663e-02 7.007424e-01
9.400000e+10 7.274960e-01 -2.230943e-01 2.583689e-02 6.919623e-01
9.500000e+10 7.297702e-01 -2.619560e-01 7.849205e-02 6.765963e-01
9.600000e+10 7.210297e-01 -2.769280e-01 1.347684e-01 6.519449e-01
9.700000e+10 7.003205e-01 -2.685121e-01 1.866721e-01 6.192766e-01
9.800000e+10 6.715327e-01 -2.414571e-01 2.288987e-01 5.833181e-01
9.900000e+10 6.409767e-01 -2.023094e-01 2.598415e-01 5.499131e-01
1.000000e+11 6.146517e-01 -1.567068e-01 2.805955e-01 5.239330e-01
1.010000e+11 5.968960e-01 -1.080878e-01 2.931913e-01 5.085673e-01
1.020000e+11 5.903449e-01 -5.779572e-02 2.991862e-01 5.056227e-01
1.030000e+11 5.963460e-01 -5.861582e-03 2.988623e-01 5.160189e-01
1.040000e+11 6.151466e-01 4.798038e-02 2.908289e-01 5.399276e-01
1.050000e+11 6.455116e-01 1.030813e-01 2.719489e-01 5.762840e-01
1.060000e+11 6.837726e-01 1.564532e-01 2.379202e-01 6.216601e-01
1.070000e+11 7.229495e-01 2.016565e-01 1.851912e-01 6.691000e-01
1.080000e+11 7.535593e-01 2.295104e-01 1.143142e-01 7.085964e-01
1.090000e+11 7.674938e-01 2.319492e-01 3.259599e-02 7.308788e-01
1.100000e+11 7.630099e-01 2.070424e-01 -4.759868e-02 7.328383e-01
1.110000e+11 7.458770e-01 1.602271e-01 -1.147582e-01 7.193680e-01
1.120000e+11 7.253664e-01 1.004649e-01 -1.628879e-01 6.996647e-01
1.130000e+11 7.093900e-01 3.567811e-02 -1.914019e-01 6.821485e-01
1.140000e+11 7.022922e-01 -2.897940e-02 -2.023047e-01 6.718983e-01
1.150000e+11 7.049306e-01 -9.037592e-02 -1.978170e-01 6.705429e-01
1.160000e+11 7.154539e-01 -1.459223e-01 -1.795302e-01 6.770155e-01
1.170000e+11 7.300665e-01 -1.925050e-01 -1.487703e-01 6.883359e-01
1.180000e+11 7.439507e-01 -2.263428e-01 -1.075362e-01 7.004767e-01
1.190000e+11 7.526586e-01 -2.438666e-01 -5.929661e-02 7.095830e-01
1.200000e+11 7.537342e-01 -2.431379e-01 -8.970527e-03 7.133854e-01
1.210000e+11 7.476985e-01 -2.247845e-01 3.806911e-02 7.120925e-01
1.220000e+11 7.377037e-01 -1.916950e-01 7.730253e-02 7.081555e-01
1.230000e+11 7.281401e-01 -1.477553e-01 1.057559e-01 7.051043e-01
1.240000e+11 7.231223e-01 -9.660907e-02 1.217716e-01 7.062182e-01
1.250000e+11 7.254761e-01 -4.116069e-02 1.242734e-01 7.135667e-01
1.260000e+11 7.362011e-01 1.609965e-02 1.121495e-01 7.274306e-01
1.270000e+11 7.541237e-01 7.226334e-02 8.421381e-02 7.459146e-01
1.280000e+11 7.756971e-01 1.231639e-01 3.997835e-02 7.648126e-01
1.290000e+11 7.953814e-01 1.632313e-01 -1.891148e-02 7.782220e-01
1.300000e+11 8.072163e-01 1.867124e-01 -8.746376e-02 7.804401e-01
1.310000e+11 8.073943e-01 1.900433e-01 -1.577695e-01 7.686858e-01
1.320000e+11 7.962220e-01 1.737169e-01 -2.215441e-01 7.447887e-01
1.330000e+11 7.778073e-01 1.419525e-01 -2.731147e-01 7.143123e-01
1.340000e+11 7.578297e-01 1.005132e-01 -3.106219e-01 6.838984e-01
1.350000e+11 7.412732e-01 5.454527e-02 -3.350966e-01 6.589546e-01
1.360000e+11 7.313288e-01 7.660601e-03 -3.487472e-01 6.427741e-01
1.370000e+11 7.293325e-01 -3.787172e-02 -3.536571e-01 6.367247e-01
1.380000e+11 7.351149e-01 -8.046853e-02 -3.512165e-01 6.407540e-01
1.390000e+11 7.473609e-01 -1.185920e-01 -3.421272e-01 6.537838e-01
1.400000e+11 7.639134e-01 -1.503566e-01 -3.267518e-01 6.739361e-01
1.410000e+11 7.821330e-01 -1.734919e-01 -3.056395e-01 6.987254e-01
1.420000e+11 7.994251e-01 -1.856855e-01 -2.800539e-01 7.253765e-01
1.430000e+11 8.138919e-01 -1.851939e-01 -2.522859e-01 7.513156e-01
1.440000e+11 8.248622e-01 -1.714383e-01 -2.255735e-01 7.746761e-01
1.450000e+11 8.329916e-01 -1.452797e-01 -2.036346e-01 7.945450e-01
1.460000e+11 8.398214e-01 -1.088743e-01 -1.900281e-01 8.107624e-01
1.470000e+11 8.469758e-01 -6.529956e-02 -1.875905e-01 8.233552e-01
1.480000e+11 8.553358e-01 -1.822990e-02 -1.980273e-01 8.318967e-01
1.490000e+11 8.644924e-01 2.822901e-02 -2.215801e-01 8.351362e-01
1.500000e+11 8.726905e-01 6.970721e-02 -2.567242e-01 8.311572e-01
1.510000e+11 8.773780e-01 1.020144e-01 -3.000716e-01 8.181334e-01
1.520000e+11 8.762581e-01 1.219523e-01 -3.468138e-01 7.954094e-01
1.530000e+11 8.683908e-01 1.281704e-01 -3.918311e-01 7.642927e-01
1.540000e+11 8.547134e-01 1.214939e-01 -4.310569e-01 7.279863e-01
1.550000e+11 8.376866e-01 1.044465e-01 -4.623690e-01 6.906697e-01
1.560000e+11 8.203822e-01 8.027774e-02 -4.856024e-01 6.563327e-01
1.570000e+11 8.055960e-01 5.207086e-02 -5.019014e-01 6.279877e-01
1.580000e+11 7.953464e-01 2.227978e-02 -5.129178e-01 6.074494e-01
1.590000e+11 7.907553e-01 -7.314100e-03 -5.202166e-01 5.954957e-01
1.600000e+11 7.921450e-01 -3.540903e-02 -5.249818e-01 5.921436e-01
1.610000e+11 7.991948e-01 -6.093098e-02 -5.279591e-01 5.968743e-01
1.620000e+11 8.110895e-01 -8.283160e-02 -5.295472e-01 6.087568e-01
1.630000e+11 8.266571e-01 -9.999053e-02 -5.299687e-01 6.264959e-01
1.640000e+11 8.445197e-01 -1.112454e-01 -5.294759e-01 6.484545e-01
1.650000e+11 8.632726e-01 -1.155463e-01 -5.285415e-01 6.727053e-01
1.660000e+11 8.816730e-01 -1.121962e-01 -5.279775e-01 6.971364e-01
1.670000e+11 8.987808e-01 -1.011049e-01 -5.289208e-01 7.196023e-01
1.680000e+11 9.139886e-01 -8.296977e-02 -5.326593e-01 7.380822e-01
1.690000e+11 9.269221e-01 -5.931859e-02 -5.403272e-01 7.508078e-01
1.700000e+11 9.372597e-01 -3.239355e-02 -5.525567e-01 7.563646e-01
1.710000e+11 9.445837e-01 -4.891559e-03 -5.692054e-01 7.538034e-01
1.720000e+11 9.483687e-01 2.040604e-02 -5.892751e-01 7.427931e-01
1.730000e+11 9.481431e-01 4.105971e-02 -6.110859e-01 7.237842e-01
1.740000e+11 9.437523e-01 5.536217e-02 -6.326789e-01 6.980837e-01
1.750000e+11 9.355759e-01 6.257539e-02 -6.523107e-01 6.677405e-01
1.760000e+11 9.245720e-01 6.293093e-02 -6.688500e-01 6.352266e-01
1.770000e+11 9.121217e-01 5.740769e-02 -6.819371e-01 6.030191e-01
1.780000e+11 8.997565e-01 4.739575e-02 -6.918939e-01 5.732349e-01
1.790000e+11 8.888898e-01 3.437942e-02 -6.994799e-01 5.474221e-01
1.800000e+11 8.806326e-01 1.972481e-02 -7.056220e-01 5.265189e-01
1.810000e+11 8.757139e-01 4.587413e-03 -7.112036e-01 5.109239e-01
1.820000e+11 8.744796e-01 -1.009132e-02 -7.169403e-01 5.006090e-01
1.830000e+11 8.769349e-01 -2.354331e-02 -7.233343e-01 4.952253e-01
1.840000e+11 8.828031e-01 -3.512686e-02 -7.306806e-01 4.941794e-01
1.850000e+11 8.915870e-01 -4.429731e-02 -7.391025e-01 4.966818e-01
1.860000e+11 9.026305e-01 -5.060647e-02 -7.485987e-01 5.017776e-01
1.870000e+11 9.151780e-01 -5.373126e-02 -7.590892e-01 5.083770e-01
1.880000e+11 9.284336e-01 -5.352266e-02 -7.704492e-01 5.152983e-01
1.890000e+11 9.416152e-01 -5.005891e-02 -7.825253e-01 5.213324e-01
1.900000e+11 9.540005e-01 -4.368251e-02 -7.951329e-01 5.253308e-01
1.910000e+11 9.649614e-01 -3.500213e-02 -8.080392e-01 5.263061e-01
1.920000e+11 9.739909e-01 -2.484791e-02 -8.209466e-01 5.235336e-01
1.930000e+11 9.807249e-01 -1.418142e-02 -8.334932e-01 5.166327e-01
1.940000e+11 9.849652e-01 -3.974998e-03 -8.452806e-01 5.056098e-01
1.950000e+11 9.866981e-01 4.913928e-03 -8.559293e-01 4.908502e-01
1.960000e+11 9.861036e-01 1.184567e-02 -8.651472e-01 4.730543e-01
1.970000e+11 9.835434e-01 1.645652e-02 -8.727884e-01 4.531305e-01
1.980000e+11 9.795228e-01 1.866453e-02 -8.788828e-01 4.320667e-01
1.990000e+11 9.746315e-01 1.863020e-02 -8.836271e-01 4.108073e-01
2.000000e+11 9.694749e-01 1.668991e-02 -8.873441e-01 3.901583e-01
2.010000e+11 9.646099e-01 1.328215e-02 -8.904240e-01 3.707301e-01
2.020000e+11 9.604949e-01 8.882392e-03 -8.932633e-01 3.529194e-01
2.030000e+11 9.574613e-01 3.954336e-03 -8.962157e-01 3.369183e-01
2.040000e+11 9.557038e-01 -1.081512e-03 -8.995588e-01 3.227421e-01
2.050000e+11 9.552862e-01 -5.865410e-03 -9.034786e-01 3.102638e-01
2.060000e+11 9.561588e-01 -1.010686e-02 -9.080677e-01 2.992498e-01
2.070000e+11 9.581814e-01 -1.358816e-02 -9.133337e-01 2.893933e-01
2.080000e+11 9.611499e-01 -1.616543e-02 -9.192140e-01 2.803451e-01
2.090000e+11 9.648220e-01 -1.776816e-02 -9.255932e-01 2.717409e-01
2.100000e+11 9.689426e-01 -1.839654e-02 -9.323212e-01 2.632271e-01
2.110000e+11 9.732641e-01 -1.811591e-02 -9.392301e-01 2.544834e-01
2.120000e+11 9.775643e-01 -1.704731e-02 -9.461491e-01 2.452412e-01
2.130000e+11 9.816578e-01 -1.535413e-02 -9.529171e-01 2.352986e-01
2.140000e+11 9.854036e-01 -1.322563e-02 -9.593919e-01 2.245271e-01
2.150000e+11 9.887069e-01 -1.085901e-02 -9.654575e-01 2.128736e-01
2.160000e+11 9.915173e-01 -8.442093e-03 -9.710271e-01 2.003534e-01
2.170000e+11 9.938234e-01 -6.138727e-03 -9.760449e-01 1.870391e-01
2.180000e+11 9.956450e-01 -4.078405e-03 -9.804835e-01 1.730450e-01
2.190000e+11 9.970240e-01 -2.350894e-03 -9.843404e-01 1.585099e-01
2.200000e+11 9.980150e-01 -1.005783e-03 -9.876323e-01 1.435807e-01
2.210000e+11 9.986770e-01 -5.620300e-05 -9.903886e-01 1.283985e-01
2.220000e+11 9.990666e-01 5.144740e-04 -9.926454e-01 1.130883e-01
2.230000e+11 9.992332e-01 7.442607e-04 -9.944400e-01 9.775194e-02
2.240000e+11 9.992164e-01 6.837480e-04 -9.958073e-01 8.246633e-02
2.250000e+11 9.990457e-01 3.878935e-04 -9.967773e-01 6.728374e-02
2.260000e+11 9.987412e-01 -9.083231e-05 -9.973742e-01 5.223525e-02
2.270000e+11 9.983158e-01 -7.074411e-04 -9.976171e-01 3.733581e-02
2.280000e+11 9.977772e-01 -1.427310e-03 -9.975205e-01 2.259007e-02
2.290000e+11 9.971301e-01 -2.226915e-03 -9.970956e-01 7.998269e-03
2.300000e+11 9.963772e-01 -3.092562e-03 -9.963516e-01 -6.438450e-03
2.310000e+11 9.955203e-01 -4.017456e-03 -9.952967e-01 -2.071393e-02
2.320000e+11 9.945602e-01 -4.997555e-03 -9.939381e-01 -3.481445e-02
2.330000e+11 9.934969e-01 -6.026795e-03 -9.922834e-01 -4.871797e-02
2.340000e+11 9.923299e-01 -7.092316e-03 -9.903410e-01 -6.239544e-02
2.350000e+11 9.910587e-01 -8.170355e-03 -9.881209e-01 -7.581395e-02
2.360000e+11 9.896845e-01 -9.223409e-03 -9.856367e-01 -8.894166e-02
2.370000e+11 9.882127e-01 -1.019923e-02 -9.829072e-01 -1.017540e-01
2.380000e+11 9.866563e-01 -1.103200e-02 -9.799582e-01 -1.142406e-01
2.390000e+11 9.850394e-01 -1.164582e-02 -9.768249e-01 -1.264121e-01
2.400000e+11 9.834004e-01 -1.196050e-02 -9.735525e-01 -1.383064e-01
2.410000e+11 9.817949e-01 -1.189907e-02 -9.701969e-01 -1.499923e-01
2.420000e+11 9.802963e-01 -1.139651e-02 -9.668225e-01 -1.615713e-01
2.430000e+11 9.789936e-01 -1.040882e-02 -9.634989e-01 -1.731757e-01
2.440000e+11 9.779867e-01 -8.921619e-03 -9.602952e-01 -1.849638e-01
2.450000e+11 9.773786e-01 -6.957417e-03 -9.572712e-01 -1.971101e-01
2.460000e+11 9.772635e-01 -4.581082e-03 -9.544682e-01 -2.097937e-01
2.470000e+11 9.777133e-01 -1.902999e-03 -9.518977e-01 -2.231823e-01
2.480000e+11 9.787623e-01 9.204701e-04 -9.495310e-01 -2.374145e-01
2.490000e+11 9.803929e-01 3.689723e-03 -9.472912e-01 -2.525788e-01
2.500000e+11 9.825230e-01 6.168679e-03 -9.450488e-01 -2.686932e-01
2.510000e+11 9.849985e-01 8.096665e-03 -9.426244e-01 -2.856845e-01
2.520000e+11 9.875934e-01 9.206623e-03 -9.397986e-01 -3.033718e-01
2.530000e+11 9.900191e-01 9.250348e-03 -9.363317e-01 -3.214579e-01
2.540000e+11 9.919437e-01 8.030177e-03 -9.319900e-01 -3.395326e-01
2.550000e+11 9.930205e-01 5.434327e-03 -9.265768e-01 -3.570934e-01
2.560000e+11 9.929237e-01 1.470519e-03 -9.199620e-01 -3.735844e-01
2.570000e+11 9.913845e-01 -3.709604e-03 -9.121043e-01 -3.884524e-01
2.580000e+11 9.882236e-01 -9.803067e-03 -9.030599e-01 -4.012141e-01
2.590000e+11 9.833755e-01 -1.637069e-02 -8.929770e-01 -4.115232e-01
2.600000e+11 9.769008e-01 -2.287552e-02 -8.820780e-01 -4.192258e-01
2.610000e+11 9.689888e-01 -2.873933e-02 -8.706342e-01 -4.243931e-01
2.620000e+11 9.599506e-01 -3.340710e-02 -8.589418e-01 -4.273266e-01
2.630000e+11 9.502038e-01 -3.640718e-02 -8.473013e-01 -4.285351e-01
2.640000e+11 9.402527e-01 -3.739642e-02 -8.360031e-01 -4.286903e-01
2.650000e+11 9.306602e-01 -3.618446e-02 -8.253158e-01 -4.285707e-01
2.660000e+11 9.220150e-01 -3.273701e-02 -8.154736e-01 -4.290020e-01
2.670000e+11 9.148925e-01 -2.716385e-02 -8.066590e-01 -4.308036e-01
2.680000e+11 9.098126e-01 -1.970016e-02 -7.989803e-01 -4.347427e-01
2.690000e+11 9.071942e-01 -1.069041e-02 -7.924437e-01 -4.414975e-01
2.700000e+11 9.073099e-01 -5.817897e-04 -7.869242e-01 -4.516207e-01
2.710000e+11 9.102397e-01 1.007046e-02 -7.821415e-01 -4.654994e-01
2.720000e+11 9.158289e-01 2.058896e-02 -7.776492e-01 -4.833016e-01
2.730000e+11 9.236551e-01 3.016197e-02 -7.728500e-01 -5.049079e-01
2.740000e+11 9.330191e-01 3.785094e-02 -7.670499e-01 -5.298361e-01
2.750000e+11 9.429739e-01 4.263996e-02 -7.595622e-01 -5.571777e-01
2.760000e+11 9.524106e-01 4.354628e-02 -7.498548e-01 -5.855830e-01
2.770000e+11 9.601979e-01 3.979348e-02 -7.377136e-01 -6.133311e-01
2.780000e+11 9.653526e-01 3.101812e-02 -7.233639e-01 -6.385047e-01
2.790000e+11 9.671884e-01 1.744900e-02 -7.074859e-01 -6.592516e-01
2.800000e+11 9.653877e-01 -1.298438e-05 -6.910914e-01 -6.740669e-01
2.810000e+11 9.599742e-01 -1.986018e-02 -6.752836e-01 -6.820176e-01
2.820000e+11 9.512137e-01 -4.018283e-02 -6.609876e-01 -6.828530e-01
2.830000e+11 9.395082e-01 -5.895847e-02 -6.487492e-01 -6.769964e-01
2.840000e+11 9.253407e-01 -7.435097e-02 -6.386698e-01 -6.654533e-01
2.850000e+11 9.092867e-01 -8.495177e-02 -6.304815e-01 -6.496757e-01
2.860000e+11 8.920629e-01 -8.991892e-02 -6.237107e-01 -6.314077e-01
2.870000e+11 8.745616e-01 -8.899720e-02 -6.178574e-01 -6.125273e-01
2.880000e+11 8.578342e-01 -8.243311e-02 -6.125218e-01 -5.948961e-01
2.890000e+11 8.430185e-01 -7.082453e-02 -6.074468e-01 -5.802349e-01
2.900000e+11 8.312312e-01 -5.495892e-02 -6.024764e-01 -5.700413e-01
2.910000e+11 8.234521e-01 -3.568959e-02 -5.974569e-01 -5.655483e-01
2.920000e+11 8.204163e-01 -1.388253e-02 -5.921133e-01 -5.677076e-01
2.930000e+11 8.225121e-01 9.554965e-03 -5.859312e-01 -5.771650e-01
2.940000e+11 8.296761e-01 3.357160e-02 -5.780747e-01 -5.941927e-01
2.950000e+11 8.412824e-01 5.682311e-02 -5.673794e-01 -6.185530e-01
2.960000e+11 8.560564e-01 7.753376e-02 -5.524738e-01 -6.493025e-01
2.970000e+11 8.720860e-01 9.346339e-02 -5.320868e-01 -6.846037e-01
2.980000e+11 8.870336e-01 1.020980e-01 -5.055453e-01 -7.216846e-01
2.990000e+11 8.986070e-01 1.011328e-01 -4.733341e-01 -7.571139e-01
3.000000e+11 9.051900e-01 8.915687e-02 -4.374394e-01 -7.874432e-01
3.010000e+11 9.063378e-01 6.624857e-02 -4.011784e-01 -8.100094e-01
3.020000e+11 9.028141e-01 3.415681e-02 -3.684659e-01 -8.234923e-01
3.030000e+11 8.960998e-01 -4.025707e-03 -3.428239e-01 -8.279193e-01
3.040000e+11 8.876420e-01 -4.448059e-02 -3.265759e-01 -8.241832e-01
3.050000e+11 8.782495e-01 -8.326623e-02 -3.204759e-01 -8.134397e-01
3.060000e+11 8.678959e-01 -1.167593e-01 -3.237488e-01 -7.967416e-01
3.070000e+11 8.559626e-01 -1.419794e-01 -3.344031e-01 -7.750409e-01
3.080000e+11 8.417672e-01 -1.568756e-01 -3.497077e-01 -7.494442e-01
3.090000e+11 8.251248e-01 -1.605482e-01 -3.667579e-01 -7.214872e-01
3.100000e+11 8.066897e-01 -1.532860e-01 -3.830146e-01 -6.932182e-01
3.110000e+11 7.879448e-01 -1.363379e-01 -3.966598e-01 -6.670308e-01
3.120000e+11 7.708924e-01 -1.114804e-01 -4.066593e-01 -6.453491e-01
3.130000e+11 7.576264e-01 -8.056527e-02 -4.125475e-01 -6.303266e-01
3.140000e+11 7.499527e-01 -4.522632e-02 -4.140511e-01 -6.236547e-01
3.150000e+11 7.491105e-01 -6.835704e-03 -4.106918e-01 -6.264600e-01
3.160000e+11 7.555475e-01 3.328738e-02 -4.014756e-01 -6.391881e-01
3.170000e+11 7.686697e-01 7.346933e-02 -3.847693e-01 -6.613682e-01
3.180000e+11 7.865629e-01 1.111903e-01 -3.584990e-01 -6.912282e-01
3.190000e+11 8.058570e-01 1.427512e-01 -3.208377e-01 -7.253211e-01
3.200000e+11 8.221041e-01 1.635039e-01 -2.714049e-01 -7.585915e-01
3.210000e+11 8.310032e-01 1.689810e-01 -2.125251e-01 -7.853947e-01
3.220000e+11 8.301936e-01 1.566533e-01 -1.495692e-01 -8.014426e-01
3.230000e+11 8.205022e-01 1.272011e-01 -8.966999e-02 -8.056073e-01
3.240000e+11 8.055848e-01 8.425353e-02 -3.942684e-02 -8.001960e-01
3.250000e+11 7.901819e-01 3.284102e-02 -3.171177e-03 -7.894927e-01
3.260000e+11 7.782389e-01 -2.216842e-02 1.730951e-02 -7.777305e-01
3.270000e+11 7.718135e-01 -7.673002e-02 2.203203e-02 -7.676739e-01
3.280000e+11 7.708219e-01 -1.274172e-01 1.200060e-02 -7.601232e-01
3.290000e+11 7.733086e-01 -1.709140e-01 -1.113254e-02 -7.541025e-01
3.300000e+11 7.760748e-01 -2.037739e-01 -4.492523e-02 -7.474958e-01
3.310000e+11 7.756865e-01 -2.227683e-01 -8.588712e-02 -7.380293e-01
3.320000e+11 7.697416e-01 -2.257404e-01 -1.295797e-01 -7.243980e-01
3.330000e+11 7.579138e-01 -2.124209e-01 -1.713027e-01 -7.070828e-01
3.340000e+11 7.421789e-01 -1.845478e-01 -2.070697e-01 -6.883994e-01
3.350000e+11 7.260910e-01 -1.451343e-01 -2.342427e-01 -6.717697e-01
3.360000e+11 7.136006e-01 -9.739396e-02 -2.514380e-01 -6.606960e-01
3.370000e+11 7.080163e-01 -4.400775e-02 -2.578491e-01 -6.579242e-01
3.380000e+11 7.113176e-01 1.290996e-02 -2.524319e-01 -6.648941e-01
3.390000e+11 7.236236e-01 7.116336e-02 -2.333911e-01 -6.812456e-01
3.400000e+11 7.425950e-01 1.273849e-01 -1.983703e-01 -7.041801e-01
3.410000e+11 7.629724e-01 1.760492e-01 -1.457378e-01 -7.279382e-01
3.420000e+11 7.771751e-01 2.096612e-01 -7.691978e-02 -7.443969e-01
3.430000e+11 7.780011e-01 2.211837e-01 1.633309e-03 -7.458960e-01
3.440000e+11 7.626264e-01 2.078722e-01 7.938615e-02 -7.294423e-01
3.450000e+11 7.345831e-01 1.731690e-01 1.460757e-01 -6.987751e-01
3.460000e+11 7.016080e-01 1.245250e-01 1.959625e-01 -6.620770e-01
3.470000e+11 6.716000e-01 6.939114e-02 2.285154e-01 -6.277039e-01
3.480000e+11 6.500513e-01 1.276888e-02 2.461822e-01 -6.014965e-01
3.490000e+11 6.396631e-01 -4.291374e-02 2.518679e-01 -5.864212e-01
3.500000e+11 6.409522e-01 -9.671299e-02 2.474918e-01 -5.832788e-01
3.510000e+11 6.527754e-01 -1.478704e-01 2.335901e-01 -5.913422e-01
3.520000e+11 6.724395e-01 -1.946987e-01 2.096122e-01 -6.085475e-01
3.530000e+11 6.956331e-01 -2.338520e-01 1.747598e-01 -6.314093e-01
3.540000e+11 7.167773e-01 -2.603656e-01 1.292907e-01 -6.551819e-01
3.550000e+11 7.304141e-01 -2.689082e-01 7.584389e-02 -6.748636e-01
3.560000e+11 7.334837e-01 -2.560034e-01 1.983196e-02 -6.870715e-01
3.570000e+11 7.270801e-01 -2.217822e-01 -3.176907e-02 -6.917000e-01
3.580000e+11 7.161378e-01 -1.697567e-01 -7.249930e-02 -6.919392e-01
3.590000e+11 7.071976e-01 -1.049000e-01 -9.769564e-02 -6.925171e-01
3.600000e+11 7.058138e-01 -3.187474e-02 -1.042228e-01 -6.973484e-01
3.610000e+11 7.146178e-01 4.513638e-02 -8.948474e-02 -7.075548e-01
3.620000e+11 7.318630e-01 1.209113e-01 -5.123497e-02 -7.199853e-01
3.630000e+11 7.504170e-01 1.871589e-01 1.056856e-02 -7.266261e-01
3.640000e+11 7.588503e-01 2.325521e-01 9.014684e-02 -7.166916e-01
3.650000e+11 7.468725e-01 2.474131e-01 1.741878e-01 -6.828352e-01
3.660000e+11 7.126677e-01 2.306029e-01 2.467385e-01 -6.275648e-01
3.670000e+11 6.643786e-01 1.907718e-01 2.979445e-01 -5.623470e-01
3.680000e+11 6.139201e-01 1.400577e-01 3.275474e-01 -4.999944e-01
3.690000e+11 5.705297e-01 8.758589e-02 3.411955e-01 -4.487967e-01
3.700000e+11 5.389711e-01 3.765750e-02 3.454330e-01 -4.120046e-01
3.710000e+11 5.208202e-01 -8.938292e-03 3.451474e-01 -3.899321e-01
3.720000e+11 5.161384e-01 -5.314706e-02 3.431113e-01 -3.819017e-01
3.730000e+11 5.244577e-01 -9.639419e-02 3.402746e-01 -3.872690e-01
3.740000e+11 5.450272e-01 -1.397499e-01 3.360634e-01 -4.056920e-01
3.750000e+11 5.764736e-01 -1.831657e-01 3.285236e-01 -4.368573e-01
3.760000e+11 6.160294e-01 -2.245663e-01 3.145157e-01 -4.797313e-01
3.770000e+11 6.587087e-01 -2.589839e-01 2.904431e-01 -5.314766e-01
3.780000e+11 6.973818e-01 -2.786064e-01 2.540405e-01 -5.866713e-01
3.790000e+11 7.249616e-01 -2.749379e-01 2.069526e-01 -6.380824e-01
3.800000e+11 7.383799e-01 -2.428088e-01 1.562368e-01 -6.795873e-01
3.810000e+11 7.411598e-01 -1.832253e-01 1.127870e-01 -7.092428e-01
3.820000e+11 7.415236e-01 -1.024253e-01 8.763681e-02 -7.291681e-01
3.830000e+11 7.471258e-01 -9.015669e-03 8.915965e-02 -7.417319e-01
3.840000e+11 7.597084e-01 8.679272e-02 1.216526e-01 -7.448654e-01
3.850000e+11 7.718736e-01 1.713076e-01 1.827870e-01 -7.300900e-01
3.860000e+11 7.689057e-01 2.277183e-01 2.597598e-01 -6.869390e-01
3.870000e+11 7.387325e-01 2.441438e-01 3.309713e-01 -6.136590e-01
3.880000e+11 6.830860e-01 2.234192e-01 3.782108e-01 -5.231127e-01
3.890000e+11 6.158988e-01 1.807272e-01 3.976067e-01 -4.342556e-01
3.900000e+11 5.518073e-01 1.317413e-01 3.969210e-01 -3.599851e-01
3.910000e+11 4.991827e-01 8.550827e-02 3.864054e-01 -3.042411e-01
3.920000e+11 4.606603e-01 4.492256e-02 3.736170e-01 -2.657069e-01
3.930000e+11 4.360030e-01 9.568425e-03 3.628402e-01 -2.415659e-01
3.940000e+11 4.241819e-01 -2.221203e-02 3.561278e-01 -2.293685e-01
3.950000e+11 4.243515e-01 -5.233680e-02 3.542891e-01 -2.276275e-01
3.960000e+11 4.361618e-01 -8.260336e-02 3.574431e-01 -2.358988e-01
3.970000e+11 4.597179e-01 -1.144870e-01 3.651783e-01 -2.547116e-01
3.980000e+11 4.952651e-01 -1.488264e-01 3.764017e-01 -2.854120e-01
3.990000e+11 5.425068e-01 -1.851525e-01 3.889496e-01 -3.297733e-01
4.000000e+11 5.994478e-01 -2.205048e-01 3.991848e-01 -3.890590e-01
4.010000e+11 6.610565e-01 -2.480282e-01 4.022380e-01 -4.622578e-01
4.020000e+11 7.190865e-01 -2.567655e-01 3.940327e-01 -5.439624e-01
4.030000e+11 7.650790e-01 -2.348911e-01 3.754130e-01 -6.238887e-01
4.040000e+11 7.958614e-01 -1.762892e-01 3.554660e-01 -6.898995e-01
4.050000e+11 8.155101e-01 -8.563713e-02 3.491811e-01 -7.319805e-01
4.060000e+11 8.289436e-01 2.158266e-02 3.689091e-01 -7.420160e-01
4.070000e+11 8.321733e-01 1.216390e-01 4.142068e-01 -7.114416e-01
4.080000e+11 8.113754e-01 1.883996e-01 4.668489e-01 -6.363079e-01
4.090000e+11 7.571607e-01 2.074079e-01 5.006771e-01 -5.287690e-01
4.100000e+11 6.781038e-01 1.865800e-01 5.025669e-01 -4.152579e-01
4.110000e+11 5.935919e-01 1.465788e-01 4.791967e-01 -3.181769e-01
4.120000e+11 5.186456e-01 1.042009e-01 4.448339e-01 -2.454756e-01
4.130000e+11 4.592708e-01 6.706828e-02 4.103757e-01 -1.949954e-01
4.140000e+11 4.157267e-01 3.664788e-02 3.813105e-01 -1.615176e-01
4.150000e+11 3.862019e-01 1.185815e-02 3.596074e-01 -1.403346e-01
4.160000e+11 3.687345e-01 -9.020963e-03 3.456319e-01 -1.281495e-01
4.170000e+11 3.619095e-01 -2.765466e-02 3.392481e-01 -1.229814e-01
4.180000e+11 3.650277e-01 -4.549880e-02 3.403298e-01 -1.238981e-01
4.190000e+11 3.781024e-01 -6.381681e-02 3.489591e-01 -1.308294e-01
4.200000e+11 4.018042e-01 -8.369855e-02 3.654580e-01 -1.445047e-01
4.210000e+11 4.373452e-01 -1.059704e-01 3.902872e-01 -1.664843e-01
4.220000e+11 4.861828e-01 -1.308533e-01 4.237607e-01 -1.991933e-01
4.230000e+11 5.493112e-01 -1.571494e-01 4.654813e-01 -2.457113e-01
4.240000e+11 6.258702e-01 -1.807689e-01 5.135142e-01 -3.087707e-01
4.250000e+11 7.112015e-01 -1.930083e-01 5.638329e-01 -3.881338e-01
4.260000e+11 7.957689e-01 -1.807540e-01 6.114260e-01 -4.761663e-01
4.270000e+11 8.671789e-01 -1.324702e-01 6.536831e-01 -5.542106e-01
4.280000e+11 9.138959e-01 -5.023877e-02 6.915976e-01 -5.952936e-01
4.290000e+11 9.249204e-01 4.209889e-02 7.220947e-01 -5.764414e-01
4.300000e+11 8.897882e-01 1.091495e-01 7.301462e-01 -4.966849e-01
4.310000e+11 8.101801e-01 1.309979e-01 7.010539e-01 -3.843888e-01
4.320000e+11 7.069063e-01 1.166187e-01 6.399006e-01 -2.768461e-01
4.330000e+11 6.049773e-01 8.718720e-02 5.662388e-01 -1.943440e-01
4.340000e+11 5.187447e-01 5.746033e-02 4.966767e-01 -1.382269e-01
4.350000e+11 4.517720e-01 3.295351e-02 4.388465e-01 -1.021065e-01
4.360000e+11 4.024100e-01 1.415442e-02 3.942535e-01 -7.935806e-02
4.370000e+11 3.677022e-01 -1.146170e-04 3.618683e-01 -6.523962e-02
4.380000e+11 3.450021e-01 -1.123915e-02 3.401122e-01 -5.677840e-02
4.390000e+11 3.324194e-01 -2.038492e-02 3.276567e-01 -5.223211e-02
4.400000e+11 3.288507e-01 -2.845144e-02 3.236780e-01 -5.065445e-02
4.410000e+11 3.339203e-01 -3.612674e-02 3.279208e-01 -5.162956e-02
4.420000e+11 3.479398e-01 -4.394453e-02 3.407212e-01 -5.513656e-02
4.430000e+11 3.719102e-01 -5.230626e-02 3.630409e-01 -6.150260e-02
4.440000e+11 4.075480e-01 -6.143752e-02 3.965117e-01 -7.140926e-02
4.450000e+11 4.572560e-01 -7.122440e-02 4.434309e-01 -8.590215e-02
4.460000e+11 5.238444e-01 -8.083736e-02 5.065403e-01 -1.062787e-01
4.470000e+11 6.095666e-01 -8.805461e-02 5.882061e-01 -1.335344e-01
4.480000e+11 7.137037e-01 -8.848085e-02 6.882931e-01 -1.667236e-01
4.490000e+11 8.279837e-01 -7.594321e-02 7.999519e-01 -1.996661e-01
4.500000e+11 9.311322e-01 -4.697745e-02 9.040415e-01 -2.179659e-01
4.510000e+11 9.896867e-01 -9.438235e-03 9.682993e-01 -2.044192e-01
4.520000e+11 9.758967e-01 1.754337e-02 9.629797e-01 -1.572786e-01
4.530000e+11 8.937362e-01 2.218250e-02 8.880558e-01 -9.812796e-02
4.540000e+11 7.769884e-01 1.107998e-02 7.752820e-01 -5.025891e-02
4.550000e+11 6.598736e-01 -3.486383e-03 6.595417e-01 -2.063452e-02
4.560000e+11 5.600557e-01 -1.495736e-02 5.598329e-01 -5.073149e-03
4.570000e+11 4.816824e-01 -2.219680e-02 4.811654e-01 2.268198e-03
4.580000e+11 4.228642e-01 -2.613965e-02 4.220208e-01 5.413187e-03
4.590000e+11 3.802017e-01 -2.795027e-02 3.791157e-01 6.587063e-03
