# #nu(Hz) #T #rho #c #s
0.000000e+00 1.000000e+00 0.000000e+00 1.000000e+00 0.000000e+00
1.000000e+09 9.730505e-01 -5.661102e-03 9.724323e-01 3.421418e-02
2.000000e+09 9.017391e-01 -1.908039e-02 8.996646e-01 5.807731e-02
3.000000e+09 8.072362e-01 -3.330413e-02 8.036414e-01 6.842196e-02
4.000000e+09 7.093241e-01 -4.364844e-02 7.046607e-01 6.847376e-02
5.000000e+09 6.200069e-01 -4.906765e-02 6.148337e-01 6.309068e-02
6.000000e+09 5.441555e-01 -5.054119e-02 5.389132e-01 5.588619e-02
7.000000e+09 4.823975e-01 -4.948159e-02 4.773638e-01 4.881295e-02
8.000000e+09 4.334790e-01 -4.702982e-02 4.288006e-01 4.268824e-02
9.000000e+09 3.956042e-01 -4.392537e-02 3.913427e-01 3.773772e-02
1.000000e+10 3.670509e-01 -4.058236e-02 3.632186e-01 3.393618e-02
1.100000e+10 3.463998e-01 -3.719430e-02 3.429826e-01 3.118259e-02
1.200000e+10 3.325902e-01 -3.381356e-02 3.295598e-01 2.938100e-02
1.300000e+10 3.249108e-01 -3.039973e-02 3.222296e-01 2.847726e-02
1.400000e+10 3.229755e-01 -2.684326e-02 3.205956e-01 2.847921e-02
1.500000e+10 3.267075e-01 -2.297126e-02 3.245633e-01 2.947584e-02
1.600000e+10 3.363384e-01 -1.854004e-02 3.343308e-01 3.166532e-02
1.700000e+10 3.524238e-01 -1.321771e-02 3.503920e-01 3.540144e-02
1.800000e+10 3.758732e-01 -6.561226e-03 3.735430e-01 4.127020e-02
1.900000e+10 4.079748e-01 2.000843e-03 4.048682e-01 5.021166e-02
2.000000e+10 4.503755e-01 1.314897e-02 4.456538e-01 6.370125e-02
2.100000e+10 5.049113e-01 2.754104e-02 4.971156e-01 8.398223e-02
2.200000e+10 5.730781e-01 4.540839e-02 5.597354e-01 1.142491e-01
2.300000e+10 6.547917e-01 6.562611e-02 6.319385e-01 1.584272e-01
2.400000e+10 7.461718e-01 8.413320e-02 7.081070e-01 2.197236e-01
2.500000e+10 8.370511e-01 9.255604e-02 7.771161e-01 2.969485e-01
2.600000e+10 9.111611e-01 7.993778e-02 8.244719e-01 3.795663e-01
2.700000e+10 9.523327e-01 4.022444e-02 8.397869e-01 4.473004e-01
2.800000e+10 9.533254e-01 -1.956703e-02 8.234535e-01 4.799697e-01
2.900000e+10 9.180595e-01 -8.146557e-02 7.840812e-01 4.705458e-01
3.000000e+10 8.566179e-01 -1.284191e-01 7.309465e-01 4.278084e-01
3.100000e+10 7.804462e-01 -1.532332e-01 6.708867e-01 3.681396e-01
3.200000e+10 7.000182e-01 -1.582718e-01 6.092395e-01 3.062722e-01
3.300000e+10 6.233525e-01 -1.501887e-01 5.504341e-01 2.510656e-01
3.400000e+10 5.552858e-01 -1.354310e-01 4.976050e-01 2.058883e-01
3.500000e+10 4.978304e-01 -1.184259e-01 4.523794e-01 1.707728e-01
3.600000e+10 4.511339e-01 -1.015957e-01 4.151701e-01 1.443394e-01
3.700000e+10 4.144114e-01 -8.598005e-02 3.856673e-01 1.249198e-01
3.800000e+10 3.865813e-01 -7.182350e-02 3.632560e-01 1.110474e-01
3.900000e+10 3.666142e-01 -5.896362e-02 3.472833e-01 1.016049e-01
4.000000e+10 3.536956e-01 -4.704294e-02 3.372006e-01 9.582962e-02
4.100000e+10 3.472905e-01 -3.560689e-02 3.326280e-01 9.328139e-02
4.200000e+10 3.471664e-01 -2.413575e-02 3.333774e-01 9.381622e-02
4.300000e+10 3.534063e-01 -1.204088e-02 3.394522e-01 9.758682e-02
4.400000e+10 3.664223e-01 1.356186e-03 3.510298e-01 1.050787e-01
4.500000e+10 3.869691e-01 1.684483e-02 3.684129e-01 1.171890e-01
4.600000e+10 4.161335e-01 3.531847e-02 3.919184e-01 1.353502e-01
4.700000e+10 4.552414e-01 5.767993e-02 4.216366e-01 1.616797e-01
4.800000e+10 5.055529e-01 8.453532e-02 4.569556e-01 1.990706e-01
4.900000e+10 5.675220e-01 1.154653e-01 4.957414e-01 2.509771e-01
5.000000e+10 6.393884e-01 1.476659e-01 5.332675e-01 3.203717e-01
5.100000e+10 7.153217e-01 1.742286e-01 5.616888e-01 4.072287e-01
5.200000e+10 7.847421e-01 1.837631e-01 5.719622e-01 5.048867e-01
5.300000e+10 8.356477e-01 1.643102e-01 5.595231e-01 5.985341e-01
5.400000e+10 8.616328e-01 1.113309e-01 5.299548e-01 6.701973e-01
5.500000e+10 8.655225e-01 3.261243e-02 4.970347e-01 7.078291e-01
5.600000e+10 8.546229e-01 -5.549651e-02 4.733734e-01 7.093787e-01
5.700000e+10 8.335948e-01 -1.358425e-01 4.631680e-01 6.796341e-01
5.800000e+10 8.026239e-01 -1.958252e-01 4.623000e-01 6.262080e-01
5.900000e+10 7.606930e-01 -2.296884e-01 4.631086e-01 5.580569e-01
6.000000e+10 7.091620e-01 -2.386246e-01 4.594372e-01 4.846509e-01
6.100000e+10 6.523639e-01 -2.286577e-01 4.490918e-01 4.142594e-01
6.200000e+10 5.957014e-01 -2.072847e-01 4.333017e-01 3.523390e-01
6.300000e+10 5.436069e-01 -1.808194e-01 4.148100e-01 3.012399e-01
6.400000e+10 4.987269e-01 -1.533786e-01 3.963044e-01 2.610485e-01
6.500000e+10 4.621450e-01 -1.270796e-01 3.797449e-01 2.307003e-01
6.600000e+10 4.339755e-01 -1.026613e-01 3.663249e-01 2.088097e-01
6.700000e+10 4.138993e-01 -8.005322e-02 3.566765e-01 1.941287e-01
6.800000e+10 4.015226e-01 -5.875254e-02 3.510942e-01 1.857455e-01
6.900000e+10 3.965828e-01 -3.802929e-02 3.496944e-01 1.831543e-01
7.000000e+10 3.990556e-01 -1.701940e-02 3.524989e-01 1.862800e-01
7.100000e+10 4.092039e-01 5.239999e-03 3.594420e-01 1.955040e-01
7.200000e+10 4.275786e-01 2.978429e-02 3.702949e-01 2.117025e-01
7.300000e+10 4.549453e-01 5.764544e-02 3.844782e-01 2.362810e-01
7.400000e+10 4.920635e-01 8.963442e-02 4.007207e-01 2.711367e-01
7.500000e+10 5.391777e-01 1.258373e-01 4.165424e-01 3.183864e-01
7.600000e+10 5.950667e-01 1.646701e-01 4.276852e-01 3.795701e-01
7.700000e+10 6.557226e-01 2.015673e-01 4.280140e-01 4.540339e-01
7.800000e+10 7.135011e-01 2.281613e-01 4.109601e-01 5.367849e-01
7.900000e+10 7.585990e-01 2.338321e-01 3.732798e-01 6.176222e-01
8.000000e+10 7.838429e-01 2.106511e-01 3.192723e-01 6.841791e-01
8.100000e+10 7.895407e-01 1.585357e-01 2.607913e-01 7.281682e-01
8.200000e+10 7.830564e-01 8.534883e-02 2.115844e-01 7.490827e-01
8.300000e+10 7.733305e-01 2.198968e-03 1.811401e-01 7.518135e-01
8.400000e+10 7.657698e-01 -8.077196e-02 1.726989e-01 7.416565e-01
8.500000e+10 7.606387e-01 -1.554782e-01 1.844528e-01 7.213701e-01
8.600000e+10 7.542791e-01 -2.154258e-01 2.112301e-01 6.913108e-01
8.700000e+10 7.417213e-01 -2.558110e-01 2.458846e-01 6.513463e-01
8.800000e+10 7.195356e-01 -2.745780e-01 2.809374e-01 6.028371e-01
8.900000e+10 6.876198e-01 -2.732430e-01 3.105196e-01 5.493058e-01
9.000000e+10 6.490180e-01 -2.562874e-01 3.317058e-01 4.954922e-01
9.100000e+10 6.082527e-01 -2.293396e-01 3.444803e-01 4.457668e-01
9.200000e+10 5.695657e-01 -1.973853e-01 3.506559e-01 4.030937e-01
9.300000e+10 5.360048e-01 -1.638633e-01 3.526388e-01 3.689118e-01
9.400000e+10 5.093605e-01 -1.306181e-01 3.526193e-01 3.435792e-01
9.500000e+10 4.905208e-01 -9.826482e-02 3.522411e-01 3.269264e-01
9.600000e+10 4.798890e-01 -6.661036e-02 3.525555e-01 3.186865e-01
9.700000e+10 4.777005e-01 -3.498214e-02 3.540702e-01 3.187607e-01
9.800000e+10 4.842050e-01 -2.456578e-03 3.567749e-01 3.273532e-01
9.900000e+10 4.997083e-01 3.195443e-02 3.600848e-01 3.450017e-01
1.000000e+11 5.244556e-01 6.907104e-02 3.626813e-01 3.724850e-01
1.010000e+11 5.582955e-01 1.091585e-01 3.622732e-01 4.105318e-01
1.020000e+11 6.000592e-01 1.512882e-01 3.554098e-01 4.592023e-01
1.030000e+11 6.467104e-01 1.924845e-01 3.376783e-01 5.168728e-01
1.040000e+11 6.927133e-01 2.270979e-01 3.048208e-01 5.791049e-01
1.050000e+11 7.306195e-01 2.474055e-01 2.550449e-01 6.383944e-01
1.060000e+11 7.537092e-01 2.462769e-01 1.915167e-01 6.861098e-01
1.070000e+11 7.596144e-01 2.208482e-01 1.226240e-01 7.163822e-01
1.080000e+11 7.518392e-01 1.741386e-01 5.880206e-02 7.290269e-01
1.090000e+11 7.375916e-01 1.130558e-01 8.300436e-03 7.288284e-01
1.100000e+11 7.240359e-01 4.493441e-02 -2.477405e-02 7.222155e-01
1.110000e+11 7.157985e-01 -2.453141e-02 -3.971956e-02 7.142745e-01
1.120000e+11 7.143587e-01 -9.136310e-02 -3.762105e-02 7.074926e-01
1.130000e+11 7.184740e-01 -1.523958e-01 -2.030287e-02 7.018321e-01
1.140000e+11 7.249369e-01 -2.044641e-01 9.860066e-03 6.954356e-01
1.150000e+11 7.295514e-01 -2.442571e-01 4.966758e-02 6.856507e-01
1.160000e+11 7.284007e-01 -2.689469e-01 9.495058e-02 6.702384e-01
1.170000e+11 7.191703e-01 -2.772020e-01 1.410009e-01 6.484471e-01
1.180000e+11 7.019343e-01 -2.698438e-01 1.835333e-01 6.214593e-01
1.190000e+11 6.789563e-01 -2.496037e-01 2.196338e-01 5.919803e-01
1.200000e+11 6.537006e-01 -2.201298e-01 2.481271e-01 5.632941e-01
1.210000e+11 6.297183e-01 -1.848798e-01 2.692645e-01 5.383876e-01
1.220000e+11 6.099356e-01 -1.464257e-01 2.840613e-01 5.195096e-01
1.230000e+11 5.964405e-01 -1.062723e-01 2.936533e-01 5.081488e-01
1.240000e+11 5.905780e-01 -6.502174e-02 2.988452e-01 5.052189e-01
1.250000e+11 5.931216e-01 -2.269172e-02 2.998416e-01 5.112469e-01
1.260000e+11 6.043593e-01 2.090736e-02 2.960957e-01 5.264413e-01
1.270000e+11 6.240073e-01 6.574189e-02 2.862444e-01 5.505699e-01
1.280000e+11 6.509221e-01 1.110445e-01 2.681831e-01 5.826204e-01
1.290000e+11 6.826807e-01 1.547624e-01 2.394394e-01 6.202986e-01
1.300000e+11 7.152846e-01 1.931914e-01 1.980354e-01 6.596144e-01
1.310000e+11 7.434759e-01 2.212585e-01 1.438217e-01 6.950657e-01
1.320000e+11 7.620871e-01 2.338620e-01 7.969019e-02 7.209263e-01
1.330000e+11 7.681038e-01 2.279397e-01 1.158919e-02 7.334116e-01
1.340000e+11 7.621206e-01 2.039454e-01 -5.321157e-02 7.323951e-01
1.350000e+11 7.479884e-01 1.655368e-01 -1.086248e-01 7.213077e-01
1.360000e+11 7.309673e-01 1.177958e-01 -1.512951e-01 7.053702e-01
1.370000e+11 7.157980e-01 6.540937e-02 -1.805024e-01 6.895704e-01
1.380000e+11 7.056674e-01 1.179879e-02 -1.970915e-01 6.774823e-01
1.390000e+11 7.020456e-01 -4.081601e-02 -2.023832e-01 6.710016e-01
1.400000e+11 7.049322e-01 -9.089755e-02 -1.975371e-01 6.705566e-01
1.410000e+11 7.131633e-01 -1.370275e-01 -1.833959e-01 6.754194e-01
1.420000e+11 7.246899e-01 -1.775239e-01 -1.606686e-01 6.839930e-01
1.430000e+11 7.369012e-01 -2.103507e-01 -1.302910e-01 6.941183e-01
1.440000e+11 7.470950e-01 -2.333602e-01 -9.378330e-02 7.034904e-01
1.450000e+11 7.530932e-01 -2.447953e-01 -5.341554e-02 7.101911e-01
1.460000e+11 7.538278e-01 -2.438298e-01 -1.204736e-02 7.132029e-01
1.470000e+11 7.496363e-01 -2.308535e-01 2.731832e-02 7.126815e-01
1.480000e+11 7.421105e-01 -2.073380e-01 6.204801e-02 7.098514e-01
1.490000e+11 7.335904e-01 -1.753706e-01 9.019923e-02 7.065863e-01
1.500000e+11 7.265534e-01 -1.371236e-01 1.105349e-01 7.048822e-01
1.510000e+11 7.231206e-01 -9.449862e-02 1.222996e-01 7.064108e-01
1.520000e+11 7.247488e-01 -4.904576e-02 1.249199e-01 7.122151e-01
1.530000e+11 7.320523e-01 -2.127743e-03 1.177836e-01 7.225116e-01
1.540000e+11 7.446735e-01 4.476179e-02 1.002060e-01 7.365417e-01
1.550000e+11 7.611788e-01 8.964821e-02 7.164793e-02 7.524778e-01
1.560000e+11 7.790649e-01 1.298597e-01 3.218784e-02 7.674910e-01
1.570000e+11 7.950515e-01 1.621508e-01 -1.688417e-02 7.781574e-01
1.580000e+11 8.057981e-01 1.833030e-01 -7.266984e-02 7.813000e-01
1.590000e+11 8.089242e-01 1.910740e-01 -1.308595e-01 7.750644e-01
1.600000e+11 8.038668e-01 1.850166e-01 -1.866502e-01 7.596923e-01
1.610000e+11 7.920537e-01 1.666389e-01 -2.359873e-01 7.374893e-01
1.620000e+11 7.762925e-01 1.387991e-01 -2.764450e-01 7.119993e-01
1.630000e+11 7.597935e-01 1.047536e-01 -3.073529e-01 6.869112e-01
1.640000e+11 7.453530e-01 6.738448e-02 -3.293146e-01 6.652536e-01
1.650000e+11 7.349455e-01 2.885809e-02 -3.435336e-01 6.490738e-01
1.660000e+11 7.296643e-01 -9.344869e-03 -3.512682e-01 6.394789e-01
1.670000e+11 7.298338e-01 -4.620529e-02 -3.535225e-01 6.368236e-01
1.680000e+11 7.351595e-01 -8.089838e-02 -3.509501e-01 6.408970e-01
1.690000e+11 7.448537e-01 -1.125695e-01 -3.439035e-01 6.510496e-01
1.700000e+11 7.577459e-01 -1.401963e-01 -3.325783e-01 6.662699e-01
1.710000e+11 7.724096e-01 -1.625622e-01 -3.172100e-01 6.852503e-01
1.720000e+11 7.873409e-01 -1.783496e-01 -2.982839e-01 7.064869e-01
1.730000e+11 8.011928e-01 -1.863402e-01 -2.767033e-01 7.284384e-01
1.740000e+11 8.130234e-01 -1.856636e-01 -2.538592e-01 7.497277e-01
1.750000e+11 8.224775e-01 -1.760118e-01 -2.315664e-01 7.693284e-01
1.760000e+11 8.298220e-01 -1.577408e-01 -2.118805e-01 7.866569e-01
1.770000e+11 8.358062e-01 -1.318339e-01 -1.968547e-01 8.015236e-01
1.780000e+11 8.413856e-01 -9.977058e-02 -1.883094e-01 8.139503e-01
1.790000e+11 8.473925e-01 -6.337934e-02 -1.876509e-01 8.239201e-01
1.800000e+11 8.542425e-01 -2.473489e-02 -1.957353e-01 8.311475e-01
1.810000e+11 8.617450e-01 1.389321e-02 -2.127459e-01 8.349554e-01
1.820000e+11 8.690695e-01 5.009278e-02 -2.380733e-01 8.343222e-01
1.830000e+11 8.748995e-01 8.143973e-02 -2.702428e-01 8.281217e-01
1.840000e+11 8.777714e-01 1.057559e-01 -3.069762e-01 8.155145e-01
1.850000e+11 8.765192e-01 1.214573e-01 -3.454680e-01 7.963579e-01
1.860000e+11 8.706730e-01 1.278626e-01 -3.828607e-01 7.714534e-01
1.870000e+11 8.606407e-01 1.253052e-01 -4.167743e-01 7.424960e-01
1.880000e+11 8.476041e-01 1.149791e-01 -4.456852e-01 7.117423e-01
1.890000e+11 8.331995e-01 9.859177e-02 -4.690280e-01 6.815524e-01
1.900000e+11 8.191423e-01 7.797693e-02 -4.870345e-01 6.539963e-01
1.910000e+11 8.069322e-01 5.480407e-02 -5.004359e-01 6.306346e-01
1.920000e+11 7.976943e-01 3.043740e-02 -5.101616e-01 6.124744e-01
1.930000e+11 7.921397e-01 5.924001e-03 -5.171141e-01 6.000360e-01
1.940000e+11 7.905957e-01 -1.793978e-02 -5.220397e-01 5.934597e-01
1.950000e+11 7.930643e-01 -4.051271e-02 -5.254820e-01 5.926030e-01
1.960000e+11 7.992808e-01 -6.121735e-02 -5.277916e-01 5.971082e-01
1.970000e+11 8.087681e-01 -7.947291e-02 -5.291719e-01 6.064380e-01
1.980000e+11 8.208871e-01 -9.466256e-02 -5.297460e-01 6.198901e-01
1.990000e+11 8.348915e-01 -1.061407e-01 -5.296346e-01 6.366044e-01
2.000000e+11 8.499928e-01 -1.132802e-01 -5.290316e-01 6.555767e-01
2.010000e+11 8.654315e-01 -1.155517e-01 -5.282652e-01 6.756888e-01
2.020000e+11 8.805459e-01 -1.126222e-01 -5.278263e-01 6.957562e-01
2.030000e+11 8.948190e-01 -1.044484e-01 -5.283524e-01 7.145874e-01
2.040000e+11 9.078890e-01 -9.134520e-02 -5.305596e-01 7.310438e-01
2.050000e+11 9.195182e-01 -7.401106e-02 -5.351328e-01 7.440893e-01
2.060000e+11 9.295290e-01 -5.350432e-02 -5.425933e-01 7.528306e-01
2.070000e+11 9.377337e-01 -3.117153e-02 -5.531734e-01 7.565527e-01
2.080000e+11 9.438892e-01 -8.534914e-03 -5.667302e-01 7.547654e-01
2.090000e+11 9.477007e-01 1.285172e-02 -5.827257e-01 7.472632e-01
2.100000e+11 9.488821e-01 3.156457e-02 -6.002883e-01 7.341900e-01
2.110000e+11 9.472532e-01 4.646574e-02 -6.183502e-01 7.160813e-01
2.120000e+11 9.428392e-01 5.682308e-02 -6.358322e-01 6.938547e-01
2.130000e+11 9.359318e-01 6.236500e-02 -6.518264e-01 6.687310e-01
2.140000e+11 9.270854e-01 6.325710e-02 -6.657295e-01 6.420982e-01
2.150000e+11 9.170530e-01 6.001159e-02 -6.772960e-01 6.153495e-01
2.160000e+11 9.066830e-01 5.336010e-02 -6.866109e-01 5.897392e-01
2.170000e+11 8.968118e-01 4.412570e-02 -6.940071e-01 5.662848e-01
2.180000e+11 8.881762e-01 3.312164e-02 -6.999607e-01 5.457242e-01
2.190000e+11 8.813589e-01 2.108836e-02 -7.049932e-01 5.285199e-01
2.200000e+11 8.767656e-01 8.666789e-03 -7.095979e-01 5.148919e-01
2.210000e+11 8.746254e-01 -3.601890e-03 -7.141933e-01 5.048609e-01
2.220000e+11 8.750053e-01 -1.526182e-02 -7.191022e-01 4.982903e-01
2.230000e+11 8.778311e-01 -2.592373e-02 -7.245485e-01 4.949191e-01
2.240000e+11 8.829110e-01 -3.524909e-02 -7.306660e-01 4.943850e-01
2.250000e+11 8.899581e-01 -4.294172e-02 -7.375143e-01 4.962400e-01
2.260000e+11 8.986133e-01 -4.874872e-02 -7.450962e-01 4.999611e-01
2.270000e+11 9.084678e-01 -5.247057e-02 -7.533756e-01 5.049610e-01
2.280000e+11 9.190851e-01 -5.397827e-02 -7.622918e-01 5.106026e-01
2.290000e+11 9.300227e-01 -5.323390e-02 -7.717686e-01 5.162187e-01
2.300000e+11 9.408510e-01 -5.030954e-02 -7.817175e-01 5.211404e-01
2.310000e+11 9.511695e-01 -4.539942e-02 -7.920352e-01 5.247309e-01
2.320000e+11 9.606203e-01 -3.882038e-02 -8.025971e-01 5.264240e-01
2.330000e+11 9.688979e-01 -3.099795e-02 -8.132500e-01 5.257630e-01
2.340000e+11 9.757576e-01 -2.243758e-02 -8.238094e-01 5.224342e-01
2.350000e+11 9.810244e-01 -1.368387e-02 -8.340644e-01 5.162927e-01
2.360000e+11 9.846007e-01 -5.273035e-03 -8.437917e-01 5.073719e-01
2.370000e+11 9.864742e-01 2.314199e-03 -8.527781e-01 4.958785e-01
2.380000e+11 9.867212e-01 8.692140e-03 -8.608465e-01 4.821686e-01
2.390000e+11 9.855044e-01 1.359626e-02 -8.678799e-01 4.667104e-01
2.400000e+11 9.830625e-01 1.689309e-02 -8.738378e-01 4.500377e-01
2.410000e+11 9.796920e-01 1.857424e-02 -8.787616e-01 4.327001e-01
2.420000e+11 9.757233e-01 1.873799e-02 -8.827672e-01 4.152191e-01
2.430000e+11 9.714945e-01 1.756349e-02 -8.860288e-01 3.980528e-01
2.440000e+11 9.673268e-01 1.528268e-02 -8.887572e-01 3.815733e-01
2.450000e+11 9.635034e-01 1.215441e-02 -8.911757e-01 3.660558e-01
2.460000e+11 9.602556e-01 8.443000e-03 -8.934998e-01 3.516783e-01
2.470000e+11 9.577541e-01 4.402470e-03 -8.959198e-01 3.385281e-01
2.480000e+11 9.561072e-01 2.659250e-04 -8.985904e-01 3.266133e-01
2.490000e+11 9.553628e-01 -3.760891e-03 -9.016244e-01 3.158755e-01
2.500000e+11 9.555142e-01 -7.503132e-03 -9.050913e-01 3.062038e-01
2.510000e+11 9.565087e-01 -1.081860e-02 -9.090198e-01 2.974472e-01
2.520000e+11 9.582567e-01 -1.359852e-02 -9.134019e-01 2.894270e-01
2.530000e+11 9.606417e-01 -1.576772e-02 -9.181990e-01 2.819477e-01
2.540000e+11 9.635301e-01 -1.728439e-02 -9.233485e-01 2.748075e-01
2.550000e+11 9.667806e-01 -1.813918e-02 -9.287707e-01 2.678074e-01
2.560000e+11 9.702525e-01 -1.835343e-02 -9.343752e-01 2.607604e-01
2.570000e+11 9.738127e-01 -1.797632e-02 -9.400671e-01 2.534991e-01
2.580000e+11 9.773415e-01 -1.708073e-02 -9.457519e-01 2.458820e-01
2.590000e+11 9.807368e-01 -1.575795e-02 -9.513402e-01 2.377984e-01
2.600000e+11 9.839165e-01 -1.411150e-02 -9.567513e-01 2.291715e-01
2.610000e+11 9.868198e-01 -1.225034e-02 -9.619155e-01 2.199585e-01
2.620000e+11 9.894065e-01 -1.028229e-02 -9.667764e-01 2.101500e-01
2.630000e+11 9.916563e-01 -8.307887e-03 -9.712914e-01 1.997655e-01
2.640000e+11 9.935656e-01 -6.415412e-03 -9.754318e-01 1.888493e-01
2.650000e+11 9.951449e-01 -4.677231e-03 -9.791823e-01 1.774644e-01
2.660000e+11 9.964156e-01 -3.147750e-03 -9.825388e-01 1.656855e-01
2.670000e+11 9.974059e-01 -1.862889e-03 -9.855070e-01 1.535936e-01
2.680000e+11 9.981478e-01 -8.409297e-04 -9.880998e-01 1.412693e-01
2.690000e+11 9.986742e-01 -8.447678e-05 -9.903351e-01 1.287892e-01
2.700000e+11 9.990165e-01 4.168125e-04 -9.922330e-01 1.162215e-01
2.710000e+11 9.992026e-01 6.830476e-04 -9.938146e-01 1.036239e-01
2.720000e+11 9.992561e-01 7.407951e-04 -9.950997e-01 9.104296e-02
2.730000e+11 9.991960e-01 6.199028e-04 -9.961064e-01 7.851353e-02
2.740000e+11 9.990367e-01 3.506688e-04 -9.968502e-01 6.605995e-02
2.750000e+11 9.987885e-01 -3.848839e-05 -9.973440e-01 5.369745e-02
2.760000e+11 9.984584e-01 -5.227573e-04 -9.975981e-01 4.143417e-02
2.770000e+11 9.980510e-01 -1.082005e-03 -9.976210e-01 2.927334e-02
2.780000e+11 9.975694e-01 -1.701187e-03 -9.974194e-01 1.721552e-02
2.790000e+11 9.970154e-01 -2.370116e-03 -9.969987e-01 5.260700e-03
2.800000e+11 9.963902e-01 -3.082679e-03 -9.963637e-01 -6.589901e-03
2.810000e+11 9.956946e-01 -3.835573e-03 -9.955185e-01 -1.833243e-02
2.820000e+11 9.949290e-01 -4.626712e-03 -9.944671e-01 -2.995953e-02
2.830000e+11 9.940933e-01 -5.453437e-03 -9.932134e-01 -4.145998e-02
2.840000e+11 9.931872e-01 -6.310698e-03 -9.917616e-01 -5.281904e-02
2.850000e+11 9.922100e-01 -7.189362e-03 -9.901164e-01 -6.401928e-02
2.860000e+11 9.911614e-01 -8.074826e-03 -9.882836e-01 -7.504208e-02
2.870000e+11 9.900420e-01 -8.946078e-03 -9.862705e-01 -8.586957e-02
2.880000e+11 9.888542e-01 -9.775331e-03 -9.840870e-01 -9.648703e-02
2.890000e+11 9.876034e-01 -1.052833e-02 -9.817460e-01 -1.068854e-01
2.900000e+11 9.862997e-01 -1.116539e-02 -9.792643e-01 -1.170640e-01
2.910000e+11 9.849588e-01 -1.164312e-02 -9.766631e-01 -1.270330e-01
2.920000e+11 9.836034e-01 -1.191684e-02 -9.739688e-01 -1.368154e-01
2.930000e+11 9.822641e-01 -1.194347e-02 -9.712122e-01 -1.464485e-01
2.940000e+11 9.809799e-01 -1.168481e-02 -9.684286e-01 -1.559845e-01
2.950000e+11 9.797973e-01 -1.111098e-02 -9.656563e-01 -1.654905e-01
2.960000e+11 9.787691e-01 -1.020369e-02 -9.629349e-01 -1.750464e-01
2.970000e+11 9.779524e-01 -8.959343e-03 -9.603024e-01 -1.847428e-01
2.980000e+11 9.774047e-01 -7.391629e-03 -9.577922e-01 -1.946774e-01
2.990000e+11 9.771797e-01 -5.533496e-03 -9.554293e-01 -2.049501e-01
3.000000e+11 9.773226e-01 -3.438472e-03 -9.532259e-01 -2.156571e-01
3.010000e+11 9.778636e-01 -1.181161e-03 -9.511778e-01 -2.268848e-01
3.020000e+11 9.788131e-01 1.143154e-03 -9.492603e-01 -2.387023e-01
3.030000e+11 9.801559e-01 3.419983e-03 -9.474258e-01 -2.511537e-01
3.040000e+11 9.818465e-01 5.518413e-03 -9.456026e-01 -2.642497e-01
3.050000e+11 9.838070e-01 7.295481e-03 -9.436953e-01 -2.779605e-01
3.060000e+11 9.859256e-01 8.602484e-03 -9.415886e-01 -2.922089e-01
3.070000e+11 9.880593e-01 9.293440e-03 -9.391530e-01 -3.068655e-01
3.080000e+11 9.900388e-01 9.235746e-03 -9.362532e-01 -3.217474e-01
3.090000e+11 9.916769e-01 8.322654e-03 -9.327596e-01 -3.366206e-01
3.100000e+11 9.927799e-01 6.486705e-03 -9.285592e-01 -3.512089e-01
3.110000e+11 9.931606e-01 3.712680e-03 -9.235679e-01 -3.652073e-01
3.120000e+11 9.926520e-01 4.815627e-05 -9.177393e-01 -3.783023e-01
3.130000e+11 9.911213e-01 -4.390409e-03 -9.110707e-01 -3.901954e-01
3.140000e+11 9.884806e-01 -9.417868e-03 -9.036044e-01 -4.006297e-01
3.150000e+11 9.846950e-01 -1.478791e-02 -8.954248e-01 -4.094143e-01
3.160000e+11 9.797879e-01 -2.020785e-02 -8.866505e-01 -4.164454e-01
3.170000e+11 9.738417e-01 -2.535920e-02 -8.774261e-01 -4.217202e-01
3.180000e+11 9.669964e-01 -2.992171e-02 -8.679117e-01 -4.253422e-01
3.190000e+11 9.594455e-01 -3.359759e-02 -8.582746e-01 -4.275179e-01
3.200000e+11 9.514295e-01 -3.613284e-02 -8.486824e-01 -4.285449e-01
3.210000e+11 9.432277e-01 -3.733333e-02 -8.392976e-01 -4.287941e-01
3.220000e+11 9.351484e-01 -3.707420e-02 -8.302734e-01 -4.286888e-01
3.230000e+11 9.275162e-01 -3.530249e-02 -8.217493e-01 -4.286818e-01
3.240000e+11 9.206588e-01 -3.203445e-02 -8.138455e-01 -4.292342e-01
3.250000e+11 9.148915e-01 -2.734919e-02 -8.066553e-01 -4.307964e-01
3.260000e+11 9.105007e-01 -2.138146e-02 -8.002365e-01 -4.337924e-01
3.270000e+11 9.077277e-01 -1.431559e-02 -7.946004e-01 -4.386056e-01
3.280000e+11 9.067510e-01 -6.382491e-03 -7.897011e-01 -4.455658e-01
3.290000e+11 9.076692e-01 2.139568e-03 -7.854252e-01 -4.549353e-01
3.300000e+11 9.104841e-01 1.092066e-02 -7.815846e-01 -4.668914e-01
3.310000e+11 9.150858e-01 1.957321e-02 -7.779153e-01 -4.815046e-01
3.320000e+11 9.212406e-01 2.764758e-02 -7.740843e-01 -4.987116e-01
3.330000e+11 9.285874e-01 3.463418e-02 -7.697102e-01 -5.182869e-01
3.340000e+11 9.366449e-01 3.997780e-02 -7.643979e-01 -5.398160e-01
3.350000e+11 9.448350e-01 4.310991e-02 -7.577895e-01 -5.626808e-01
3.360000e+11 9.525252e-01 4.350154e-02 -7.496258e-01 -5.860657e-01
3.370000e+11 9.590866e-01 4.073444e-02 -7.398066e-01 -6.089943e-01
3.380000e+11 9.639592e-01 3.458047e-02 -7.284353e-01 -6.303995e-01
3.390000e+11 9.667110e-01 2.507262e-02 -7.158302e-01 -6.492216e-01
3.400000e+11 9.670749e-01 1.254831e-02 -7.024911e-01 -6.645169e-01
3.410000e+11 9.649542e-01 -2.350012e-03 -6.890235e-01 -6.755573e-01
3.420000e+11 9.603987e-01 -1.872184e-02 -6.760381e-01 -6.819001e-01
3.430000e+11 9.535625e-01 -3.549591e-02 -6.640482e-01 -6.834190e-01
3.440000e+11 9.446632e-01 -5.154135e-02 -6.533948e-01 -6.802995e-01
3.450000e+11 9.339568e-01 -6.578280e-02 -6.442133e-01 -6.730061e-01
3.460000e+11 9.217345e-01 -7.730156e-02 -6.364469e-01 -6.622344e-01
3.470000e+11 9.083377e-01 -8.540910e-02 -6.298961e-01 -6.488556e-01
3.480000e+11 8.941773e-01 -8.968511e-02 -6.242872e-01 -6.338573e-01
3.490000e+11 8.797456e-01 -8.997844e-02 -6.193394e-01 -6.182838e-01
3.500000e+11 8.656111e-01 -8.637528e-02 -6.148143e-01 -6.031792e-01
3.510000e+11 8.523948e-01 -7.914514e-02 -6.105391e-01 -5.895378e-01
3.520000e+11 8.407332e-01 -6.867802e-02 -6.064021e-01 -5.782666e-01
3.530000e+11 8.312353e-01 -5.542682e-02 -6.023256e-01 -5.701613e-01
3.540000e+11 8.244392e-01 -3.986612e-02 -5.982251e-01 -5.658952e-01
3.550000e+11 8.207724e-01 -2.247409e-02 -5.939615e-01 -5.660141e-01
3.560000e+11 8.205137e-01 -3.740111e-03 -5.892956e-01 -5.709286e-01
3.570000e+11 8.237554e-01 1.580350e-02 -5.838518e-01 -5.808961e-01
3.580000e+11 8.303612e-01 3.553084e-02 -5.770981e-01 -5.959824e-01
3.590000e+11 8.399254e-01 5.466301e-02 -5.683568e-01 -6.160009e-01
3.600000e+11 8.517420e-01 7.221738e-02 -5.568590e-01 -6.404351e-01
3.610000e+11 8.648056e-01 8.699159e-02 -5.418589e-01 -6.683637e-01
3.620000e+11 8.778719e-01 9.761393e-02 -5.228117e-01 -6.984257e-01
3.630000e+11 8.895996e-01 1.026849e-01 -4.995905e-01 -7.288708e-01
3.640000e+11 8.987697e-01 1.010074e-01 -4.726833e-01 -7.577302e-01
3.650000e+11 9.045299e-01 9.185642e-02 -4.432844e-01 -7.830937e-01
3.660000e+11 9.065772e-01 7.520079e-02 -4.132080e-01 -8.034215e-01
3.670000e+11 9.051899e-01 5.178898e-02 -3.846181e-01 -8.177748e-01
3.680000e+11 9.010835e-01 2.306640e-02 -3.596527e-01 -8.258749e-01
3.690000e+11 8.951411e-01 -9.033251e-03 -3.400638e-01 -8.279811e-01
3.700000e+11 8.881268e-01 -4.233702e-02 -3.269708e-01 -8.246617e-01
3.710000e+11 8.804797e-01 -7.465002e-02 -3.207602e-01 -8.165689e-01
3.720000e+11 8.722460e-01 -1.039171e-01 -3.211094e-01 -8.043028e-01
3.730000e+11 8.631522e-01 -1.283459e-01 -3.270958e-01 -7.883954e-01
3.740000e+11 8.527837e-01 -1.465163e-01 -3.373602e-01 -7.693901e-01
3.750000e+11 8.408088e-01 -1.574824e-01 -3.503089e-01 -7.479588e-01
3.760000e+11 8.271774e-01 -1.608419e-01 -3.643310e-01 -7.249933e-01
3.770000e+11 8.122349e-01 -1.567383e-01 -3.779988e-01 -7.016235e-01
3.780000e+11 7.967212e-01 -1.457774e-01 -3.902071e-01 -6.791554e-01
3.790000e+11 7.816697e-01 -1.288720e-01 -4.002215e-01 -6.589555e-01
3.800000e+11 7.682509e-01 -1.070616e-01 -4.076328e-01 -6.423260e-01
3.810000e+11 7.576111e-01 -8.135754e-02 -4.122402e-01 -6.304074e-01
3.820000e+11 7.507396e-01 -5.265367e-02 -4.139004e-01 -6.241186e-01
3.830000e+11 7.483688e-01 -2.171738e-02 -4.123774e-01 -6.241227e-01
3.840000e+11 7.508915e-01 1.074062e-02 -4.072188e-01 -6.307896e-01
3.850000e+11 7.582734e-01 4.392994e-02 -3.976823e-01 -6.441254e-01
3.860000e+11 7.699488e-01 7.679911e-02 -3.827408e-01 -6.636509e-01
3.870000e+11 7.847168e-01 1.078507e-01 -3.612114e-01 -6.882405e-01
3.880000e+11 8.007011e-01 1.350296e-01 -3.320485e-01 -7.159839e-01
3.890000e+11 8.154802e-01 1.557975e-01 -2.948047e-01 -7.441944e-01
3.900000e+11 8.264877e-01 1.674943e-01 -2.501467e-01 -7.697104e-01
3.910000e+11 8.316653e-01 1.679701e-01 -2.001833e-01 -7.895441e-01
3.920000e+11 8.301432e-01 1.562611e-01 -1.483272e-01 -8.016978e-01
3.930000e+11 8.225863e-01 1.329521e-01 -9.862856e-02 -8.057570e-01
3.940000e+11 8.109791e-01 1.000019e-01 -5.485918e-02 -8.029180e-01
3.950000e+11 7.979591e-01 6.014469e-02 -1.980035e-02 -7.954428e-01
3.960000e+11 7.860468e-01 1.622800e-02 4.992449e-03 -7.858634e-01
3.970000e+11 7.770807e-01 -2.920763e-02 1.900642e-02 -7.762990e-01
3.980000e+11 7.719499e-01 -7.402054e-02 2.242028e-02 -7.680657e-01
3.990000e+11 7.705607e-01 -1.163301e-01 1.581510e-02 -7.615648e-01
4.000000e+11 7.719472e-01 -1.543117e-01 5.525274e-05 -7.563665e-01
4.010000e+11 7.744869e-01 -1.860721e-01 -2.366952e-02 -7.514299e-01
4.020000e+11 7.762317e-01 -2.097014e-01 -5.372893e-02 -7.454355e-01
4.030000e+11 7.753543e-01 -2.235216e-01 -8.799112e-02 -7.372041e-01
4.040000e+11 7.706373e-01 -2.264480e-01 -1.239271e-01 -7.261166e-01
4.050000e+11 7.618483e-01 -2.182876e-01 -1.589049e-01 -7.123992e-01
4.060000e+11 7.498414e-01 -1.998012e-01 -1.905722e-01 -6.971541e-01
4.070000e+11 7.363424e-01 -1.724765e-01 -2.171526e-01 -6.821266e-01
4.080000e+11 7.235249e-01 -1.381237e-01 -2.375230e-01 -6.693228e-01
4.090000e+11 7.135573e-01 -9.848670e-02 -2.510581e-01 -6.606316e-01
4.100000e+11 7.082460e-01 -5.502179e-02 -2.573350e-01 -6.575436e-01
4.110000e+11 7.087935e-01 -8.907061e-03 -2.558200e-01 -6.609577e-01
4.120000e+11 7.156061e-01 3.873413e-02 -2.456474e-01 -6.710060e-01
4.130000e+11 7.280797e-01 8.644823e-02 -2.255890e-01 -6.868307e-01
4.140000e+11 7.443619e-01 1.320062e-01 -1.943195e-01 -7.063207e-01
4.150000e+11 7.612350e-01 1.721009e-01 -1.510669e-01 -7.259744e-01
4.160000e+11 7.744278e-01 2.025146e-01 -9.656536e-02 -7.412161e-01
4.170000e+11 7.796415e-01 2.190440e-01 -3.387124e-02 -7.474713e-01
4.180000e+11 7.741249e-01 2.190082e-01 3.169200e-02 -7.418224e-01
4.190000e+11 7.579478e-01 2.024825e-01 9.385702e-02 -7.243456e-01
4.200000e+11 7.340283e-01 1.723042e-01 1.473834e-01 -6.981311e-01
4.210000e+11 7.068795e-01 1.328159e-01 1.894157e-01 -6.679523e-01
4.220000e+11 6.810079e-01 8.827836e-02 2.195433e-01 -6.385761e-01
4.230000e+11 6.598701e-01 4.186793e-02 2.389265e-01 -6.136690e-01
4.240000e+11 6.455878e-01 -4.528623e-03 2.492553e-01 -5.955123e-01
4.250000e+11 6.391180e-01 -5.000588e-02 2.520089e-01 -5.852031e-01
4.260000e+11 6.405200e-01 -9.415170e-02 2.480960e-01 -5.829663e-01
4.270000e+11 6.491254e-01 -1.365627e-01 2.377814e-01 -5.883659e-01
4.280000e+11 6.635673e-01 -1.764272e-01 2.208077e-01 -6.003657e-01
4.290000e+11 6.817389e-01 -2.122168e-01 1.966823e-01 -6.172909e-01
4.300000e+11 7.008261e-01 -2.415748e-01 1.651228e-01 -6.368150e-01
4.310000e+11 7.176021e-01 -2.615360e-01 1.266017e-01 -6.561430e-01
4.320000e+11 7.290957e-01 -2.691589e-01 8.280301e-02 -6.725159e-01
4.330000e+11 7.335007e-01 -2.624175e-01 3.670607e-02 -6.839686e-01
4.340000e+11 7.308985e-01 -2.409205e-01 -7.865313e-03 -6.900059e-01
4.350000e+11 7.233367e-01 -2.060105e-01 -4.704969e-02 -6.917818e-01
4.360000e+11 7.141812e-01 -1.601853e-01 -7.764812e-02 -6.916403e-01
4.370000e+11 7.071019e-01 -1.062563e-01 -9.734881e-02 -6.922615e-01
4.380000e+11 7.051331e-01 -4.677519e-02 -1.044790e-01 -6.957794e-01
4.390000e+11 7.099797e-01 1.597585e-02 -9.759581e-02 -7.030583e-01
4.400000e+11 7.214706e-01 7.944418e-02 -7.532067e-02 -7.131166e-01
4.410000e+11 7.370780e-01 1.399710e-01 -3.677236e-02 -7.227309e-01
4.420000e+11 7.517618e-01 1.922064e-01 1.725816e-02 -7.265705e-01
4.430000e+11 7.588438e-01 2.296203e-01 8.283888e-02 -7.185097e-01
4.440000e+11 7.524165e-01 2.466538e-01 1.524585e-01 -6.942974e-01
4.450000e+11 7.303468e-01 2.415604e-01 2.169306e-01 -6.542142e-01
4.460000e+11 6.955296e-01 2.175620e-01 2.689522e-01 -6.034012e-01
4.470000e+11 6.542067e-01 1.811149e-01 3.056077e-01 -5.493520e-01
4.480000e+11 6.129583e-01 1.388723e-01 3.281386e-01 -4.987558e-01
4.490000e+11 5.766654e-01 9.563196e-02 3.399732e-01 -4.558681e-01
4.500000e+11 5.480947e-01 5.391703e-02 3.448354e-01 -4.225982e-01
4.510000e+11 5.284189e-01 1.450421e-02 3.457364e-01 -3.993526e-01
4.520000e+11 5.179050e-01 -2.286064e-02 3.447000e-01 -3.858560e-01
4.530000e+11 5.164133e-01 -5.889702e-02 3.428312e-01 -3.816813e-01
4.540000e+11 5.236472e-01 -9.440525e-02 3.404566e-01 -3.865015e-01
4.550000e+11 5.391892e-01 -1.299801e-01 3.372248e-01 -4.001370e-01
4.560000e+11 5.623635e-01 -1.657300e-01 3.321541e-01 -4.224451e-01
4.570000e+11 5.919582e-01 -2.009445e-01 3.236820e-01 -4.530626e-01
4.580000e+11 6.258789e-01 -2.337282e-01 3.098335e-01 -4.910180e-01
4.590000e+11 6.609167e-01 -2.607594e-01 2.886655e-01 -5.343105e-01
4.600000e+11 6.929591e-01 -2.774899e-01 2.590850e-01 -5.797125e-01
4.610000e+11 7.179492e-01 -2.790948e-01 2.218685e-01 -6.231625e-01
4.620000e+11 7.334531e-01 -2.620460e-01 1.803189e-01 -6.608861e-01
4.630000e+11 7.399719e-01 -2.254903e-01 1.399369e-01 -6.907461e-01
4.640000e+11 7.409545e-01 -1.714747e-01 1.071361e-01 -7.128336e-01
4.650000e+11 7.413206e-01 -1.039906e-01 8.781089e-02 -7.287191e-01
4.660000e+11 7.452869e-01 -2.787042e-02 8.648547e-02 -7.397270e-01
4.670000e+11 7.543618e-01 5.141345e-02 1.058767e-01 -7.451231e-01
4.680000e+11 7.659578e-01 1.269715e-01 1.460659e-01 -7.411035e-01
4.690000e+11 7.732417e-01 1.899200e-01 2.029169e-01 -7.215662e-01
4.700000e+11 7.674179e-01 2.309095e-01 2.670231e-01 -6.814027e-01
4.710000e+11 7.425606e-01 2.442839e-01 3.257569e-01 -6.209703e-01
4.720000e+11 6.997004e-01 2.317016e-01 3.687251e-01 -5.476648e-01
4.730000e+11 6.461038e-01 2.011351e-01 3.922966e-01 -4.723328e-01
4.740000e+11 5.906998e-01 1.621472e-01 3.992977e-01 -4.039752e-01
4.750000e+11 5.402172e-01 1.219554e-01 3.954487e-01 -3.472490e-01
4.760000e+11 4.981825e-01 8.439654e-02 3.862367e-01 -3.031242e-01
4.770000e+11 4.657318e-01 5.072434e-02 3.756384e-01 -2.706086e-01
4.780000e+11 4.427465e-01 2.073806e-02 3.661112e-01 -2.481068e-01
4.790000e+11 4.286659e-01 -6.409352e-03 3.590135e-01 -2.341426e-01
4.800000e+11 4.229285e-01 -3.177174e-02 3.550174e-01 -2.276437e-01
4.810000e+11 4.251626e-01 -5.640740e-02 3.543870e-01 -2.280160e-01
4.820000e+11 4.352372e-01 -8.128764e-02 3.571199e-01 -2.351363e-01
4.830000e+11 4.532239e-01 -1.072271e-01 3.629787e-01 -2.493206e-01
4.840000e+11 4.792776e-01 -1.347689e-01 3.714283e-01 -2.712662e-01
4.850000e+11 5.134072e-01 -1.639625e-01 3.814970e-01 -3.019327e-01
4.860000e+11 5.550999e-01 -1.939833e-01 3.915994e-01 -3.422811e-01
4.870000e+11 6.028055e-01 -2.225972e-01 3.994384e-01 -3.927772e-01
4.880000e+11 6.534534e-01 -2.456509e-01 4.022293e-01 -4.526241e-01
4.890000e+11 7.024552e-01 -2.570636e-01 3.975725e-01 -5.189391e-01
4.900000e+11 7.447796e-01 -2.499690e-01 3.850507e-01 -5.864709e-01
4.910000e+11 7.770824e-01 -2.191268e-01 3.678410e-01 -6.484855e-01
4.920000e+11 7.995040e-01 -1.634802e-01 3.529192e-01 -6.985191e-01
4.930000e+11 8.151373e-01 -8.726413e-02 3.489882e-01 -7.314650e-01
4.940000e+11 8.267590e-01 4.919084e-04 3.627916e-01 -7.429081e-01
4.950000e+11 8.329101e-01 8.692894e-02 3.952042e-01 -7.280084e-01
4.960000e+11 8.267186e-01 1.570600e-01 4.387035e-01 -6.828873e-01
4.970000e+11 8.000239e-01 1.982917e-01 4.790037e-01 -6.093226e-01
4.980000e+11 7.506509e-01 2.067814e-01 5.024243e-01 -5.179653e-01
4.990000e+11 6.853915e-01 1.892866e-01 5.037781e-01 -4.244287e-01
5.000000e+11 6.154233e-01 1.577238e-01 4.871695e-01 -3.413721e-01
5.010000e+11 5.500382e-01 1.223713e-01 4.606793e-01 -2.744847e-01
5.020000e+11 4.941776e-01 8.912798e-02 4.314627e-01 -2.238473e-01
5.030000e+11 4.492714e-01 6.022461e-02 4.040629e-01 -1.869518e-01
5.040000e+11 4.148876e-01 3.582377e-02 3.807725e-01 -1.608126e-01
5.050000e+11 3.899371e-01 1.521070e-02 3.624965e-01 -1.428840e-01
5.060000e+11 3.733037e-01 -2.578496e-03 3.494464e-01 -1.312868e-01
5.070000e+11 3.641076e-01 -1.849472e-02 3.415644e-01 -1.247639e-01
5.080000e+11 3.617889e-01 -3.339646e-02 3.387500e-01 -1.225736e-01
5.090000e+11 3.661194e-01 -4.804503e-02 3.409685e-01 -1.244008e-01
5.100000e+11 3.771903e-01 -6.311968e-02 3.482944e-01 -1.303053e-01
5.110000e+11 3.953889e-01 -7.922186e-02 3.609120e-01 -1.407085e-01
5.120000e+11 4.213566e-01 -9.684244e-02 3.790771e-01 -1.564082e-01
5.130000e+11 4.558968e-01 -1.162564e-01 4.030242e-01 -1.785997e-01
5.140000e+11 4.997788e-01 -1.372913e-01 4.327943e-01 -2.088519e-01
5.150000e+11 5.533601e-01 -1.589043e-01 4.679632e-01 -2.489324e-01
5.160000e+11 6.159703e-01 -1.785464e-01 5.073104e-01 -3.002944e-01
5.170000e+11 6.851429e-01 -1.914901e-01 5.486238e-01 -3.629935e-01
5.180000e+11 7.561166e-01 -1.907493e-01 5.890501e-01 -4.339896e-01
5.190000e+11 8.222928e-01 -1.686856e-01 6.263013e-01 -5.054277e-01
5.200000e+11 8.767606e-01 -1.209757e-01 6.600033e-01 -5.643312e-01
5.210000e+11 9.134009e-01 -5.155424e-02 6.909933e-01 -5.951232e-01
5.220000e+11 9.261082e-01 2.524159e-02 7.173589e-01 -5.851798e-01
5.230000e+11 9.085553e-01 8.912843e-02 7.310947e-01 -5.320051e-01
5.240000e+11 8.585469e-01 1.245873e-01 7.220062e-01 -4.475353e-01
5.250000e+11 7.832596e-01 1.296783e-01 6.869948e-01 -3.531533e-01
5.260000e+11 6.969485e-01 1.140207e-01 6.333079e-01 -2.676894e-01
5.270000e+11 6.130769e-01 8.961725e-02 5.725562e-01 -2.000287e-01
5.280000e+11 5.395345e-01 6.464711e-02 5.140506e-01 -1.505663e-01
5.290000e+11 4.789750e-01 4.279991e-02 4.627672e-01 -1.158951e-01
5.300000e+11 4.310619e-01 2.495313e-02 4.203765e-01 -9.206118e-02
5.310000e+11 3.943018e-01 1.073022e-02 3.867918e-01 -7.583471e-02
5.320000e+11 3.670283e-01 -6.276206e-04 3.612424e-01 -6.490974e-02
5.330000e+11 3.478083e-01 -9.888682e-03 3.428390e-01 -5.774288e-02
5.340000e+11 3.355637e-01 -1.771075e-02 3.308231e-01 -5.334227e-02
5.350000e+11 3.295799e-01 -2.462575e-02 3.246618e-01 -5.109968e-02
5.360000e+11 3.294831e-01 -3.105901e-02 3.240775e-01 -5.067762e-02
5.370000e+11 3.352185e-01 -3.735380e-02 3.290566e-01 -5.194131e-02
5.380000e+11 3.470415e-01 -4.378943e-02 3.398582e-01 -5.492389e-02
5.390000e+11 3.655219e-01 -5.058598e-02 3.570287e-01 -5.981513e-02
5.400000e+11 3.915561e-01 -5.788785e-02 3.814194e-01 -6.696548e-02
5.410000e+11 4.263648e-01 -6.571253e-02 4.141934e-01 -7.689369e-02
5.420000e+11 4.714398e-01 -7.384215e-02 4.567862e-01 -9.027286e-02
5.430000e+11 5.283527e-01 -8.162898e-02 5.107487e-01 -1.078381e-01
5.440000e+11 5.982769e-01 -8.770221e-02 5.773370e-01 -1.300983e-01
5.450000e+11 6.809983e-01 -8.966052e-02 6.566421e-01 -1.566551e-01
5.460000e+11 7.732124e-01 -8.411266e-02 7.460380e-01 -1.849592e-01
5.470000e+11 8.662990e-01 -6.786654e-02 8.380086e-01 -2.088291e-01
5.480000e+11 9.449054e-01 -4.095479e-02 9.183886e-01 -2.184750e-01
5.490000e+11 9.893630e-01 -9.882527e-03 9.678597e-01 -2.049128e-01
5.500000e+11 9.844748e-01 1.403124e-02 9.699258e-01 -1.680406e-01
5.510000e+11 9.302272e-01 2.292515e-02 9.222399e-01 -1.194598e-01
5.520000e+11 8.428422e-01 1.819895e-02 8.393847e-01 -7.406102e-02
5.530000e+11 7.438752e-01 6.859500e-03 7.427571e-01 -4.018760e-02
5.540000e+11 6.494593e-01 -4.967452e-03 6.491784e-01 -1.844249e-02
5.550000e+11 5.675306e-01 -1.439903e-02 5.673182e-01 -5.811035e-03
5.560000e+11 5.001705e-01 -2.090799e-02 4.997323e-01 1.018680e-03
5.570000e+11 4.465593e-01 -2.496799e-02 4.458382e-01 4.480402e-03
5.580000e+11 4.048794e-01 -2.726059e-02 4.039146e-01 6.098668e-03
5.590000e+11 3.732362e-01 -2.837002e-02 3.720950e-01 6.760347e-03
