# #nu(Hz) #T #rho #c #s
0.000000e+00 1.000000e+00 0.000000e+00 1.000000e+00 0.000000e+00
1.000000e+09 9.572057e-01 -8.839383e-03 9.562413e-01 4.203748e-02
2.000000e+09 8.516511e-01 -2.713067e-02 8.487119e-01 6.528096e-02
3.000000e+09 7.267283e-01 -4.214214e-02 7.222165e-01 6.900255e-02
4.000000e+09 6.125236e-01 -4.934320e-02 6.073284e-01 6.247084e-02
5.000000e+09 5.201106e-01 -5.038022e-02 5.149200e-01 5.323787e-02
6.000000e+09 4.498930e-01 -4.802766e-02 4.450747e-01 4.478346e-02
7.000000e+09 3.986382e-01 -4.422180e-02 3.943377e-01 3.813902e-02
8.000000e+09 3.627443e-01 -3.996665e-02 3.589890e-01 3.336075e-02
9.000000e+09 3.393252e-01 -3.565734e-02 3.360879e-01 3.025016e-02
1.000000e+10 3.264250e-01 -3.133917e-02 3.236528e-01 2.863554e-02
1.100000e+10 3.229755e-01 -2.684326e-02 3.205956e-01 2.847921e-02
1.200000e+10 3.287318e-01 -2.183039e-02 3.266366e-01 2.994311e-02
1.300000e+10 3.442626e-01 -1.577286e-02 3.422674e-01 3.348062e-02
1.400000e+10 3.710090e-01 -7.894751e-03 3.687610e-01 4.000805e-02
1.500000e+10 4.113767e-01 2.896722e-03 4.081650e-01 5.122258e-02
1.600000e+10 4.687081e-01 1.797928e-02 4.630808e-01 7.014362e-02
1.700000e+10 5.466636e-01 3.853552e-02 5.357082e-01 1.018473e-01
1.800000e+10 6.468667e-01 6.376906e-02 6.250884e-01 1.537351e-01
1.900000e+10 7.631456e-01 8.672855e-02 7.215969e-01 2.327386e-01
2.000000e+10 8.739008e-01 9.002411e-02 8.021527e-01 3.348872e-01
2.100000e+10 9.450070e-01 5.361224e-02 8.389750e-01 4.316073e-01
2.200000e+10 9.533254e-01 -1.956703e-02 8.234535e-01 4.799697e-01
2.300000e+10 9.034165e-01 -9.626528e-02 7.706251e-01 4.615532e-01
2.400000e+10 8.161848e-01 -1.447140e-01 6.986839e-01 3.963033e-01
2.500000e+10 7.145553e-01 -1.585427e-01 6.203522e-01 3.172013e-01
2.600000e+10 6.167613e-01 -1.490402e-01 5.453496e-01 2.465265e-01
2.700000e+10 5.331279e-01 -1.293424e-01 4.802367e-01 1.920120e-01
2.800000e+10 4.669077e-01 -1.076077e-01 4.277826e-01 1.530538e-01
2.900000e+10 4.173657e-01 -8.733925e-02 3.880462e-01 1.264363e-01
3.000000e+10 3.823933e-01 -6.939758e-02 3.598910e-01 1.090280e-01
3.100000e+10 3.599074e-01 -5.345436e-02 3.419973e-01 9.855867e-02
3.200000e+10 3.484103e-01 -3.870630e-02 3.333429e-01 9.366981e-02
3.300000e+10 3.471664e-01 -2.413575e-02 3.333774e-01 9.381622e-02
3.400000e+10 3.562586e-01 -8.547360e-03 3.420530e-01 9.923160e-02
3.500000e+10 3.766339e-01 9.490132e-03 3.597699e-01 1.110345e-01
3.600000e+10 4.101319e-01 3.169557e-02 3.871795e-01 1.315128e-01
3.700000e+10 4.593365e-01 5.993151e-02 4.246341e-01 1.645724e-01
3.800000e+10 5.267648e-01 9.538968e-02 4.708403e-01 2.160817e-01
3.900000e+10 6.123710e-01 1.361404e-01 5.202007e-01 2.930108e-01
4.000000e+10 7.085009e-01 1.723222e-01 5.597294e-01 3.987249e-01
4.100000e+10 7.956794e-01 1.826633e-01 5.713790e-01 5.227483e-01
4.200000e+10 8.505758e-01 1.442009e-01 5.474783e-01 6.347856e-01
4.300000e+10 8.662346e-01 5.577631e-02 5.055053e-01 7.012245e-01
4.400000e+10 8.546229e-01 -5.549651e-02 4.733734e-01 7.093787e-01
4.500000e+10 8.261924e-01 -1.545964e-01 4.623106e-01 6.670552e-01
4.600000e+10 7.811036e-01 -2.176045e-01 4.630068e-01 5.902507e-01
4.700000e+10 7.190786e-01 -2.386219e-01 4.605920e-01 4.979845e-01
4.800000e+10 6.471291e-01 -2.270772e-01 4.478450e-01 4.082241e-01
4.900000e+10 5.760509e-01 -1.979848e-01 4.267368e-01 3.324641e-01
5.000000e+10 5.141166e-01 -1.633000e-01 4.028937e-01 2.744552e-01
5.100000e+10 4.651203e-01 -1.293966e-01 3.811337e-01 2.330890e-01
5.200000e+10 4.297354e-01 -9.842664e-02 3.642781e-01 2.056360e-01
5.300000e+10 4.073394e-01 -7.024909e-02 3.536252e-01 1.895776e-01
5.400000e+10 3.971988e-01 -4.367119e-02 3.496588e-01 1.832989e-01
5.500000e+10 3.990556e-01 -1.701940e-02 3.524989e-01 1.862800e-01
5.600000e+10 4.133700e-01 1.166276e-02 3.620300e-01 1.991808e-01
5.700000e+10 4.413383e-01 4.450903e-02 3.776782e-01 2.239589e-01
5.800000e+10 4.845658e-01 8.349195e-02 3.977055e-01 2.639383e-01
5.900000e+10 5.439320e-01 1.293020e-01 4.178287e-01 3.233607e-01
6.000000e+10 6.168956e-01 1.786699e-01 4.294201e-01 4.052599e-01
6.100000e+10 6.934377e-01 2.203477e-01 4.195046e-01 5.062792e-01
6.200000e+10 7.552559e-01 2.344352e-01 3.775084e-01 6.106873e-01
6.300000e+10 7.861871e-01 2.031832e-01 3.085511e-01 6.939762e-01
6.400000e+10 7.875297e-01 1.272262e-01 2.365600e-01 7.403080e-01
6.500000e+10 7.759021e-01 2.524628e-02 1.872902e-01 7.525351e-01
6.600000e+10 7.657698e-01 -8.077196e-02 1.726989e-01 7.416565e-01
6.700000e+10 7.592361e-01 -1.735304e-01 1.905422e-01 7.141570e-01
6.800000e+10 7.484822e-01 -2.400891e-01 2.296490e-01 6.707042e-01
6.900000e+10 7.243387e-01 -2.727531e-01 2.748339e-01 6.121590e-01
7.000000e+10 6.843234e-01 -2.722645e-01 3.128114e-01 5.443525e-01
7.100000e+10 6.342017e-01 -2.473545e-01 3.372546e-01 4.767461e-01
7.200000e+10 5.831716e-01 -2.093306e-01 3.490231e-01 4.176753e-01
7.300000e+10 5.387891e-01 -1.669169e-01 3.525707e-01 3.716536e-01
7.400000e+10 5.053385e-01 -1.246665e-01 3.525387e-01 3.399143e-01
7.500000e+10 4.846553e-01 -8.382207e-02 3.522556e-01 3.221500e-01
7.600000e+10 4.774470e-01 -4.365545e-02 3.535290e-01 3.179104e-01
7.700000e+10 4.842050e-01 -2.456578e-03 3.567749e-01 3.273532e-01
7.800000e+10 5.055360e-01 4.178337e-02 3.609403e-01 3.514866e-01
7.900000e+10 5.418281e-01 9.059071e-02 3.630239e-01 3.918988e-01
8.000000e+10 5.919819e-01 1.435767e-01 3.573290e-01 4.496046e-01
8.100000e+10 6.510223e-01 1.960091e-01 3.353693e-01 5.224345e-01
8.200000e+10 7.078414e-01 2.365640e-01 2.886365e-01 6.014698e-01
8.300000e+10 7.473044e-01 2.494750e-01 2.157693e-01 6.705742e-01
8.400000e+10 7.597332e-01 2.241229e-01 1.288295e-01 7.143993e-01
8.500000e+10 7.494994e-01 1.638744e-01 4.845236e-02 7.297581e-01
8.600000e+10 7.309926e-01 8.257497e-02 -8.996076e-03 7.262580e-01
8.700000e+10 7.173783e-01 -5.703422e-03 -3.739803e-02 7.163801e-01
8.800000e+10 7.143587e-01 -9.136310e-02 -3.762105e-02 7.074926e-01
8.900000e+10 7.201718e-01 -1.676245e-01 -1.323355e-02 7.002673e-01
9.000000e+10 7.279563e-01 -2.278947e-01 3.062315e-02 6.906856e-01
9.100000e+10 7.291727e-01 -2.656682e-01 8.652148e-02 6.735186e-01
9.200000e+10 7.179137e-01 -2.771487e-01 1.450687e-01 6.461762e-01
9.300000e+10 6.940744e-01 -2.637898e-01 1.975036e-01 6.108572e-01
9.400000e+10 6.629152e-01 -2.316833e-01 2.386539e-01 5.734316e-01
9.500000e+10 6.317630e-01 -1.882477e-01 2.676227e-01 5.404307e-01
9.600000e+10 6.069660e-01 -1.392235e-01 2.861624e-01 5.168517e-01
9.700000e+10 5.927715e-01 -8.764755e-02 2.965304e-01 5.057328e-01
9.800000e+10 5.915689e-01 -3.435438e-02 3.000025e-01 5.086964e-01
9.900000e+10 6.043593e-01 2.090736e-02 2.960957e-01 5.264413e-01
1.000000e+11 6.307021e-01 7.810938e-02 2.822351e-01 5.585941e-01
1.010000e+11 6.678627e-01 1.352841e-01 2.539809e-01 6.026877e-01
1.020000e+11 7.095211e-01 1.868151e-01 2.065471e-01 6.525784e-01
1.030000e+11 7.456307e-01 2.231103e-01 1.383311e-01 6.978907e-01
1.040000e+11 7.657842e-01 2.339097e-01 5.500564e-02 7.271080e-01
1.050000e+11 7.654944e-01 2.145830e-01 -3.046424e-02 7.341715e-01
1.060000e+11 7.494726e-01 1.694920e-01 -1.040847e-01 7.225981e-01
1.070000e+11 7.279546e-01 1.084978e-01 -1.575958e-01 7.023601e-01
1.080000e+11 7.104423e-01 4.103626e-02 -1.895290e-01 6.834640e-01
1.090000e+11 7.023644e-01 -2.665947e-02 -2.019881e-01 6.721650e-01
1.100000e+11 7.049322e-01 -9.089755e-02 -1.975371e-01 6.705566e-01
1.110000e+11 7.160829e-01 -1.487107e-01 -1.780171e-01 6.774731e-01
1.120000e+11 7.314430e-01 -1.965198e-01 -1.449672e-01 6.894732e-01
1.130000e+11 7.455017e-01 -2.299957e-01 -1.007844e-01 7.019382e-01
1.140000e+11 7.533827e-01 -2.452231e-01 -4.965041e-02 7.106237e-01
1.150000e+11 7.528128e-01 -2.404429e-01 2.650151e-03 7.133774e-01
1.160000e+11 7.450942e-01 -2.169836e-01 5.009441e-02 7.110373e-01
1.170000e+11 7.343396e-01 -1.785676e-01 8.794875e-02 7.068474e-01
1.180000e+11 7.256084e-01 -1.296495e-01 1.133290e-01 7.048794e-01
1.190000e+11 7.231753e-01 -7.410568e-02 1.246587e-01 7.084850e-01
1.200000e+11 7.294991e-01 -1.498960e-02 1.207364e-01 7.192823e-01
1.210000e+11 7.446735e-01 4.476179e-02 1.002060e-01 7.365417e-01
1.220000e+11 7.660480e-01 1.012078e-01 6.193977e-02 7.568025e-01
1.230000e+11 7.882437e-01 1.486715e-01 6.466468e-03 7.740692e-01
1.240000e+11 8.043618e-01 1.804072e-01 -6.220831e-02 7.813970e-01
1.250000e+11 8.087946e-01 1.910852e-01 -1.361004e-01 7.740231e-01
1.260000e+11 8.002252e-01 1.796286e-01 -2.055051e-01 7.522378e-01
1.270000e+11 7.822758e-01 1.498100e-01 -2.628369e-01 7.214078e-01
1.280000e+11 7.612451e-01 1.080245e-01 -3.049281e-01 6.890890e-01
1.290000e+11 7.431174e-01 6.041424e-02 -3.324371e-01 6.618603e-01
1.300000e+11 7.318739e-01 1.138414e-02 -3.477850e-01 6.438597e-01
1.310000e+11 7.292540e-01 -3.633372e-02 -3.534076e-01 6.368628e-01
1.320000e+11 7.351595e-01 -8.089838e-02 -3.509501e-01 6.408970e-01
1.330000e+11 7.481092e-01 -1.205531e-01 -3.412317e-01 6.547483e-01
1.340000e+11 7.656215e-01 -1.531318e-01 -3.246739e-01 6.762498e-01
1.350000e+11 7.846710e-01 -1.760266e-01 -3.019554e-01 7.025284e-01
1.360000e+11 8.023617e-01 -1.866460e-01 -2.746542e-01 7.304195e-01
1.370000e+11 8.167350e-01 -1.831881e-01 -2.455836e-01 7.570910e-01
1.380000e+11 8.273558e-01 -1.653323e-01 -2.186049e-01 7.806374e-01
1.390000e+11 8.352934e-01 -1.344686e-01 -1.979778e-01 8.002737e-01
1.400000e+11 8.424268e-01 -9.341798e-02 -1.875699e-01 8.159495e-01
1.410000e+11 8.503978e-01 -4.596071e-02 -1.902137e-01 8.275764e-01
1.420000e+11 8.596707e-01 3.495890e-03 -2.072407e-01 8.343098e-01
1.430000e+11 8.690695e-01 5.009278e-02 -2.380733e-01 8.343222e-01
1.440000e+11 8.760344e-01 8.884910e-02 -2.799202e-01 8.253404e-01
1.450000e+11 8.776493e-01 1.154553e-01 -3.279415e-01 8.058491e-01
1.460000e+11 8.720710e-01 1.273875e-01 -3.762610e-01 7.763426e-01
1.470000e+11 8.595572e-01 1.246642e-01 -4.196244e-01 7.397383e-01
1.480000e+11 8.424322e-01 1.096240e-01 -4.548200e-01 7.005807e-01
1.490000e+11 8.241121e-01 8.585120e-02 -4.810650e-01 6.636014e-01
1.500000e+11 8.079333e-01 5.697813e-02 -4.993837e-01 6.325548e-01
1.510000e+11 7.963960e-01 2.596518e-02 -5.116076e-01 6.097787e-01
1.520000e+11 7.909337e-01 -5.044727e-03 -5.195668e-01 5.963230e-01
1.530000e+11 7.920039e-01 -3.451782e-02 -5.246671e-01 5.922864e-01
1.540000e+11 7.992808e-01 -6.121735e-02 -5.277916e-01 5.971082e-01
1.550000e+11 8.118423e-01 -8.394648e-02 -5.294039e-01 6.097314e-01
1.560000e+11 8.283424e-01 -1.014248e-01 -5.297604e-01 6.286637e-01
1.570000e+11 8.472007e-01 -1.123307e-01 -5.291651e-01 6.520085e-01
1.580000e+11 8.668278e-01 -1.155033e-01 -5.282031e-01 6.775330e-01
1.590000e+11 8.858557e-01 -1.102483e-01 -5.278691e-01 7.028086e-01
1.600000e+11 9.032925e-01 -9.664448e-02 -5.295171e-01 7.254025e-01
1.610000e+11 9.185253e-01 -7.573624e-02 -5.346039e-01 7.430690e-01
1.620000e+11 9.311613e-01 -4.953661e-02 -5.442838e-01 7.538983e-01
1.630000e+11 9.408026e-01 -2.082536e-02 -5.589900e-01 7.564430e-01
1.640000e+11 9.469111e-01 7.228254e-03 -5.781663e-01 7.498747e-01
1.650000e+11 9.488821e-01 3.156457e-02 -6.002883e-01 7.341900e-01
1.660000e+11 9.463184e-01 4.976099e-02 -6.232183e-01 7.103811e-01
1.670000e+11 9.393508e-01 6.044167e-02 -6.447874e-01 6.804233e-01
1.680000e+11 9.288060e-01 6.342137e-02 -6.633731e-01 6.469888e-01
1.690000e+11 9.161113e-01 5.953559e-02 -6.782323e-01 6.129570e-01
1.700000e+11 9.029942e-01 5.025718e-02 -6.894994e-01 5.809160e-01
1.710000e+11 8.911329e-01 3.727913e-02 -6.979297e-01 5.528311e-01
1.720000e+11 8.818915e-01 2.220723e-02 -7.045604e-01 5.299379e-01
1.730000e+11 8.761900e-01 6.410362e-03 -7.104233e-01 5.128026e-01
1.740000e+11 8.744871e-01 -9.002060e-03 -7.163701e-01 5.014584e-01
1.750000e+11 8.768269e-01 -2.313505e-02 -7.230007e-01 4.955402e-01
1.760000e+11 8.829110e-01 -3.524909e-02 -7.306660e-01 4.943850e-01
1.770000e+11 8.921756e-01 -4.472194e-02 -7.395103e-01 4.970934e-01
1.780000e+11 9.038673e-01 -5.104743e-02 -7.495292e-01 5.025695e-01
1.790000e+11 9.171180e-01 -5.387191e-02 -7.606266e-01 5.095590e-01
1.800000e+11 9.310179e-01 -5.305611e-02 -7.726549e-01 5.167047e-01
1.810000e+11 9.446820e-01 -4.873970e-02 -7.854327e-01 5.226317e-01
1.820000e+11 9.573046e-01 -4.138108e-02 -7.987372e-01 5.260595e-01
1.830000e+11 9.682008e-01 -3.174758e-02 -8.122824e-01 5.259297e-01
1.840000e+11 9.768376e-01 -2.084427e-02 -8.257031e-01 5.215282e-01
1.850000e+11 9.828623e-01 -9.787570e-03 -8.385647e-01 5.125737e-01
1.860000e+11 9.861294e-01 3.507002e-04 -8.504118e-01 4.992502e-01
1.870000e+11 9.867212e-01 8.692140e-03 -8.608465e-01 4.821686e-01
1.880000e+11 9.849483e-01 1.465731e-02 -8.696111e-01 4.622606e-01
1.890000e+11 9.813185e-01 1.800629e-02 -8.766459e-01 4.406288e-01
1.900000e+11 9.764740e-01 1.881387e-02 -8.820999e-01 4.183864e-01
1.910000e+11 9.711085e-01 1.739809e-02 -8.862956e-01 3.965215e-01
1.920000e+11 9.658832e-01 1.422922e-02 -8.896608e-01 3.758079e-01
1.930000e+11 9.613579e-01 9.843681e-03 -8.926529e-01 3.567673e-01
1.940000e+11 9.579474e-01 4.777079e-03 -8.956915e-01 3.396722e-01
1.950000e+11 9.559043e-01 -4.799336e-04 -8.991124e-01 3.245761e-01
1.960000e+11 9.553227e-01 -5.506504e-03 -9.031440e-01 3.113554e-01
1.970000e+11 9.561584e-01 -9.963530e-03 -9.079025e-01 2.997544e-01
1.980000e+11 9.582567e-01 -1.359852e-02 -9.134019e-01 2.894270e-01
1.990000e+11 9.613854e-01 -1.624705e-02 -9.195715e-01 2.799752e-01
2.000000e+11 9.652673e-01 -1.783201e-02 -9.262778e-01 2.709842e-01
2.010000e+11 9.696109e-01 -1.836025e-02 -9.333469e-01 2.620530e-01
2.020000e+11 9.741364e-01 -1.791507e-02 -9.405856e-01 2.528232e-01
2.030000e+11 9.785964e-01 -1.664390e-02 -9.477997e-01 2.430012e-01
2.040000e+11 9.827895e-01 -1.474082e-02 -9.548088e-01 2.323748e-01
2.050000e+11 9.865684e-01 -1.242554e-02 -9.614578e-01 2.208208e-01
2.060000e+11 9.898410e-01 -9.921001e-03 -9.676240e-01 2.083037e-01
2.070000e+11 9.925660e-01 -7.432765e-03 -9.732211e-01 1.948661e-01
2.080000e+11 9.947459e-01 -5.132535e-03 -9.781985e-01 1.806117e-01
2.090000e+11 9.964156e-01 -3.147750e-03 -9.825388e-01 1.656855e-01
2.100000e+11 9.976314e-01 -1.557725e-03 -9.862507e-01 1.502521e-01
2.110000e+11 9.984596e-01 -3.958011e-04 -9.893621e-01 1.344768e-01
2.120000e+11 9.989666e-01 3.438468e-04 -9.919121e-01 1.185103e-01
2.130000e+11 9.992126e-01 6.964785e-04 -9.939434e-01 1.024789e-01
2.140000e+11 9.992466e-01 7.158934e-04 -9.954971e-01 8.647935e-02
2.150000e+11 9.991054e-01 4.638792e-04 -9.966093e-01 7.057861e-02
2.160000e+11 9.988145e-01 1.161279e-06 -9.973091e-01 5.481730e-02
2.170000e+11 9.983899e-01 -6.193707e-04 -9.976193e-01 3.921545e-02
2.180000e+11 9.978412e-01 -1.356740e-03 -9.975569e-01 2.377975e-02
2.190000e+11 9.971736e-01 -2.183160e-03 -9.971349e-01 8.510859e-03
2.200000e+11 9.963902e-01 -3.082679e-03 -9.963637e-01 -6.589901e-03
2.210000e+11 9.954928e-01 -4.047631e-03 -9.952520e-01 -2.151531e-02
2.220000e+11 9.944819e-01 -5.073487e-03 -9.938081e-01 -3.624907e-02
2.230000e+11 9.933572e-01 -6.152907e-03 -9.920401e-01 -5.076504e-02
2.240000e+11 9.921176e-01 -7.269845e-03 -9.899574e-01 -6.502897e-02
2.250000e+11 9.907624e-01 -8.394605e-03 -9.875719e-01 -7.900281e-02
2.260000e+11 9.892937e-01 -9.480675e-03 -9.849000e-01 -9.265116e-02
2.270000e+11 9.877195e-01 -1.046404e-02 -9.819649e-01 -1.059492e-01
2.280000e+11 9.860581e-01 -1.126541e-02 -9.787995e-01 -1.188917e-01
2.290000e+11 9.843428e-01 -1.179549e-02 -9.754482e-01 -1.315008e-01
2.300000e+11 9.826257e-01 -1.196301e-02 -9.719682e-01 -1.438334e-01
2.310000e+11 9.809799e-01 -1.168481e-02 -9.684286e-01 -1.559845e-01
2.320000e+11 9.794992e-01 -1.089704e-02 -9.649074e-01 -1.680880e-01
2.330000e+11 9.782937e-01 -9.566291e-03 -9.614857e-01 -1.803118e-01
2.340000e+11 9.774817e-01 -7.699504e-03 -9.582383e-01 -1.928489e-01
2.350000e+11 9.771770e-01 -5.351859e-03 -9.552223e-01 -2.059041e-01
2.360000e+11 9.774722e-01 -2.631832e-03 -9.524640e-01 -2.196755e-01
2.370000e+11 9.784210e-01 2.970333e-04 -9.499449e-01 -2.343334e-01
2.380000e+11 9.800185e-01 3.218302e-03 -9.475909e-01 -2.499950e-01
2.390000e+11 9.821857e-01 5.869743e-03 -9.452652e-01 -2.666984e-01
2.400000e+11 9.847583e-01 7.956794e-03 -9.427700e-01 -2.843769e-01
2.410000e+11 9.874851e-01 9.174026e-03 -9.398576e-01 -3.028373e-01
2.420000e+11 9.900388e-01 9.235746e-03 -9.362532e-01 -3.217474e-01
2.430000e+11 9.920389e-01 7.915152e-03 -9.316882e-01 -3.406400e-01
2.440000e+11 9.930884e-01 5.088409e-03 -9.259387e-01 -3.589376e-01
2.450000e+11 9.928171e-01 7.763543e-04 -9.188621e-01 -3.760024e-01
2.460000e+11 9.909281e-01 -4.826413e-03 -9.104239e-01 -3.912077e-01
2.470000e+11 9.872365e-01 -1.134556e-02 -9.007070e-01 -4.040225e-01
2.480000e+11 9.816981e-01 -1.825100e-02 -8.899013e-01 -4.140940e-01
2.490000e+11 9.744219e-01 -2.491050e-02 -8.782792e-01 -4.213113e-01
2.500000e+11 9.656695e-01 -3.066414e-02 -8.661637e-01 -4.258378e-01
2.510000e+11 9.558435e-01 -3.490457e-02 -8.538990e-01 -4.281063e-01
2.520000e+11 9.454658e-01 -3.714674e-02 -8.418275e-01 -4.287798e-01
2.530000e+11 9.351484e-01 -3.707420e-02 -8.302734e-01 -4.286888e-01
2.540000e+11 9.255556e-01 -3.455736e-02 -8.195278e-01 -4.287577e-01
2.550000e+11 9.173587e-01 -2.964715e-02 -8.098305e-01 -4.299332e-01
2.560000e+11 9.111850e-01 -2.255421e-02 -8.013450e-01 -4.331231e-01
2.570000e+11 9.075626e-01 -1.362640e-02 -7.941258e-01 -4.391451e-01
2.580000e+11 9.068633e-01 -3.335523e-03 -7.880823e-01 -4.486828e-01
2.590000e+11 9.092454e-01 7.720718e-03 -7.829459e-01 -4.622374e-01
2.600000e+11 9.145988e-01 1.880330e-02 -7.782501e-01 -4.800669e-01
2.610000e+11 9.225003e-01 2.901458e-02 -7.733411e-01 -5.021041e-01
2.620000e+11 9.321947e-01 3.730114e-02 -7.674348e-01 -5.278630e-01
2.630000e+11 9.426238e-01 4.250660e-02 -7.597376e-01 -5.563557e-01
2.640000e+11 9.525252e-01 4.350154e-02 -7.496258e-01 -5.860657e-01
2.650000e+11 9.606039e-01 3.939582e-02 -7.368496e-01 -6.150288e-01
2.660000e+11 9.657442e-01 2.979590e-02 -7.216844e-01 -6.410506e-01
2.670000e+11 9.671929e-01 1.502469e-02 -7.049443e-01 -6.620346e-01
2.680000e+11 9.646390e-01 -3.792655e-03 -6.878144e-01 -6.763323e-01
2.690000e+11 9.581663e-01 -2.483435e-02 -6.715407e-01 -6.830073e-01
2.700000e+11 9.481226e-01 -4.586126e-02 -6.571011e-01 -6.819467e-01
2.710000e+11 9.349974e-01 -6.458831e-02 -6.449874e-01 -6.738247e-01
2.720000e+11 9.193751e-01 -7.904538e-02 -6.351729e-01 -6.599681e-01
2.730000e+11 9.019681e-01 -8.784283e-02 -6.272472e-01 -6.421768e-01
2.740000e+11 8.836771e-01 -9.029233e-02 -6.206380e-01 -6.225280e-01
2.750000e+11 8.656111e-01 -8.637528e-02 -6.148143e-01 -6.031792e-01
2.760000e+11 8.490337e-01 -7.659316e-02 -6.094007e-01 -5.861932e-01
2.770000e+11 8.352478e-01 -6.176509e-02 -6.041758e-01 -5.734071e-01
2.780000e+11 8.254529e-01 -4.284560e-02 -5.989777e-01 -5.663590e-01
2.790000e+11 8.206052e-01 -2.081889e-02 -5.935585e-01 -5.662577e-01
2.800000e+11 8.212893e-01 3.303289e-03 -5.874306e-01 -5.739604e-01
2.810000e+11 8.275892e-01 2.838120e-02 -5.797456e-01 -5.899097e-01
2.820000e+11 8.389500e-01 5.297255e-02 -5.692536e-01 -6.139881e-01
2.830000e+11 8.540583e-01 7.514888e-02 -5.544120e-01 -6.452872e-01
2.840000e+11 8.708250e-01 9.242035e-02 -5.337227e-01 -6.818613e-01
2.850000e+11 8.866082e-01 1.019272e-01 -5.063223e-01 -7.206405e-01
2.860000e+11 8.987697e-01 1.010074e-01 -4.726833e-01 -7.577302e-01
2.870000e+11 9.054548e-01 8.804085e-02 -4.350613e-01 -7.891887e-01
2.880000e+11 9.062079e-01 6.319008e-02 -3.972874e-01 -8.120237e-01
2.890000e+11 9.019925e-01 2.860115e-02 -3.638359e-01 -8.248611e-01
2.900000e+11 8.945384e-01 -1.204450e-02 -3.385940e-01 -8.278937e-01
2.910000e+11 8.854086e-01 -5.431429e-02 -3.239186e-01 -8.222378e-01
2.920000e+11 8.753200e-01 -9.374699e-02 -3.202704e-01 -8.092116e-01
2.930000e+11 8.640252e-01 -1.263654e-01 -3.263520e-01 -7.899783e-01
2.940000e+11 8.507321e-01 -1.490653e-01 -3.395631e-01 -7.656511e-01
2.950000e+11 8.348070e-01 -1.599560e-01 -3.566416e-01 -7.376474e-01
2.960000e+11 8.164044e-01 -1.585701e-01 -3.743762e-01 -7.079647e-01
2.970000e+11 7.967212e-01 -1.457774e-01 -3.902071e-01 -6.791554e-01
2.980000e+11 7.777982e-01 -1.233661e-01 -4.025120e-01 -6.540145e-01
2.990000e+11 7.620347e-01 -9.346358e-02 -4.105022e-01 -6.351767e-01
3.000000e+11 7.516716e-01 -5.805972e-02 -4.138261e-01 -6.248097e-01
3.010000e+11 7.483931e-01 -1.881872e-02 -4.120676e-01 -6.244505e-01
3.020000e+11 7.530308e-01 2.277255e-02 -4.043061e-01 -6.348806e-01
3.030000e+11 7.652676e-01 6.496680e-02 -3.888732e-01 -6.558898e-01
3.040000e+11 7.832911e-01 1.051529e-01 -3.634710e-01 -6.858401e-01
3.050000e+11 8.035544e-01 1.393619e-01 -3.258761e-01 -7.211676e-01
3.060000e+11 8.210951e-01 1.623882e-01 -2.753326e-01 -7.563195e-01
3.070000e+11 8.309081e-01 1.690352e-01 -2.141598e-01 -7.848381e-01
3.080000e+11 8.301432e-01 1.562611e-01 -1.483272e-01 -8.016978e-01
3.090000e+11 8.197166e-01 1.248150e-01 -8.596453e-02 -8.055846e-01
3.100000e+11 8.038806e-01 7.893201e-02 -3.452923e-02 -7.992506e-01
3.110000e+11 7.880355e-01 2.439468e-02 1.282678e-03 -7.876568e-01
3.120000e+11 7.764503e-01 -3.333677e-02 1.974832e-02 -7.754829e-01
3.130000e+11 7.710456e-01 -8.979074e-02 2.113810e-02 -7.655077e-01
3.140000e+11 7.712133e-01 -1.411186e-01 6.778498e-03 -7.581619e-01
3.150000e+11 7.742590e-01 -1.834928e-01 -2.122287e-02 -7.519022e-01
3.160000e+11 7.763137e-01 -2.129856e-01 -5.971587e-02 -7.441331e-01
3.170000e+11 7.737258e-01 -2.262367e-01 -1.042783e-01 -7.325262e-01
3.180000e+11 7.646191e-01 -2.215853e-01 -1.496036e-01 -7.163526e-01
3.190000e+11 7.498414e-01 -1.998012e-01 -1.905722e-01 -6.971541e-01
3.200000e+11 7.326844e-01 -1.637273e-01 -2.233572e-01 -6.783298e-01
3.210000e+11 7.176076e-01 -1.170579e-01 -2.457809e-01 -6.639653e-01
3.220000e+11 7.088016e-01 -6.315356e-02 -2.567542e-01 -6.576387e-01
3.230000e+11 7.091550e-01 -4.620983e-03 -2.552691e-01 -6.616020e-01
3.240000e+11 7.195553e-01 5.617251e-02 -2.395697e-01 -6.761736e-01
3.250000e+11 7.381749e-01 1.158736e-01 -2.070580e-01 -6.990011e-01
3.260000e+11 7.597846e-01 1.687887e-01 -1.554898e-01 -7.242968e-01
3.270000e+11 7.760801e-01 2.066609e-01 -8.564570e-02 -7.431395e-01
3.280000e+11 7.785333e-01 2.211482e-01 -4.048386e-03 -7.464524e-01
3.290000e+11 7.632931e-01 2.085039e-01 7.757590e-02 -7.301537e-01
3.300000e+11 7.340283e-01 1.723042e-01 1.473834e-01 -6.981311e-01
3.310000e+11 6.995275e-01 1.210123e-01 1.987835e-01 -6.596817e-01
3.320000e+11 6.687256e-01 6.304743e-02 2.313415e-01 -6.242596e-01
3.330000e+11 6.476182e-01 3.855739e-03 2.479777e-01 -5.982487e-01
3.340000e+11 6.389252e-01 -5.407891e-02 2.519202e-01 -5.846684e-01
3.350000e+11 6.428723e-01 -1.098048e-01 2.450904e-01 -5.840877e-01
3.360000e+11 6.577570e-01 -1.623042e-01 2.277808e-01 -5.953298e-01
3.370000e+11 6.800024e-01 -2.091880e-01 1.991822e-01 -6.156055e-01
3.380000e+11 7.041437e-01 -2.459944e-01 1.586054e-01 -6.404291e-01
3.390000e+11 7.236273e-01 -2.666839e-01 1.071959e-01 -6.640973e-01
3.400000e+11 7.330358e-01 -2.657365e-01 4.929540e-02 -6.813923e-01
3.410000e+11 7.308985e-01 -2.409205e-01 -7.865313e-03 -6.900059e-01
3.420000e+11 7.208403e-01 -1.944761e-01 -5.635895e-02 -6.918190e-01
3.430000e+11 7.098446e-01 -1.316020e-01 -8.986153e-02 -6.917262e-01
3.440000e+11 7.050122e-01 -5.789922e-02 -1.041832e-01 -6.948638e-01
3.450000e+11 7.107695e-01 2.176052e-02 -9.622611e-02 -7.038895e-01
3.460000e+11 7.268832e-01 1.020376e-01 -6.319596e-02 -7.169058e-01
3.470000e+11 7.469360e-01 1.745751e-01 -4.013667e-03 -7.262374e-01
3.480000e+11 7.586885e-01 2.269973e-01 7.657574e-02 -7.198726e-01
3.490000e+11 7.495473e-01 2.473427e-01 1.648238e-01 -6.880958e-01
3.500000e+11 7.157692e-01 2.326477e-01 2.424079e-01 -6.320118e-01
3.510000e+11 6.657254e-01 1.918863e-01 2.971222e-01 -5.639932e-01
3.520000e+11 6.129583e-01 1.388723e-01 3.281386e-01 -4.987558e-01
3.530000e+11 5.680353e-01 8.404562e-02 3.418468e-01 -4.458040e-01
3.540000e+11 5.362288e-01 3.213372e-02 3.456658e-01 -4.086857e-01
3.550000e+11 5.191385e-01 -1.618985e-02 3.449716e-01 -3.876045e-01
3.560000e+11 5.167156e-01 -6.213565e-02 3.426368e-01 -3.817514e-01
3.570000e+11 5.283653e-01 -1.073146e-01 3.394189e-01 -3.904462e-01
3.580000e+11 5.531144e-01 -1.527328e-01 3.342979e-01 -4.133439e-01
3.590000e+11 5.890498e-01 -1.978053e-01 3.246431e-01 -4.499552e-01
3.600000e+11 6.322781e-01 -2.391910e-01 3.065784e-01 -4.985709e-01
3.610000e+11 6.761142e-01 -2.699409e-01 2.762705e-01 -5.549206e-01
3.620000e+11 7.120179e-01 -2.803989e-01 2.326343e-01 -6.117412e-01
3.630000e+11 7.334531e-01 -2.620460e-01 1.803189e-01 -6.608861e-01
3.640000e+11 7.405914e-01 -2.123468e-01 1.299722e-01 -6.974896e-01
3.650000e+11 7.409191e-01 -1.360375e-01 9.459837e-02 -7.221537e-01
3.660000e+11 7.441813e-01 -4.211884e-02 8.523717e-02 -7.380830e-01
3.670000e+11 7.553865e-01 5.855581e-02 1.086973e-01 -7.452281e-01
3.680000e+11 7.695668e-01 1.518359e-01 1.651942e-01 -7.361316e-01
3.690000e+11 7.715498e-01 2.190370e-01 2.436531e-01 -6.985307e-01
3.700000e+11 7.456349e-01 2.442220e-01 3.209538e-01 -6.271489e-01
3.710000e+11 6.904849e-01 2.271924e-01 3.744398e-01 -5.338051e-01
3.720000e+11 6.206641e-01 1.839438e-01 3.972121e-01 -4.400126e-01
3.730000e+11 5.532424e-01 1.327603e-01 3.972378e-01 -3.614610e-01
3.740000e+11 4.981825e-01 8.439654e-02 3.862367e-01 -3.031242e-01
3.750000e+11 4.585448e-01 4.220943e-02 3.728605e-01 -2.635464e-01
3.760000e+11 4.340013e-01 5.644141e-03 3.618836e-01 -2.395109e-01
3.770000e+11 4.233710e-01 -2.724468e-02 3.554974e-01 -2.283032e-01
3.780000e+11 4.257546e-01 -5.864553e-02 3.544983e-01 -2.283827e-01
3.790000e+11 4.408543e-01 -9.056157e-02 3.589093e-01 -2.394477e-01
3.800000e+11 4.688629e-01 -1.245510e-01 3.681059e-01 -2.623309e-01
3.810000e+11 5.099785e-01 -1.612536e-01 3.805513e-01 -2.987575e-01
3.820000e+11 5.633941e-01 -1.993843e-01 3.932710e-01 -3.507088e-01
3.830000e+11 6.257090e-01 -2.340922e-01 4.015013e-01 -4.189382e-01
3.840000e+11 6.895523e-01 -2.555036e-01 3.996595e-01 -5.004723e-01
3.850000e+11 7.447796e-01 -2.499690e-01 3.850507e-01 -5.864709e-01
3.860000e+11 7.840823e-01 -2.063285e-01 3.631829e-01 -6.635599e-01
3.870000e+11 8.086371e-01 -1.239810e-01 3.488879e-01 -7.188880e-01
3.880000e+11 8.249321e-01 -1.578565e-02 3.588192e-01 -7.426390e-01
3.890000e+11 8.329917e-01 9.420397e-02 3.988812e-01 -7.251859e-01
3.900000e+11 8.196937e-01 1.758421e-01 4.545591e-01 -6.590549e-01
3.910000e+11 7.709670e-01 2.072469e-01 4.964203e-01 -5.522732e-01
3.920000e+11 6.916878e-01 1.916415e-01 5.045066e-01 -4.326415e-01
3.930000e+11 6.029908e-01 1.513450e-01 4.828478e-01 -3.279490e-01
3.940000e+11 5.233183e-01 1.067987e-01 4.474021e-01 -2.495747e-01
3.950000e+11 4.604374e-01 6.764425e-02 4.111923e-01 -1.958258e-01
3.960000e+11 4.148876e-01 3.582377e-02 3.807725e-01 -1.608126e-01
3.970000e+11 3.846183e-01 1.012038e-02 3.584191e-01 -1.391565e-01
3.980000e+11 3.674092e-01 -1.143505e-02 3.445136e-01 -1.271580e-01
3.990000e+11 3.617136e-01 -3.072701e-02 3.388877e-01 -1.226690e-01
4.000000e+11 3.668435e-01 -4.938822e-02 3.414214e-01 -1.247654e-01
4.010000e+11 3.829544e-01 -6.882728e-02 3.522577e-01 -1.335341e-01
4.020000e+11 4.109661e-01 -9.023537e-02 3.718129e-01 -1.500196e-01
4.030000e+11 4.523809e-01 -1.144173e-01 4.006048e-01 -1.762751e-01
4.040000e+11 5.088011e-01 -1.412283e-01 4.388103e-01 -2.153570e-01
4.050000e+11 5.807980e-01 -1.683044e-01 4.854404e-01 -2.708276e-01
4.060000e+11 6.658567e-01 -1.889893e-01 5.373216e-01 -3.448675e-01
4.070000e+11 7.561166e-01 -1.907493e-01 5.890501e-01 -4.339896e-01
4.080000e+11 8.385815e-01 -1.582379e-01 6.358096e-01 -5.233791e-01
4.090000e+11 8.993280e-01 -8.511248e-02 6.772407e-01 -5.855697e-01
4.100000e+11 9.258789e-01 1.163605e-02 7.131923e-01 -5.903160e-01
4.110000e+11 9.053173e-01 9.366563e-02 7.313351e-01 -5.253334e-01
4.120000e+11 8.334213e-01 1.296088e-01 7.120822e-01 -4.131968e-01
4.130000e+11 7.286613e-01 1.213093e-01 6.542582e-01 -2.969470e-01
4.140000e+11 6.203497e-01 9.194609e-02 5.780946e-01 -2.053930e-01
4.150000e+11 5.275411e-01 6.039034e-02 5.041059e-01 -1.432827e-01
4.160000e+11 4.557063e-01 3.419839e-02 4.423759e-01 -1.039343e-01
4.170000e+11 4.033187e-01 1.429119e-02 3.951166e-01 -7.965299e-02
4.180000e+11 3.670283e-01 -6.276206e-04 3.612424e-01 -6.490974e-02
4.190000e+11 3.438136e-01 -1.214012e-02 3.389554e-01 -5.629981e-02
4.200000e+11 3.315551e-01 -2.156568e-02 3.267604e-01 -5.187837e-02
4.210000e+11 3.290695e-01 -2.990875e-02 3.237731e-01 -5.062738e-02
4.220000e+11 3.360355e-01 -3.792929e-02 3.297919e-01 -5.213970e-02
4.230000e+11 3.529513e-01 -4.620959e-02 3.453271e-01 -5.646681e-02
4.240000e+11 3.811448e-01 -5.516942e-02 3.716478e-01 -6.407487e-02
4.250000e+11 4.228000e-01 -6.498297e-02 4.108313e-01 -7.585955e-02
4.260000e+11 4.808633e-01 -7.531200e-02 4.657076e-01 -9.313467e-02
4.270000e+11 5.584884e-01 -8.471972e-02 5.394044e-01 -1.173660e-01
4.280000e+11 6.572799e-01 -8.971559e-02 6.338328e-01 -1.490771e-01
4.290000e+11 7.732124e-01 -8.411266e-02 7.460380e-01 -1.849592e-01
4.300000e+11 8.899699e-01 -6.144411e-02 8.618373e-01 -2.133252e-01
4.310000e+11 9.746066e-01 -2.383333e-02 9.504654e-01 -2.142558e-01
4.320000e+11 9.892863e-01 1.068572e-02 9.734330e-01 -1.760723e-01
4.330000e+11 9.233250e-01 2.297075e-02 9.158460e-01 -1.150111e-01
4.340000e+11 8.071648e-01 1.445323e-02 8.047834e-01 -6.024731e-02
4.350000e+11 6.826054e-01 -8.585378e-04 6.821429e-01 -2.510753e-02
4.360000e+11 5.743796e-01 -1.366501e-02 5.741782e-01 -6.675025e-03
4.370000e+11 4.894478e-01 -2.180836e-02 4.889582e-01 1.843209e-03
4.380000e+11 4.262528e-01 -2.619038e-02 4.254134e-01 5.379648e-03
4.390000e+11 3.809696e-01 -2.815786e-02 3.798695e-01 6.641126e-03
