# #nu(Hz) #T #rho #c #s
0.000000e+00 1.000000e+00 0.000000e+00 1.000000e+00 0.000000e+00
1.000000e+09 9.610411e-01 -6.856882e-03 9.603628e-01 3.544539e-02
2.000000e+09 8.631765e-01 -2.148096e-02 8.610641e-01 5.639991e-02
3.000000e+09 7.440931e-01 -3.415111e-02 7.407678e-01 6.141098e-02
4.000000e+09 6.320772e-01 -4.077706e-02 6.281609e-01 5.720690e-02
5.000000e+09 5.390917e-01 -4.219992e-02 5.351084e-01 4.998057e-02
6.000000e+09 4.667992e-01 -4.052368e-02 4.630508e-01 4.293276e-02
7.000000e+09 4.127861e-01 -3.737527e-02 4.094040e-01 3.719922e-02
8.000000e+09 3.738321e-01 -3.366793e-02 3.708487e-01 3.298691e-02
9.000000e+09 3.471496e-01 -2.980278e-02 3.445467e-01 3.020350e-02
1.000000e+10 3.307099e-01 -2.587247e-02 3.284422e-01 2.872880e-02
1.100000e+10 3.232509e-01 -2.178189e-02 3.212524e-01 2.852345e-02
1.200000e+10 3.242194e-01 -1.729855e-02 3.223938e-01 2.968536e-02
1.300000e+10 3.337360e-01 -1.205439e-02 3.319300e-01 3.250942e-02
1.400000e+10 3.526118e-01 -5.514476e-03 3.505593e-01 3.758729e-02
1.500000e+10 3.824089e-01 3.071643e-03 3.796214e-01 4.598584e-02
1.600000e+10 4.254927e-01 1.469539e-02 4.210480e-01 5.955354e-02
1.700000e+10 4.849022e-01 3.046452e-02 4.770511e-01 8.138976e-02
1.800000e+10 5.635756e-01 5.098395e-02 5.490717e-01 1.163546e-01
1.900000e+10 6.619616e-01 7.454160e-02 6.351726e-01 1.708580e-01
2.000000e+10 7.730019e-01 9.358729e-02 7.255690e-01 2.496456e-01
2.100000e+10 8.766714e-01 9.230093e-02 7.998963e-01 3.466977e-01
2.200000e+10 9.438617e-01 5.472240e-02 8.355034e-01 4.356768e-01
2.300000e+10 9.548731e-01 -1.499361e-02 8.252310e-01 4.801579e-01
2.400000e+10 9.119347e-01 -8.805554e-02 7.800436e-01 4.641153e-01
2.500000e+10 8.317418e-01 -1.362063e-01 7.144071e-01 4.035650e-01
2.600000e+10 7.346854e-01 -1.521795e-01 6.397793e-01 3.275460e-01
2.700000e+10 6.383972e-01 -1.450829e-01 5.658597e-01 2.574971e-01
2.800000e+10 5.538387e-01 -1.270038e-01 4.997866e-01 2.020413e-01
2.900000e+10 4.852271e-01 -1.060844e-01 4.450815e-01 1.615360e-01
3.000000e+10 4.325551e-01 -8.614568e-02 4.023897e-01 1.332867e-01
3.100000e+10 3.940854e-01 -6.834914e-02 3.708919e-01 1.143280e-01
3.200000e+10 3.678247e-01 -5.258690e-02 3.493589e-01 1.023618e-01
3.300000e+10 3.521710e-01 -3.823015e-02 3.367000e-01 9.589550e-02
3.400000e+10 3.461348e-01 -2.443989e-02 3.321836e-01 9.415987e-02
3.500000e+10 3.493996e-01 -1.024965e-02 3.354978e-01 9.703751e-02
3.600000e+10 3.623476e-01 5.456483e-03 3.467338e-01 1.050796e-01
3.700000e+10 3.860861e-01 2.399631e-02 3.662952e-01 1.196432e-01
3.800000e+10 4.224285e-01 4.688516e-02 3.946552e-01 1.431605e-01
3.900000e+10 4.736440e-01 7.558172e-02 4.317552e-01 1.794813e-01
4.000000e+10 5.415168e-01 1.105413e-01 4.756959e-01 2.339540e-01
4.100000e+10 6.249267e-01 1.488425e-01 5.204997e-01 3.121849e-01
4.200000e+10 7.157238e-01 1.802869e-01 5.541989e-01 4.154766e-01
4.300000e+10 7.964378e-01 1.857755e-01 5.621492e-01 5.327184e-01
4.400000e+10 8.480417e-01 1.466184e-01 5.398292e-01 6.373870e-01
4.500000e+10 8.653081e-01 6.270963e-02 5.028201e-01 7.014254e-01
4.600000e+10 8.577913e-01 -4.306697e-02 4.745390e-01 7.132769e-01
4.700000e+10 8.340176e-01 -1.401833e-01 4.651248e-01 6.779329e-01
4.800000e+10 7.940225e-01 -2.059113e-01 4.671891e-01 6.081173e-01
4.900000e+10 7.368843e-01 -2.324384e-01 4.671251e-01 5.203508e-01
5.000000e+10 6.681080e-01 -2.262847e-01 4.570282e-01 4.316118e-01
5.100000e+10 5.976498e-01 -2.007736e-01 4.376131e-01 3.540762e-01
5.200000e+10 5.340923e-01 -1.677999e-01 4.139424e-01 2.928302e-01
5.300000e+10 4.819925e-01 -1.344366e-01 3.909581e-01 2.477809e-01
5.400000e+10 4.426216e-01 -1.035655e-01 3.718224e-01 2.166475e-01
5.500000e+10 4.156123e-01 -7.558591e-02 3.581029e-01 1.969333e-01
5.600000e+10 4.001835e-01 -4.969894e-02 3.504154e-01 1.867776e-01
5.700000e+10 3.957946e-01 -2.457653e-02 3.489215e-01 1.852111e-01
5.800000e+10 4.024391e-01 1.371670e-03 3.535642e-01 1.922180e-01
5.900000e+10 4.207376e-01 2.990584e-02 3.640498e-01 2.087905e-01
6.000000e+10 4.518508e-01 6.283366e-02 3.795381e-01 2.370062e-01
6.100000e+10 4.970427e-01 1.015823e-01 3.979267e-01 2.799765e-01
6.200000e+10 5.564775e-01 1.460093e-01 4.146510e-01 3.411935e-01
6.300000e+10 6.267802e-01 1.919748e-01 4.214651e-01 4.223342e-01
6.400000e+10 6.980379e-01 2.283755e-01 4.072970e-01 5.188551e-01
6.500000e+10 7.543580e-01 2.378187e-01 3.646128e-01 6.160810e-01
6.600000e+10 7.830507e-01 2.061342e-01 2.994533e-01 6.935450e-01
6.700000e+10 7.859092e-01 1.344273e-01 2.324435e-01 7.386153e-01
6.800000e+10 7.768788e-01 3.826069e-02 1.854619e-01 7.534459e-01
6.900000e+10 7.685468e-01 -6.353845e-02 1.696084e-01 7.469003e-01
7.000000e+10 7.635480e-01 -1.553718e-01 1.842055e-01 7.245229e-01
7.100000e+10 7.555652e-01 -2.249319e-01 2.204374e-01 6.867982e-01
7.200000e+10 7.358710e-01 -2.638711e-01 2.650156e-01 6.337546e-01
7.300000e+10 7.005984e-01 -2.708254e-01 3.049824e-01 5.696292e-01
7.400000e+10 6.535222e-01 -2.521985e-01 3.327201e-01 5.027768e-01
7.500000e+10 6.028324e-01 -2.182261e-01 3.474258e-01 4.416781e-01
7.600000e+10 5.562625e-01 -1.779364e-01 3.525892e-01 3.917237e-01
7.700000e+10 5.187262e-01 -1.367920e-01 3.526798e-01 3.549391e-01
7.800000e+10 4.925396e-01 -9.694457e-02 3.512826e-01 3.313571e-01
7.900000e+10 4.785518e-01 -5.838555e-02 3.506247e-01 3.204143e-01
8.000000e+10 4.771122e-01 -1.994436e-02 3.516761e-01 3.218109e-01
8.100000e+10 4.885880e-01 2.005664e-02 3.542479e-01 3.358934e-01
8.200000e+10 5.134154e-01 6.328204e-02 3.568360e-01 3.636740e-01
8.300000e+10 5.515974e-01 1.106462e-01 3.561673e-01 4.064013e-01
8.400000e+10 6.014407e-01 1.609729e-01 3.466986e-01 4.643476e-01
8.500000e+10 6.575793e-01 2.090078e-01 3.209787e-01 5.345081e-01
8.600000e+10 7.096636e-01 2.441210e-01 2.725409e-01 6.080698e-01
8.700000e+10 7.449894e-01 2.529748e-01 2.017449e-01 6.710528e-01
8.800000e+10 7.562797e-01 2.273948e-01 1.197843e-01 7.112681e-01
8.900000e+10 7.477164e-01 1.706050e-01 4.410220e-02 7.266559e-01
9.000000e+10 7.314533e-01 9.417253e-02 -1.140019e-02 7.252761e-01
9.100000e+10 7.189498e-01 1.015076e-02 -4.094265e-02 7.177113e-01
9.200000e+10 7.157910e-01 -7.282640e-02 -4.460070e-02 7.106784e-01
9.300000e+10 7.212242e-01 -1.485310e-01 -2.494703e-02 7.053230e-01
9.400000e+10 7.297464e-01 -2.109568e-01 1.402226e-02 6.984486e-01
9.500000e+10 7.336549e-01 -2.538616e-01 6.626952e-02 6.851366e-01
9.600000e+10 7.265935e-01 -2.727059e-01 1.235833e-01 6.620398e-01
9.700000e+10 7.068108e-01 -2.672323e-01 1.774032e-01 6.298385e-01
9.800000e+10 6.778067e-01 -2.418822e-01 2.216463e-01 5.931170e-01
9.900000e+10 6.460093e-01 -2.034257e-01 2.541377e-01 5.579964e-01
1.000000e+11 6.177727e-01 -1.579742e-01 2.757881e-01 5.297435e-01
1.010000e+11 5.977479e-01 -1.094036e-01 2.887355e-01 5.118253e-01
1.020000e+11 5.887419e-01 -5.934178e-02 2.947895e-01 5.061568e-01
1.030000e+11 5.921762e-01 -7.942036e-03 2.945520e-01 5.136620e-01
1.040000e+11 6.083825e-01 4.510720e-02 2.870088e-01 5.345284e-01
1.050000e+11 6.363639e-01 9.943002e-02 2.694366e-01 5.678702e-01
1.060000e+11 6.729743e-01 1.526217e-01 2.378511e-01 6.107601e-01
1.070000e+11 7.120067e-01 1.990779e-01 1.885893e-01 6.570811e-01
1.080000e+11 7.445572e-01 2.302496e-01 1.213010e-01 6.975934e-01
1.090000e+11 7.621733e-01 2.377638e-01 4.179284e-02 7.229315e-01
1.100000e+11 7.617020e-01 2.182932e-01 -3.864849e-02 7.287279e-01
1.110000e+11 7.474017e-01 1.757415e-01 -1.083402e-01 7.183221e-01
1.120000e+11 7.279458e-01 1.183957e-01 -1.602491e-01 7.001484e-01
1.130000e+11 7.115885e-01 5.436267e-02 -1.928076e-01 6.828090e-01
1.140000e+11 7.034013e-01 -1.073960e-02 -2.075173e-01 6.720079e-01
1.150000e+11 7.049358e-01 -7.345480e-02 -2.064521e-01 6.700123e-01
1.160000e+11 7.148544e-01 -1.310892e-01 -1.911437e-01 6.762370e-01
1.170000e+11 7.296405e-01 -1.805180e-01 -1.627655e-01 6.879650e-01
1.180000e+11 7.444517e-01 -2.178449e-01 -1.230460e-01 7.011502e-01
1.190000e+11 7.544720e-01 -2.391496e-01 -7.520000e-02 7.116042e-01
1.200000e+11 7.566510e-01 -2.419677e-01 -2.410748e-02 7.165133e-01
1.210000e+11 7.509631e-01 -2.264709e-01 2.460203e-02 7.155776e-01
1.220000e+11 7.403047e-01 -1.953839e-01 6.599153e-02 7.110002e-01
1.230000e+11 7.291361e-01 -1.527322e-01 9.674358e-02 7.063660e-01
1.240000e+11 7.218399e-01 -1.024326e-01 1.150775e-01 7.052075e-01
1.250000e+11 7.215837e-01 -4.759702e-02 1.200128e-01 7.099398e-01
1.260000e+11 7.297540e-01 9.277573e-03 1.106445e-01 7.212577e-01
1.270000e+11 7.456505e-01 6.553641e-02 8.593426e-02 7.377770e-01
1.280000e+11 7.662867e-01 1.174827e-01 4.526954e-02 7.558729e-01
1.290000e+11 7.866021e-01 1.600101e-01 -1.026693e-02 7.700872e-01
1.300000e+11 8.006841e-01 1.874330e-01 -7.659009e-02 7.746599e-01
1.310000e+11 8.040907e-01 1.955820e-01 -1.465623e-01 7.660477e-01
1.320000e+11 7.960431e-01 1.838872e-01 -2.119942e-01 7.449352e-01
1.330000e+11 7.797299e-01 1.556540e-01 -2.665882e-01 7.160177e-01
1.340000e+11 7.605047e-01 1.162952e-01 -3.076187e-01 6.857212e-01
1.350000e+11 7.435603e-01 7.110349e-02 -3.354832e-01 6.597554e-01
1.360000e+11 7.325346e-01 2.402370e-02 -3.521278e-01 6.419001e-01
1.370000e+11 7.292140e-01 -2.239444e-02 -3.596304e-01 6.339697e-01
1.380000e+11 7.337886e-01 -6.642426e-02 -3.594684e-01 6.362515e-01
1.390000e+11 7.451934e-01 -1.064982e-01 -3.523989e-01 6.479092e-01
1.400000e+11 7.614022e-01 -1.407402e-01 -3.387406e-01 6.672184e-01
1.410000e+11 7.797621e-01 -1.668397e-01 -3.188859e-01 6.917407e-01
1.420000e+11 7.975029e-01 -1.823289e-01 -2.938723e-01 7.186141e-01
1.430000e+11 8.124209e-01 -1.851895e-01 -2.657844e-01 7.450445e-01
1.440000e+11 8.235111e-01 -1.745222e-01 -2.377651e-01 7.688825e-01
1.450000e+11 8.312049e-01 -1.509221e-01 -2.135850e-01 7.889902e-01
1.460000e+11 8.370254e-01 -1.163889e-01 -1.969708e-01 8.051507e-01
1.470000e+11 8.428012e-01 -7.392193e-02 -1.909856e-01 8.175414e-01
1.480000e+11 8.497884e-01 -2.711832e-02 -1.976040e-01 8.260494e-01
1.490000e+11 8.580305e-01 2.004124e-02 -2.174142e-01 8.297866e-01
1.500000e+11 8.661701e-01 6.331493e-02 -2.493497e-01 8.270832e-01
1.510000e+11 8.718341e-01 9.850718e-02 -2.905380e-01 8.160752e-01
1.520000e+11 8.725568e-01 1.221424e-01 -3.365631e-01 7.957147e-01
1.530000e+11 8.669032e-01 1.323192e-01 -3.823641e-01 7.666880e-01
1.540000e+11 8.551999e-01 1.292262e-01 -4.235389e-01 7.316298e-01
1.550000e+11 8.394488e-01 1.149128e-01 -4.573983e-01 6.944467e-01
1.560000e+11 8.225565e-01 9.244483e-02 -4.832342e-01 6.591949e-01
1.570000e+11 8.074132e-01 6.496849e-02 -5.018409e-01 6.291669e-01
1.580000e+11 7.962681e-01 3.511844e-02 -5.147358e-01 6.065119e-01
1.590000e+11 7.905006e-01 4.862122e-03 -5.234977e-01 5.922986e-01
1.600000e+11 7.906557e-01 -2.436379e-02 -5.293879e-01 5.867634e-01
1.610000e+11 7.965805e-01 -5.140888e-02 -5.332289e-01 5.895461e-01
1.620000e+11 8.075694e-01 -7.518558e-02 -5.354574e-01 5.998340e-01
1.630000e+11 8.225005e-01 -9.453803e-02 -5.362788e-01 6.164209e-01
1.640000e+11 8.399862e-01 -1.082382e-01 -5.358751e-01 6.377296e-01
1.650000e+11 8.585581e-01 -1.151168e-01 -5.346174e-01 6.618567e-01
1.660000e+11 8.768771e-01 -1.142990e-01 -5.332224e-01 6.866754e-01
1.670000e+11 8.939126e-01 -1.054763e-01 -5.327854e-01 7.099959e-01
1.680000e+11 9.090179e-01 -8.911890e-02 -5.346468e-01 7.297425e-01
1.690000e+11 9.218591e-01 -6.655342e-02 -5.401061e-01 7.440969e-01
1.700000e+11 9.322299e-01 -3.987641e-02 -5.500626e-01 7.515941e-01
1.710000e+11 9.398559e-01 -1.172125e-02 -5.646987e-01 7.512037e-01
1.720000e+11 9.443112e-01 1.508542e-02 -5.833273e-01 7.424455e-01
1.730000e+11 9.451161e-01 3.793173e-02 -6.044811e-01 7.255400e-01
1.740000e+11 9.419785e-01 5.482236e-02 -6.262478e-01 7.015210e-01
1.750000e+11 9.350506e-01 6.466977e-02 -6.467504e-01 6.721989e-01
1.760000e+11 9.250537e-01 6.737699e-02 -6.645958e-01 6.399196e-01
1.770000e+11 9.132002e-01 6.368781e-02 -6.791263e-01 6.071786e-01
1.780000e+11 9.009599e-01 5.488108e-02 -6.904149e-01 5.762327e-01
1.790000e+11 8.897829e-01 4.243861e-02 -6.990665e-01 5.488339e-01
1.800000e+11 8.808806e-01 2.779255e-02 -7.059480e-01 5.261327e-01
1.810000e+11 8.751071e-01 1.219219e-02 -7.119512e-01 5.087133e-01
1.820000e+11 8.729295e-01 -3.326780e-03 -7.178368e-01 4.966943e-01
1.830000e+11 8.744553e-01 -1.791301e-02 -7.241620e-01 4.898373e-01
1.840000e+11 8.794846e-01 -3.085163e-02 -7.312706e-01 4.876317e-01
1.850000e+11 8.875721e-01 -4.152759e-02 -7.393216e-01 4.893498e-01
1.860000e+11 8.980902e-01 -4.941632e-02 -7.483371e-01 4.940806e-01
1.870000e+11 9.102936e-01 -5.410606e-02 -7.582531e-01 5.007585e-01
1.880000e+11 9.233836e-01 -5.534598e-02 -7.689633e-01 5.082022e-01
1.890000e+11 9.365696e-01 -5.310520e-02 -7.803446e-01 5.151745e-01
1.900000e+11 9.491200e-01 -4.762212e-02 -7.922607e-01 5.204652e-01
1.910000e+11 9.603995e-01 -3.942259e-02 -8.045446e-01 5.229924e-01
1.920000e+11 9.698922e-01 -2.929182e-02 -8.169736e-01 5.219070e-01
1.930000e+11 9.772170e-01 -1.819666e-02 -8.292522e-01 5.166844e-01
1.940000e+11 9.821422e-01 -7.169055e-03 -8.410220e-01 5.071824e-01
1.950000e+11 9.846015e-01 2.826213e-03 -8.519028e-01 4.936535e-01
1.960000e+11 9.847070e-01 1.101113e-02 -8.615586e-01 4.767007e-01
1.970000e+11 9.827491e-01 1.687569e-02 -8.697655e-01 4.571860e-01
1.980000e+11 9.791732e-01 2.020686e-02 -8.764605e-01 4.361064e-01
1.990000e+11 9.745322e-01 2.106648e-02 -8.817531e-01 4.144644e-01
2.000000e+11 9.694237e-01 1.973248e-02 -8.859004e-01 3.931582e-01
2.010000e+11 9.644232e-01 1.662412e-02 -8.892560e-01 3.729068e-01
2.020000e+11 9.600278e-01 1.222959e-02 -8.922083e-01 3.542149e-01
2.030000e+11 9.566183e-01 7.047837e-03 -8.951255e-01 3.373711e-01
2.040000e+11 9.544404e-01 1.548292e-03 -8.983140e-01 3.224688e-01
2.050000e+11 9.536047e-01 -3.853479e-03 -9.019952e-01 3.094379e-01
2.060000e+11 9.540996e-01 -8.808834e-03 -9.062978e-01 2.980816e-01
2.070000e+11 9.558126e-01 -1.304259e-02 -9.112629e-01 2.881101e-01
2.080000e+11 9.585567e-01 -1.635637e-02 -9.168564e-01 2.791734e-01
2.090000e+11 9.620973e-01 -1.863027e-02 -9.229857e-01 2.708905e-01
2.100000e+11 9.661787e-01 -1.982270e-02 -9.295182e-01 2.628769e-01
2.110000e+11 9.705469e-01 -1.996726e-02 -9.362984e-01 2.547702e-01
2.120000e+11 9.749683e-01 -1.916564e-02 -9.431625e-01 2.462525e-01
2.130000e+11 9.792435e-01 -1.757567e-02 -9.499513e-01 2.370687e-01
2.140000e+11 9.832157e-01 -1.539503e-02 -9.565195e-01 2.270387e-01
2.150000e+11 9.867737e-01 -1.284200e-02 -9.627429e-01 2.160638e-01
2.160000e+11 9.898509e-01 -1.013534e-02 -9.685224e-01 2.041235e-01
2.170000e+11 9.924210e-01 -7.475974e-03 -9.737866e-01 1.912674e-01
2.180000e+11 9.944910e-01 -5.032249e-03 -9.784913e-01 1.776002e-01
2.190000e+11 9.960929e-01 -2.930520e-03 -9.826175e-01 1.632644e-01
2.200000e+11 9.972745e-01 -1.251287e-03 -9.861673e-01 1.484217e-01
2.210000e+11 9.980915e-01 -3.058245e-05 -9.891587e-01 1.332360e-01
2.220000e+11 9.986000e-01 7.344428e-04 -9.916201e-01 1.178596e-01
2.230000e+11 9.988509e-01 1.077133e-03 -9.935851e-01 1.024231e-01
2.240000e+11 9.988870e-01 1.051562e-03 -9.950879e-01 8.703023e-02
2.250000e+11 9.987417e-01 7.226962e-04 -9.961604e-01 7.175582e-02
2.260000e+11 9.984394e-01 1.575295e-04 -9.968311e-01 5.664810e-02
2.270000e+11 9.979973e-01 -5.820398e-04 -9.971242e-01 4.173285e-02
2.280000e+11 9.974281e-01 -1.444120e-03 -9.970610e-01 2.701927e-02
2.290000e+11 9.967418e-01 -2.389303e-03 -9.966605e-01 1.250659e-02
2.300000e+11 9.959478e-01 -3.390752e-03 -9.959404e-01 -1.809714e-03
2.310000e+11 9.950559e-01 -4.432141e-03 -9.949184e-01 -1.593246e-02
2.320000e+11 9.940760e-01 -5.503910e-03 -9.936123e-01 -2.985890e-02
2.330000e+11 9.930186e-01 -6.598430e-03 -9.920399e-01 -4.357867e-02
2.340000e+11 9.918931e-01 -7.704787e-03 -9.902197e-01 -5.707384e-02
2.350000e+11 9.907083e-01 -8.803919e-03 -9.881703e-01 -7.032103e-02
2.360000e+11 9.894722e-01 -9.864824e-03 -9.859106e-01 -8.329548e-02
2.370000e+11 9.881928e-01 -1.084247e-02 -9.834612e-01 -9.597661e-02
2.380000e+11 9.868807e-01 -1.167785e-02 -9.808448e-01 -1.083546e-01
2.390000e+11 9.855513e-01 -1.230054e-02 -9.780874e-01 -1.204372e-01
2.400000e+11 9.842282e-01 -1.263354e-02 -9.752200e-01 -1.322558e-01
2.410000e+11 9.829462e-01 -1.260042e-02 -9.722787e-01 -1.438702e-01
2.420000e+11 9.817533e-01 -1.213383e-02 -9.693050e-01 -1.553713e-01
2.430000e+11 9.807109e-01 -1.118486e-02 -9.663436e-01 -1.668796e-01
2.440000e+11 9.798917e-01 -9.732182e-03 -9.634395e-01 -1.785422e-01
2.450000e+11 9.793747e-01 -7.790123e-03 -9.606325e-01 -1.905239e-01
2.460000e+11 9.792368e-01 -5.414877e-03 -9.579497e-01 -2.029968e-01
2.470000e+11 9.795419e-01 -2.708268e-03 -9.553977e-01 -2.161255e-01
2.480000e+11 9.803279e-01 1.814138e-04 -9.529532e-01 -2.300498e-01
2.490000e+11 9.815938e-01 3.061980e-03 -9.505565e-01 -2.448661e-01
2.500000e+11 9.832872e-01 5.703905e-03 -9.481062e-01 -2.606069e-01
2.510000e+11 9.852965e-01 7.851684e-03 -9.454604e-01 -2.772223e-01
2.520000e+11 9.874480e-01 9.240842e-03 -9.424439e-01 -2.945635e-01
2.530000e+11 9.895113e-01 9.621149e-03 -9.388624e-01 -3.123739e-01
2.540000e+11 9.912131e-01 8.785612e-03 -9.345241e-01 -3.302893e-01
2.550000e+11 9.922591e-01 6.603150e-03 -9.292644e-01 -3.478537e-01
2.560000e+11 9.923619e-01 3.050699e-03 -9.229712e-01 -3.645505e-01
2.570000e+11 9.912710e-01 -1.761437e-03 -9.156034e-01 -3.798494e-01
2.580000e+11 9.888013e-01 -7.577888e-03 -9.072004e-01 -3.932656e-01
2.590000e+11 9.848545e-01 -1.400585e-02 -8.978782e-01 -4.044218e-01
2.600000e+11 9.794345e-01 -2.054424e-02 -8.878151e-01 -4.131031e-01
2.610000e+11 9.726527e-01 -2.663170e-02 -8.772312e-01 -4.192965e-01
2.620000e+11 9.647286e-01 -3.170608e-02 -8.663676e-01 -4.232059e-01
2.630000e+11 9.559833e-01 -3.526473e-02 -8.554701e-01 -4.252428e-01
2.640000e+11 9.468280e-01 -3.691531e-02 -8.447778e-01 -4.259941e-01
2.650000e+11 9.377460e-01 -3.640911e-02 -8.345161e-01 -4.261746e-01
2.660000e+11 9.292670e-01 -3.365422e-02 -8.248889e-01 -4.265710e-01
2.670000e+11 9.219335e-01 -2.871101e-02 -8.160657e-01 -4.279880e-01
2.680000e+11 9.162609e-01 -2.177684e-02 -8.081631e-01 -4.311987e-01
2.690000e+11 9.126932e-01 -1.316848e-02 -8.012189e-01 -4.369025e-01
2.700000e+11 9.115561e-01 -3.309957e-03 -7.951640e-01 -4.456881e-01
2.710000e+11 9.130111e-01 7.269667e-03 -7.897962e-01 -4.579939e-01
2.720000e+11 9.170121e-01 1.792936e-02 -7.847647e-01 -4.740613e-01
2.730000e+11 9.232715e-01 2.790727e-02 -7.795752e-01 -4.938765e-01
2.740000e+11 9.312440e-01 3.632379e-02 -7.736278e-01 -5.171035e-01
2.750000e+11 9.401430e-01 4.221575e-02 -7.662979e-01 -5.430233e-01
2.760000e+11 9.490020e-01 4.461995e-02 -7.570586e-01 -5.705051e-01
2.770000e+11 9.567869e-01 4.271384e-02 -7.456279e-01 -5.980432e-01
2.780000e+11 9.625430e-01 3.599711e-02 -7.320949e-01 -6.238831e-01
2.790000e+11 9.655372e-01 2.446971e-02 -7.169709e-01 -6.462323e-01
2.800000e+11 9.653480e-01 8.744579e-03 -7.011206e-01 -6.635136e-01
2.810000e+11 9.618684e-01 -9.956756e-03 -6.855766e-01 -6.745935e-01
2.820000e+11 9.552336e-01 -2.993955e-02 -6.712919e-01 -6.789271e-01
2.830000e+11 9.457218e-01 -4.927174e-02 -6.589196e-01 -6.765995e-01
2.840000e+11 9.336866e-01 -6.606189e-02 -6.486961e-01 -6.682812e-01
2.850000e+11 9.195545e-01 -7.871636e-02 -6.404581e-01 -6.551318e-01
2.860000e+11 9.038738e-01 -8.612545e-02 -6.337681e-01 -6.386769e-01
2.870000e+11 8.873694e-01 -8.774739e-02 -6.280893e-01 -6.206680e-01
2.880000e+11 8.709598e-01 -8.358390e-02 -6.229390e-01 -6.029359e-01
2.890000e+11 8.557110e-01 -7.406897e-02 -6.179730e-01 -5.872516e-01
2.900000e+11 8.427403e-01 -5.991526e-02 -6.129836e-01 -5.752151e-01
2.910000e+11 8.330950e-01 -4.197057e-02 -6.078254e-01 -5.681848e-01
2.920000e+11 8.276331e-01 -2.112687e-02 -6.023018e-01 -5.672414e-01
2.930000e+11 8.269140e-01 1.695392e-03 -5.960430e-01 -5.731637e-01
2.940000e+11 8.310956e-01 2.548612e-02 -5.884094e-01 -5.863826e-01
2.950000e+11 8.398322e-01 4.902663e-02 -5.784508e-01 -6.068848e-01
2.960000e+11 8.521874e-01 7.075535e-02 -5.649677e-01 -6.340573e-01
2.970000e+11 8.666093e-01 8.869236e-02 -5.467245e-01 -6.665116e-01
2.980000e+11 8.810512e-01 1.005241e-01 -5.228408e-01 -7.019855e-01
2.990000e+11 8.933125e-01 1.039351e-01 -4.932988e-01 -7.374694e-01
3.000000e+11 9.015738e-01 9.717151e-02 -4.593687e-01 -7.696580e-01
3.010000e+11 9.049309e-01 7.964803e-02 -4.236767e-01 -7.956470e-01
3.020000e+11 9.036289e-01 5.230110e-02 -3.897539e-01 -8.135734e-01
3.030000e+11 8.988145e-01 1.749793e-02 -3.612028e-01 -8.228571e-01
3.040000e+11 8.919156e-01 -2.142177e-02 -3.408447e-01 -8.239414e-01
3.050000e+11 8.839828e-01 -6.071126e-02 -3.301694e-01 -8.177579e-01
3.060000e+11 8.753050e-01 -9.668424e-02 -3.291759e-01 -8.052666e-01
3.070000e+11 8.654387e-01 -1.260598e-01 -3.365204e-01 -7.873037e-01
3.080000e+11 8.535977e-01 -1.462641e-01 -3.498683e-01 -7.647405e-01
3.090000e+11 8.392151e-01 -1.557163e-01 -3.663866e-01 -7.387796e-01
3.100000e+11 8.224257e-01 -1.540110e-01 -3.833000e-01 -7.111581e-01
3.110000e+11 8.042547e-01 -1.418656e-01 -3.983665e-01 -6.841081e-01
3.120000e+11 7.864569e-01 -1.208014e-01 -4.101191e-01 -6.600937e-01
3.130000e+11 7.711243e-01 -9.268579e-02 -4.178043e-01 -6.414683e-01
3.140000e+11 7.602542e-01 -5.933247e-02 -4.210843e-01 -6.302016e-01
3.150000e+11 7.554029e-01 -2.231155e-02 -4.196421e-01 -6.277231e-01
3.160000e+11 7.574343e-01 1.698296e-02 -4.128211e-01 -6.348205e-01
3.170000e+11 7.662968e-01 5.703832e-02 -3.994060e-01 -6.514847e-01
3.180000e+11 7.807815e-01 9.578769e-02 -3.776491e-01 -6.766281e-01
3.190000e+11 7.983310e-01 1.302051e-01 -3.456864e-01 -7.077288e-01
3.200000e+11 8.151523e-01 1.562379e-01 -3.024365e-01 -7.406721e-01
3.210000e+11 8.269802e-01 1.694432e-01 -2.488009e-01 -7.702488e-01
3.220000e+11 8.305484e-01 1.663881e-01 -1.884809e-01 -7.915811e-01
3.230000e+11 8.251044e-01 1.461496e-01 -1.275568e-01 -8.019768e-01
3.240000e+11 8.128641e-01 1.108215e-01 -7.273756e-02 -8.019825e-01
3.250000e+11 7.979712e-01 6.460726e-02 -2.937453e-02 -7.948088e-01
3.260000e+11 7.847120e-01 1.227758e-02 -4.905629e-04 -7.846157e-01
3.270000e+11 7.760742e-01 -4.190290e-02 1.296798e-02 -7.748336e-01
3.280000e+11 7.730934e-01 -9.436340e-02 1.136195e-02 -7.672286e-01
3.290000e+11 7.748254e-01 -1.418345e-01 -4.193250e-03 -7.617216e-01
3.300000e+11 7.787151e-01 -1.809273e-01 -3.188642e-02 -7.567336e-01
3.310000e+11 7.813327e-01 -2.081432e-01 -6.894025e-02 -7.499363e-01
3.320000e+11 7.795028e-01 -2.204906e-01 -1.114417e-01 -7.393168e-01
3.330000e+11 7.715626e-01 -2.164351e-01 -1.546911e-01 -7.242481e-01
3.340000e+11 7.581469e-01 -1.965217e-01 -1.940974e-01 -7.060398e-01
3.350000e+11 7.420092e-01 -1.631390e-01 -2.261214e-01 -6.876281e-01
3.360000e+11 7.270162e-01 -1.195583e-01 -2.486515e-01 -6.726297e-01
3.370000e+11 7.169412e-01 -6.891822e-02 -2.606351e-01 -6.643225e-01
3.380000e+11 7.145504e-01 -1.375361e-02 -2.612931e-01 -6.649203e-01
3.390000e+11 7.210100e-01 4.374858e-02 -2.494009e-01 -6.750857e-01
3.400000e+11 7.353759e-01 1.009109e-01 -2.230541e-01 -6.934274e-01
3.410000e+11 7.540878e-01 1.535174e-01 -1.802922e-01 -7.159438e-01
3.420000e+11 7.709503e-01 1.953007e-01 -1.207959e-01 -7.359554e-01
3.430000e+11 7.785958e-01 2.190483e-01 -4.808542e-02 -7.455985e-01
3.440000e+11 7.717686e-01 2.196595e-01 2.969383e-02 -7.392529e-01
3.450000e+11 7.505099e-01 1.972007e-01 1.022108e-01 -7.168891e-01
3.460000e+11 7.202657e-01 1.569524e-01 1.613405e-01 -6.841914e-01
3.470000e+11 6.887823e-01 1.062989e-01 2.037952e-01 -6.492989e-01
3.480000e+11 6.627472e-01 5.142937e-02 2.304045e-01 -6.192759e-01
3.490000e+11 6.463163e-01 -3.971948e-03 2.437507e-01 -5.985772e-01
3.500000e+11 6.412404e-01 -5.826800e-02 2.461991e-01 -5.892199e-01
3.510000e+11 6.474284e-01 -1.107150e-01 2.389592e-01 -5.914425e-01
3.520000e+11 6.632437e-01 -1.602733e-01 2.219708e-01 -6.040973e-01
3.530000e+11 6.854502e-01 -2.046283e-01 1.943845e-01 -6.246470e-01
3.540000e+11 7.091895e-01 -2.396841e-01 1.555850e-01 -6.490721e-01
3.550000e+11 7.286577e-01 -2.600141e-01 1.066057e-01 -6.722871e-01
3.560000e+11 7.389371e-01 -2.605928e-01 5.125712e-02 -6.895594e-01
3.570000e+11 7.383490e-01 -2.391170e-01 -4.069734e-03 -6.985454e-01
3.580000e+11 7.295881e-01 -1.971746e-01 -5.217574e-02 -7.004989e-01
3.590000e+11 7.185294e-01 -1.392259e-01 -8.710154e-02 -6.995098e-01
3.600000e+11 7.115924e-01 -7.046508e-02 -1.048677e-01 -7.002865e-01
3.610000e+11 7.132999e-01 4.476446e-03 -1.027929e-01 -7.058402e-01
3.620000e+11 7.246012e-01 8.103983e-02 -7.865032e-02 -7.157469e-01
3.630000e+11 7.416753e-01 1.529456e-01 -3.114406e-02 -7.250655e-01
3.640000e+11 7.556925e-01 2.108193e-01 3.757250e-02 -7.247169e-01
3.650000e+11 7.555294e-01 2.439338e-01 1.188308e-01 -7.051242e-01
3.660000e+11 7.341708e-01 2.459766e-01 1.981714e-01 -6.627446e-01
3.670000e+11 6.939746e-01 2.199597e-01 2.620426e-01 -6.037815e-01
3.680000e+11 6.447967e-01 1.761645e-01 3.046584e-01 -5.402889e-01
3.690000e+11 5.973767e-01 1.254427e-01 3.283144e-01 -4.830452e-01
3.700000e+11 5.589160e-01 7.475758e-02 3.389677e-01 -4.380631e-01
3.710000e+11 5.327506e-01 2.685367e-02 3.423419e-01 -4.073133e-01
3.720000e+11 5.198335e-01 -1.821761e-02 3.423666e-01 -3.907430e-01
3.730000e+11 5.200858e-01 -6.160231e-02 3.410622e-01 -3.877770e-01
3.740000e+11 5.330586e-01 -1.046280e-01 3.388120e-01 -3.980087e-01
3.750000e+11 5.579483e-01 -1.480442e-01 3.345532e-01 -4.212640e-01
3.760000e+11 5.930814e-01 -1.912083e-01 3.258658e-01 -4.571613e-01
3.770000e+11 6.350382e-01 -2.311114e-01 3.092643e-01 -5.041990e-01
3.780000e+11 6.779586e-01 -2.616472e-01 2.812568e-01 -5.586261e-01
3.790000e+11 7.142063e-01 -2.742509e-01 2.405753e-01 -6.140038e-01
3.800000e+11 7.374056e-01 -2.609334e-01 1.907674e-01 -6.627885e-01
3.810000e+11 7.465193e-01 -2.184795e-01 1.407915e-01 -6.998111e-01
3.820000e+11 7.471082e-01 -1.501994e-01 1.022620e-01 -7.246746e-01
3.830000e+11 7.478294e-01 -6.382173e-02 8.553492e-02 -7.401752e-01
3.840000e+11 7.546993e-01 3.117746e-02 9.741866e-02 -7.477357e-01
3.850000e+11 7.664141e-01 1.234402e-01 1.397566e-01 -7.433850e-01
3.860000e+11 7.728288e-01 1.982174e-01 2.065436e-01 -7.178537e-01
3.870000e+11 7.596709e-01 2.401905e-01 2.816304e-01 -6.633948e-01
3.880000e+11 7.196396e-01 2.427501e-01 3.441713e-01 -5.835235e-01
3.890000e+11 6.593571e-01 2.137843e-01 3.811910e-01 -4.937018e-01
3.900000e+11 5.933190e-01 1.690282e-01 3.934936e-01 -4.106333e-01
3.910000e+11 5.336572e-01 1.215616e-01 3.898653e-01 -3.435372e-01
3.920000e+11 4.863475e-01 7.791373e-02 3.793651e-01 -2.941861e-01
3.930000e+11 4.528490e-01 3.966618e-02 3.681443e-01 -2.607080e-01
3.940000e+11 4.326382e-01 5.969882e-03 3.595811e-01 -2.405027e-01
3.950000e+11 4.247992e-01 -2.487451e-02 3.552780e-01 -2.315451e-01
3.960000e+11 4.287213e-01 -5.470529e-02 3.558486e-01 -2.327683e-01
3.970000e+11 4.442871e-01 -8.521192e-02 3.613086e-01 -2.441025e-01
3.980000e+11 4.717621e-01 -1.177214e-01 3.711192e-01 -2.664052e-01
3.990000e+11 5.113907e-01 -1.527939e-01 3.839390e-01 -3.012729e-01
4.000000e+11 5.625645e-01 -1.893870e-01 3.971691e-01 -3.505254e-01
4.010000e+11 6.225021e-01 -2.234972e-01 4.066125e-01 -4.149990e-01
4.020000e+11 6.849827e-01 -2.468432e-01 4.071146e-01 -4.924707e-01
4.030000e+11 7.408961e-01 -2.474684e-01 3.953760e-01 -5.756424e-01
4.040000e+11 7.824238e-01 -2.143931e-01 3.744979e-01 -6.526667e-01
4.050000e+11 8.084760e-01 -1.446800e-01 3.560653e-01 -7.112795e-01
4.060000e+11 8.243190e-01 -4.708172e-02 3.553696e-01 -7.422921e-01
4.070000e+11 8.331267e-01 5.958274e-02 3.815489e-01 -7.382211e-01
4.080000e+11 8.279124e-01 1.502220e-01 4.286378e-01 -6.922008e-01
4.090000e+11 7.955056e-01 2.017923e-01 4.750598e-01 -6.053324e-01
4.100000e+11 7.321862e-01 2.072884e-01 4.981031e-01 -4.949964e-01
4.110000e+11 6.507995e-01 1.798290e-01 4.914863e-01 -3.868368e-01
4.120000e+11 5.695046e-01 1.392051e-01 4.648716e-01 -2.980803e-01
4.130000e+11 4.999589e-01 9.890737e-02 4.312548e-01 -2.327993e-01
4.140000e+11 4.459581e-01 6.427509e-02 3.993973e-01 -1.876944e-01
4.150000e+11 4.069964e-01 3.588991e-02 3.734351e-01 -1.578107e-01
4.160000e+11 3.812392e-01 1.251299e-02 3.547695e-01 -1.390158e-01
4.170000e+11 3.669476e-01 -7.492422e-03 3.436288e-01 -1.285054e-01
4.180000e+11 3.629709e-01 -2.567415e-02 3.399260e-01 -1.246555e-01
4.190000e+11 3.688586e-01 -4.339816e-02 3.436510e-01 -1.267962e-01
4.200000e+11 3.848518e-01 -6.187044e-02 3.550171e-01 -1.350771e-01
4.210000e+11 4.118282e-01 -8.213558e-02 3.744621e-01 -1.504470e-01
4.220000e+11 4.511627e-01 -1.049396e-01 4.025069e-01 -1.747103e-01
4.230000e+11 5.043500e-01 -1.302915e-01 4.393922e-01 -2.105412e-01
4.240000e+11 5.721141e-01 -1.564786e-01 4.843918e-01 -2.611390e-01
4.250000e+11 6.527437e-01 -1.784033e-01 5.348842e-01 -3.288549e-01
4.260000e+11 7.400243e-01 -1.859951e-01 5.859624e-01 -4.119342e-01
4.270000e+11 8.226906e-01 -1.655715e-01 6.321963e-01 -4.997336e-01
4.280000e+11 8.875295e-01 -1.079645e-01 6.714120e-01 -5.703142e-01
4.290000e+11 9.231799e-01 -2.102756e-02 7.044290e-01 -5.963210e-01
4.300000e+11 9.194133e-01 6.656191e-02 7.260927e-01 -5.600711e-01
4.310000e+11 8.693783e-01 1.218484e-01 7.213963e-01 -4.696371e-01
4.320000e+11 7.809755e-01 1.332759e-01 6.812959e-01 -3.577654e-01
4.330000e+11 6.771975e-01 1.145811e-01 6.158188e-01 -2.573614e-01
4.340000e+11 5.798214e-01 8.538793e-02 5.436869e-01 -1.825001e-01
4.350000e+11 4.994430e-01 5.748461e-02 4.782801e-01 -1.318597e-01
4.360000e+11 4.377649e-01 3.477767e-02 4.249943e-01 -9.903775e-02
4.370000e+11 3.926846e-01 1.730293e-02 3.844478e-01 -7.811302e-02
4.380000e+11 3.613608e-01 3.903161e-03 3.554537e-01 -6.495423e-02
4.390000e+11 3.414018e-01 -6.676297e-03 3.365474e-01 -5.697737e-02
4.400000e+11 3.311660e-01 -1.548067e-02 3.265851e-01 -5.266337e-02
4.410000e+11 3.297656e-01 -2.332338e-02 3.249321e-01 -5.119109e-02
4.420000e+11 3.370165e-01 -3.083656e-02 3.315156e-01 -5.221743e-02
4.430000e+11 3.534148e-01 -3.851842e-02 3.468547e-01 -5.576931e-02
4.440000e+11 3.801539e-01 -4.674507e-02 3.721041e-01 -6.221259e-02
4.450000e+11 4.191502e-01 -5.571380e-02 4.090972e-01 -7.226618e-02
4.460000e+11 4.729798e-01 -6.525764e-02 4.603057e-01 -8.700577e-02
4.470000e+11 5.444744e-01 -7.443292e-02 5.284982e-01 -1.077114e-01
4.480000e+11 6.354457e-01 -8.080863e-02 6.156175e-01 -1.351901e-01
4.490000e+11 7.436864e-01 -7.976772e-02 7.200827e-01 -1.678915e-01
4.500000e+11 8.578059e-01 -6.538946e-02 8.319607e-01 -1.984858e-01
4.510000e+11 9.525663e-01 -3.577048e-02 9.280121e-01 -2.118879e-01
4.520000e+11 9.938132e-01 -8.469204e-04 9.748453e-01 -1.932371e-01
4.530000e+11 9.607286e-01 2.139040e-02 9.493996e-01 -1.455413e-01
4.540000e+11 8.667601e-01 2.329593e-02 8.616582e-01 -9.096995e-02
4.550000e+11 7.479140e-01 1.276701e-02 7.462282e-01 -4.853722e-02
4.560000e+11 6.343776e-01 1.807602e-04 6.339862e-01 -2.228175e-02
4.570000e+11 5.397793e-01 -9.545578e-03 5.396358e-01 -7.988297e-03
4.580000e+11 4.663211e-01 -1.572526e-02 4.660553e-01 -7.081150e-04
4.590000e+11 4.115686e-01 -1.916325e-02 4.111121e-01 2.891275e-03
