# #nu(Hz) #T #rho #c #s
0.000000e+00 1.000000e+00 0.000000e+00 1.000000e+00 0.000000e+00
1.000000e+09 9.606701e-01 -8.166316e-03 9.597781e-01 4.057447e-02
2.000000e+09 8.621796e-01 -2.557294e-02 8.594044e-01 6.421743e-02
3.000000e+09 7.428285e-01 -4.068355e-02 7.384609e-01 6.938722e-02
4.000000e+09 6.309310e-01 -4.869333e-02 6.257827e-01 6.402266e-02
5.000000e+09 5.382274e-01 -5.061394e-02 5.329811e-01 5.530067e-02
6.000000e+09 4.662244e-01 -4.892459e-02 4.612752e-01 4.686928e-02
7.000000e+09 4.124521e-01 -4.554002e-02 4.079756e-01 3.998471e-02
8.000000e+09 3.736855e-01 -4.154176e-02 3.697313e-01 3.484066e-02
9.000000e+09 3.471495e-01 -3.741702e-02 3.437056e-01 3.129260e-02
1.000000e+10 3.308310e-01 -3.329821e-02 3.278564e-01 2.916419e-02
1.100000e+10 3.234834e-01 -2.910591e-02 3.209201e-01 2.836560e-02
1.200000e+10 3.245685e-01 -2.461044e-02 3.223367e-01 2.895017e-02
1.300000e+10 3.342252e-01 -1.943745e-02 3.322002e-01 3.117241e-02
1.400000e+10 3.532897e-01 -1.303446e-02 3.512510e-01 3.558687e-02
1.500000e+10 3.833625e-01 -4.613879e-03 3.808893e-01 4.323027e-02
1.600000e+10 4.268706e-01 6.888487e-03 4.231330e-01 5.594244e-02
1.700000e+10 4.869443e-01 2.271117e-02 4.803014e-01 7.687351e-02
1.800000e+10 5.666241e-01 4.365762e-02 5.539136e-01 1.110703e-01
1.900000e+10 6.663528e-01 6.820770e-02 6.418964e-01 1.653568e-01
2.000000e+10 7.786277e-01 8.871103e-02 7.337245e-01 2.450304e-01
2.100000e+10 8.822085e-01 8.859562e-02 8.074886e-01 3.441000e-01
2.200000e+10 9.467671e-01 5.099919e-02 8.393768e-01 4.349869e-01
2.300000e+10 9.533083e-01 -1.961377e-02 8.234332e-01 4.799685e-01
2.400000e+10 9.064785e-01 -9.342418e-02 7.733607e-01 4.635606e-01
2.500000e+10 8.245814e-01 -1.420155e-01 7.052583e-01 4.029600e-01
2.600000e+10 7.278420e-01 -1.584374e-01 6.304703e-01 3.273512e-01
2.700000e+10 6.328815e-01 -1.518085e-01 5.577362e-01 2.577277e-01
2.800000e+10 5.498166e-01 -1.340642e-01 4.932930e-01 2.024529e-01
2.900000e+10 4.824774e-01 -1.132874e-01 4.401617e-01 1.618890e-01
3.000000e+10 4.307794e-01 -9.333946e-02 3.988159e-01 1.334336e-01
3.100000e+10 3.930345e-01 -7.545052e-02 3.684318e-01 1.141987e-01
3.200000e+10 3.673263e-01 -5.956930e-02 3.478367e-01 1.019301e-01
3.300000e+10 3.521244e-01 -4.510113e-02 3.360105e-01 9.515472e-02
3.400000e+10 3.465007e-01 -3.122039e-02 3.322925e-01 9.311114e-02
3.500000e+10 3.501965e-01 -1.695551e-02 3.364426e-01 9.568942e-02
3.600000e+10 3.636572e-01 -1.166016e-03 3.486279e-01 1.034589e-01
3.700000e+10 3.880696e-01 1.751490e-02 3.693363e-01 1.178217e-01
3.800000e+10 4.253510e-01 4.068196e-02 3.991243e-01 1.413090e-01
3.900000e+10 4.778897e-01 6.989633e-02 4.379758e-01 1.779614e-01
4.000000e+10 5.475319e-01 1.056754e-01 4.838737e-01 2.334312e-01
4.100000e+10 6.329407e-01 1.449181e-01 5.303327e-01 3.136240e-01
4.200000e+10 7.251089e-01 1.766816e-01 5.643322e-01 4.196375e-01
4.300000e+10 8.051497e-01 1.807034e-01 5.702466e-01 5.389167e-01
4.400000e+10 8.534598e-01 1.381786e-01 5.441653e-01 6.427943e-01
4.500000e+10 8.661905e-01 5.103309e-02 5.037420e-01 7.027984e-01
4.600000e+10 8.545883e-01 -5.562226e-02 4.733592e-01 7.093367e-01
4.700000e+10 8.276903e-01 -1.510337e-01 4.624053e-01 6.696577e-01
4.800000e+10 7.856540e-01 -2.139129e-01 4.628414e-01 5.977217e-01
4.900000e+10 7.278611e-01 -2.380879e-01 4.613900e-01 5.101129e-01
5.000000e+10 6.597947e-01 -2.308055e-01 4.507376e-01 4.229580e-01
5.100000e+10 5.908725e-01 -2.051536e-01 4.317006e-01 3.473858e-01
5.200000e+10 5.290592e-01 -1.724859e-01 4.090245e-01 2.878388e-01
5.300000e+10 4.785489e-01 -1.394932e-01 3.872945e-01 2.440362e-01
5.400000e+10 4.405069e-01 -1.088964e-01 3.694572e-01 2.137505e-01
5.500000e+10 4.146000e-01 -8.105825e-02 3.570023e-01 1.946074e-01
5.600000e+10 4.001336e-01 -5.518393e-02 3.505506e-01 1.848674e-01
5.700000e+10 3.966692e-01 -2.994628e-02 3.503068e-01 1.836705e-01
5.800000e+10 4.043092e-01 -3.734266e-03 3.562694e-01 1.911129e-01
5.900000e+10 4.237920e-01 2.525980e-02 3.681876e-01 2.083254e-01
6.000000e+10 4.563987e-01 5.890800e-02 3.852120e-01 2.375737e-01
6.100000e+10 5.034705e-01 9.866960e-02 4.050987e-01 2.822090e-01
6.200000e+10 5.650658e-01 1.442607e-01 4.228776e-01 3.459230e-01
6.300000e+10 6.372520e-01 1.909620e-01 4.295544e-01 4.302402e-01
6.400000e+10 7.089495e-01 2.265081e-01 4.133158e-01 5.295975e-01
6.500000e+10 7.631847e-01 2.324832e-01 3.669888e-01 6.274725e-01
6.600000e+10 7.878172e-01 1.954260e-01 2.986933e-01 7.023154e-01
6.700000e+10 7.867658e-01 1.188981e-01 2.310717e-01 7.426099e-01
6.800000e+10 7.753502e-01 2.039717e-02 1.859127e-01 7.524549e-01
6.900000e+10 7.657401e-01 -8.094505e-02 1.727305e-01 7.415996e-01
7.000000e+10 7.594906e-01 -1.701078e-01 1.892723e-01 7.155874e-01
7.100000e+10 7.497874e-01 -2.356912e-01 2.258361e-01 6.750028e-01
7.200000e+10 7.283523e-01 -2.705477e-01 2.691609e-01 6.203656e-01
7.300000e+10 6.921665e-01 -2.744537e-01 3.071274e-01 5.562755e-01
7.400000e+10 6.454121e-01 -2.542804e-01 3.331371e-01 4.908339e-01
7.500000e+10 5.960248e-01 -2.199695e-01 3.469453e-01 4.318424e-01
7.600000e+10 5.512275e-01 -1.799600e-01 3.520594e-01 3.840838e-01
7.700000e+10 5.155525e-01 -1.392360e-01 3.527161e-01 3.492837e-01
7.800000e+10 4.911586e-01 -9.967989e-02 3.522594e-01 3.274354e-01
7.900000e+10 4.789004e-01 -6.115837e-02 3.527485e-01 3.180781e-01
8.000000e+10 4.792170e-01 -2.244050e-02 3.550398e-01 3.210795e-01
8.100000e+10 4.925922e-01 1.818791e-02 3.588298e-01 3.369829e-01
8.200000e+10 5.195490e-01 6.239188e-02 3.624236e-01 3.669980e-01
8.300000e+10 5.600476e-01 1.109659e-01 3.621990e-01 4.124945e-01
8.400000e+10 6.120447e-01 1.623202e-01 3.520745e-01 4.735973e-01
8.500000e+10 6.693450e-01 2.103202e-01 3.240803e-01 5.465895e-01
8.600000e+10 7.205035e-01 2.432068e-01 2.718991e-01 6.213266e-01
8.700000e+10 7.524621e-01 2.472780e-01 1.973536e-01 6.827183e-01
8.800000e+10 7.592686e-01 2.157165e-01 1.137362e-01 7.190405e-01
8.900000e+10 7.472093e-01 1.539569e-01 3.938101e-02 7.301151e-01
9.000000e+10 7.294535e-01 7.481028e-02 -1.264881e-02 7.254969e-01
9.100000e+10 7.169956e-01 -9.735226e-03 -3.794045e-02 7.159249e-01
9.200000e+10 7.143440e-01 -9.154850e-02 -3.754798e-02 7.074577e-01
9.300000e+10 7.198018e-01 -1.647507e-01 -1.463820e-02 7.005409e-01
9.400000e+10 7.273981e-01 -2.235846e-01 2.633019e-02 6.916825e-01
9.500000e+10 7.296042e-01 -2.622778e-01 7.899728e-02 6.762338e-01
9.600000e+10 7.207962e-01 -2.770911e-01 1.352275e-01 6.515223e-01
9.700000e+10 7.000521e-01 -2.685565e-01 1.870514e-01 6.188393e-01
9.800000e+10 6.712765e-01 -2.414336e-01 2.291962e-01 5.829160e-01
9.900000e+10 6.407742e-01 -2.022586e-01 2.600772e-01 5.495843e-01
1.000000e+11 6.145299e-01 -1.566497e-01 2.807962e-01 5.236997e-01
1.010000e+11 5.968695e-01 -1.080277e-01 2.933786e-01 5.084409e-01
1.020000e+11 5.904215e-01 -5.772461e-02 2.993713e-01 5.056108e-01
1.030000e+11 5.965307e-01 -5.766674e-03 2.990427e-01 5.161289e-01
1.040000e+11 6.154401e-01 4.810933e-02 2.909860e-01 5.401659e-01
1.050000e+11 6.459039e-01 1.032420e-01 2.720465e-01 5.766486e-01
1.060000e+11 6.842298e-01 1.566172e-01 2.379093e-01 6.221259e-01
1.070000e+11 7.234044e-01 2.017596e-01 1.850300e-01 6.696050e-01
1.080000e+11 7.539223e-01 2.294638e-01 1.140032e-01 7.090476e-01
1.090000e+11 7.676955e-01 2.316828e-01 3.220046e-02 7.311926e-01
1.100000e+11 7.630442e-01 2.065491e-01 -4.797184e-02 7.329888e-01
1.110000e+11 7.457995e-01 1.595626e-01 -1.150155e-01 7.193943e-01
1.120000e+11 7.252530e-01 9.970873e-02 -1.629823e-01 6.996334e-01
1.130000e+11 7.092984e-01 3.489845e-02 -1.913265e-01 6.821147e-01
1.140000e+11 7.022486e-01 -2.973448e-02 -2.020717e-01 6.718898e-01
1.150000e+11 7.049327e-01 -9.107132e-02 -1.974436e-01 6.705611e-01
1.160000e+11 7.154792e-01 -1.465267e-01 -1.790358e-01 6.770425e-01
1.170000e+11 7.300821e-01 -1.929878e-01 -1.481809e-01 6.883444e-01
1.180000e+11 7.439264e-01 -2.266788e-01 -1.068888e-01 7.004413e-01
1.190000e+11 7.525806e-01 -2.440458e-01 -5.863779e-02 7.094934e-01
1.200000e+11 7.536133e-01 -2.431718e-01 -8.347257e-03 7.132537e-01
1.210000e+11 7.475673e-01 -2.247026e-01 3.862122e-02 7.119509e-01
1.220000e+11 7.376042e-01 -1.915320e-01 7.776480e-02 7.080452e-01
1.230000e+11 7.281104e-01 -1.475396e-01 1.061229e-01 7.050636e-01
1.240000e+11 7.231892e-01 -9.635802e-02 1.220416e-01 7.062745e-01
1.250000e+11 7.256524e-01 -4.088379e-02 1.244401e-01 7.137328e-01
1.260000e+11 7.364827e-01 1.639186e-02 1.121978e-01 7.277017e-01
1.270000e+11 7.544859e-01 7.254829e-02 8.412335e-02 7.462634e-01
1.280000e+11 7.760911e-01 1.233985e-01 3.973598e-02 7.651870e-01
1.290000e+11 7.957392e-01 1.633537e-01 -1.929246e-02 7.785527e-01
1.300000e+11 8.074712e-01 1.866614e-01 -8.793056e-02 7.806635e-01
1.310000e+11 8.075102e-01 1.897872e-01 -1.582389e-01 7.687743e-01
1.320000e+11 7.962098e-01 1.732699e-01 -2.219335e-01 7.447638e-01
1.330000e+11 7.777141e-01 1.413653e-01 -2.733711e-01 7.142292e-01
1.340000e+11 7.577127e-01 9.984745e-02 -3.107290e-01 6.838176e-01
1.350000e+11 7.411783e-01 5.385440e-02 -3.350629e-01 6.589217e-01
1.360000e+11 7.312823e-01 6.983372e-03 -3.485906e-01 6.428139e-01
1.370000e+11 7.293423e-01 -3.850785e-02 -3.533945e-01 6.368435e-01
1.380000e+11 7.351744e-01 -8.104153e-02 -3.508611e-01 6.409448e-01
1.390000e+11 7.474540e-01 -1.190807e-01 -3.416901e-01 6.540299e-01
1.400000e+11 7.640193e-01 -1.507396e-01 -3.262462e-01 6.742154e-01
1.410000e+11 7.822322e-01 -1.737497e-01 -3.050857e-01 6.990143e-01
1.420000e+11 7.995061e-01 -1.858057e-01 -2.794812e-01 7.256559e-01
1.430000e+11 8.139563e-01 -1.851753e-01 -2.517317e-01 7.515757e-01
1.440000e+11 8.249247e-01 -1.712932e-01 -2.250787e-01 7.749187e-01
1.450000e+11 8.330755e-01 -1.450306e-01 -2.032373e-01 7.947801e-01
1.460000e+11 8.399495e-01 -1.085500e-01 -1.897595e-01 8.110014e-01
1.470000e+11 8.471614e-01 -6.493229e-02 -1.874723e-01 8.236020e-01
1.480000e+11 8.555760e-01 -1.785585e-02 -1.980696e-01 8.321417e-01
1.490000e+11 8.647652e-01 2.856794e-02 -2.217777e-01 8.353547e-01
1.500000e+11 8.729582e-01 6.996397e-02 -2.570517e-01 8.313156e-01
1.510000e+11 8.775972e-01 1.021437e-01 -3.004815e-01 8.182019e-01
1.520000e+11 8.763949e-01 1.219226e-01 -3.472437e-01 7.953770e-01
1.530000e+11 8.684339e-01 1.279750e-01 -3.922188e-01 7.641755e-01
1.540000e+11 8.546769e-01 1.211527e-01 -4.313565e-01 7.278230e-01
1.550000e+11 8.376025e-01 1.039976e-01 -4.625594e-01 6.905079e-01
1.560000e+11 8.202868e-01 7.976494e-02 -4.856846e-01 6.562152e-01
1.570000e+11 8.055205e-01 5.153391e-02 -5.018895e-01 6.279446e-01
1.580000e+11 7.953116e-01 2.175038e-02 -5.128304e-01 6.074968e-01
1.590000e+11 7.907714e-01 -7.811951e-03 -5.200711e-01 5.956378e-01
1.600000e+11 7.922131e-01 -3.585666e-02 -5.247920e-01 5.923760e-01
1.610000e+11 7.993095e-01 -6.131266e-02 -5.277357e-01 5.971863e-01
1.620000e+11 8.112414e-01 -8.313310e-02 -5.292997e-01 6.091332e-01
1.630000e+11 8.268350e-01 -1.001992e-01 -5.297077e-01 6.269178e-01
1.640000e+11 8.447130e-01 -1.113516e-01 -5.292147e-01 6.489011e-01
1.650000e+11 8.634736e-01 -1.155454e-01 -5.282978e-01 6.731547e-01
1.660000e+11 8.818780e-01 -1.120914e-01 -5.277726e-01 6.975674e-01
1.670000e+11 8.989892e-01 -1.009084e-01 -5.287772e-01 7.199956e-01
1.680000e+11 9.142011e-01 -8.270328e-02 -5.325965e-01 7.384205e-01
1.690000e+11 9.271370e-01 -5.901195e-02 -5.403573e-01 7.510756e-01
1.700000e+11 9.374702e-01 -3.208241e-02 -5.526800e-01 7.565487e-01
1.710000e+11 9.447775e-01 -4.613689e-03 -5.694086e-01 7.538946e-01
1.720000e+11 9.485300e-01 2.061557e-02 -5.895322e-01 7.427893e-01
1.730000e+11 9.482577e-01 4.117399e-02 -6.113633e-01 7.236935e-01
1.740000e+11 9.438128e-01 5.536714e-02 -6.329424e-01 6.979261e-01
1.750000e+11 9.355847e-01 6.247182e-02 -6.525329e-01 6.675453e-01
1.760000e+11 9.245412e-01 6.273289e-02 -6.690152e-01 6.350273e-01
1.770000e+11 9.120696e-01 5.713813e-02 -6.820421e-01 6.028472e-01
1.780000e+11 8.997032e-01 4.708129e-02 -6.919451e-01 5.731153e-01
1.790000e+11 8.888529e-01 3.404606e-02 -6.994893e-01 5.473710e-01
1.800000e+11 8.806252e-01 1.939535e-02 -7.056037e-01 5.265435e-01
1.810000e+11 8.757439e-01 4.280621e-03 -7.111706e-01 5.110239e-01
1.820000e+11 8.745498e-01 -1.036058e-02 -7.169037e-01 5.007785e-01
1.830000e+11 8.770442e-01 -2.376357e-02 -7.233030e-01 4.954539e-01
1.840000e+11 8.829471e-01 -3.528968e-02 -7.306612e-01 4.944535e-01
1.850000e+11 8.917595e-01 -4.439717e-02 -7.391004e-01 4.969854e-01
1.860000e+11 9.028242e-01 -5.064110e-02 -7.486184e-01 5.020932e-01
1.870000e+11 9.153852e-01 -5.370212e-02 -7.591341e-01 5.086860e-01
1.880000e+11 9.286466e-01 -5.343547e-02 -7.705220e-01 5.155823e-01
1.890000e+11 9.418268e-01 -4.992385e-02 -7.826272e-01 5.215746e-01
1.900000e+11 9.542037e-01 -4.351394e-02 -7.952629e-01 5.255170e-01
1.910000e+11 9.651494e-01 -3.481755e-02 -8.081934e-01 5.264263e-01
1.920000e+11 9.741576e-01 -2.466629e-02 -8.211182e-01 5.235833e-01
1.930000e+11 9.808651e-01 -1.402104e-02 -8.336728e-01 5.166134e-01
1.940000e+11 9.850753e-01 -3.851239e-03 -8.454576e-01 5.055294e-01
1.950000e+11 9.867771e-01 4.990476e-03 -8.560937e-01 4.907216e-01
1.960000e+11 9.861536e-01 1.187029e-02 -8.652913e-01 4.728942e-01
1.970000e+11 9.835692e-01 1.643048e-02 -8.729080e-01 4.529570e-01
1.980000e+11 9.795316e-01 1.859425e-02 -8.789774e-01 4.318971e-01
1.990000e+11 9.746317e-01 1.852581e-02 -8.836998e-01 4.106561e-01
2.000000e+11 9.694752e-01 1.656355e-02 -8.874006e-01 3.900358e-01
2.010000e+11 9.646175e-01 1.314640e-02 -8.904709e-01 3.706423e-01
2.020000e+11 9.605156e-01 8.749041e-03 -8.933074e-01 3.528675e-01
2.030000e+11 9.574986e-01 3.833538e-03 -8.962629e-01 3.369001e-01
2.040000e+11 9.557590e-01 -1.181716e-03 -8.996138e-01 3.227521e-01
2.050000e+11 9.553589e-01 -5.939320e-03 -9.035445e-01 3.102944e-01
2.060000e+11 9.562469e-01 -1.015117e-02 -9.081461e-01 2.992922e-01
2.070000e+11 9.582819e-01 -1.360189e-02 -9.134247e-01 2.894381e-01
2.080000e+11 9.612589e-01 -1.614979e-02 -9.193167e-01 2.803830e-01
2.090000e+11 9.649357e-01 -1.772628e-02 -9.257057e-01 2.717637e-01
2.100000e+11 9.690569e-01 -1.833316e-02 -9.324410e-01 2.632279e-01
2.110000e+11 9.733755e-01 -1.803692e-02 -9.393541e-01 2.544570e-01
2.120000e+11 9.776697e-01 -1.695922e-02 -9.462742e-01 2.451847e-01
2.130000e+11 9.817548e-01 -1.526352e-02 -9.530400e-01 2.352110e-01
2.140000e+11 9.854904e-01 -1.313858e-02 -9.595098e-01 2.244097e-01
2.150000e+11 9.887826e-01 -1.078063e-02 -9.655677e-01 2.127294e-01
2.160000e+11 9.915816e-01 -8.376166e-03 -9.711278e-01 2.001866e-01
2.170000e+11 9.938767e-01 -6.087494e-03 -9.761348e-01 1.868549e-01
2.180000e+11 9.956882e-01 -4.042559e-03 -9.805621e-01 1.728486e-01
2.190000e+11 9.970583e-01 -2.329712e-03 -9.844079e-01 1.583063e-01
2.200000e+11 9.980418e-01 -9.973950e-04 -9.876894e-01 1.433743e-01
2.210000e+11 9.986979e-01 -5.792574e-05 -9.904364e-01 1.281927e-01
2.220000e+11 9.990832e-01 5.057642e-04 -9.926852e-01 1.128851e-01
2.230000e+11 9.992468e-01 7.317734e-04 -9.944733e-01 9.755258e-02
2.240000e+11 9.992284e-01 6.704724e-04 -9.958355e-01 8.227081e-02
2.250000e+11 9.990571e-01 3.763643e-04 -9.968017e-01 6.709125e-02
2.260000e+11 9.987529e-01 -9.868584e-05 -9.973959e-01 5.204439e-02
2.270000e+11 9.983284e-01 -7.103628e-04 -9.976369e-01 3.714483e-02
2.280000e+11 9.977913e-01 -1.424708e-03 -9.975389e-01 2.239710e-02
2.290000e+11 9.971458e-01 -2.218786e-03 -9.971129e-01 7.801532e-03
2.300000e+11 9.963945e-01 -3.079379e-03 -9.963676e-01 -6.640475e-03
2.310000e+11 9.955388e-01 -4.000017e-03 -9.953108e-01 -2.092239e-02
2.320000e+11 9.945790e-01 -4.976829e-03 -9.939494e-01 -3.503005e-02
2.330000e+11 9.935148e-01 -6.003776e-03 -9.922905e-01 -4.894096e-02
2.340000e+11 9.923453e-01 -7.067898e-03 -9.903420e-01 -6.262566e-02
2.350000e+11 9.910695e-01 -8.145233e-03 -9.881137e-01 -7.605089e-02
2.360000e+11 9.896885e-01 -9.198026e-03 -9.856190e-01 -8.918454e-02
2.370000e+11 9.882076e-01 -1.017376e-02 -9.828766e-01 -1.020019e-01
2.380000e+11 9.866400e-01 -1.100636e-02 -9.799127e-01 -1.144926e-01
2.390000e+11 9.850103e-01 -1.161977e-02 -9.767628e-01 -1.266676e-01
2.400000e+11 9.833576e-01 -1.193368e-02 -9.734729e-01 -1.385648e-01
2.410000e+11 9.817385e-01 -1.187112e-02 -9.700997e-01 -1.502535e-01
2.420000e+11 9.802274e-01 -1.136721e-02 -9.667087e-01 -1.618357e-01
2.430000e+11 9.789145e-01 -1.037814e-02 -9.633707e-01 -1.734442e-01
2.440000e+11 9.779011e-01 -8.889799e-03 -9.601555e-01 -1.852376e-01
2.450000e+11 9.772909e-01 -6.925017e-03 -9.571240e-01 -1.973909e-01
2.460000e+11 9.771787e-01 -4.548988e-03 -9.543177e-01 -2.100835e-01
2.470000e+11 9.776365e-01 -1.872418e-03 -9.517483e-01 -2.234833e-01
2.480000e+11 9.786987e-01 9.480161e-04 -9.493868e-01 -2.377286e-01
2.490000e+11 9.803464e-01 3.712412e-03 -9.471552e-01 -2.529078e-01
2.500000e+11 9.824961e-01 6.184409e-03 -9.449227e-01 -2.690380e-01
2.510000e+11 9.849919e-01 8.103097e-03 -9.425081e-01 -2.860452e-01
2.520000e+11 9.876054e-01 9.201284e-03 -9.396902e-01 -3.037468e-01
2.530000e+11 9.900454e-01 9.230839e-03 -9.362270e-01 -3.218440e-01
2.540000e+11 9.919773e-01 7.994499e-03 -9.318833e-01 -3.399245e-01
2.550000e+11 9.930526e-01 5.381334e-03 -9.264610e-01 -3.574837e-01
2.560000e+11 9.929439e-01 1.400424e-03 -9.198296e-01 -3.739642e-01
2.570000e+11 9.913818e-01 -3.794777e-03 -9.119479e-01 -3.888118e-01
2.580000e+11 9.881879e-01 -9.899241e-03 -9.028732e-01 -4.015436e-01
2.590000e+11 9.832982e-01 -1.647185e-02 -8.927555e-01 -4.118149e-01
2.600000e+11 9.767763e-01 -2.297422e-02 -8.818192e-01 -4.194747e-01
2.610000e+11 9.688153e-01 -2.882759e-02 -8.703382e-01 -4.245981e-01
2.620000e+11 9.597301e-01 -3.347741e-02 -8.586110e-01 -4.274906e-01
2.630000e+11 9.499426e-01 -3.645350e-02 -8.469405e-01 -4.286652e-01
2.640000e+11 9.399609e-01 -3.741488e-02 -8.356193e-01 -4.287972e-01
2.650000e+11 9.303511e-01 -3.617363e-02 -8.249174e-01 -4.286675e-01
2.660000e+11 9.217039e-01 -3.269777e-02 -8.150701e-01 -4.291033e-01
2.670000e+11 9.145958e-01 -2.709902e-02 -8.062602e-01 -4.309241e-01
2.680000e+11 9.095464e-01 -1.961397e-02 -7.985953e-01 -4.348971e-01
2.690000e+11 9.069732e-01 -1.058818e-02 -7.920797e-01 -4.416991e-01
2.700000e+11 9.071462e-01 -4.697910e-04 -7.865857e-01 -4.518815e-01
2.710000e+11 9.101416e-01 1.018475e-02 -7.818295e-01 -4.658290e-01
2.720000e+11 9.157998e-01 2.069631e-02 -7.773604e-01 -4.837063e-01
2.730000e+11 9.236924e-01 3.025082e-02 -7.725765e-01 -5.053892e-01
2.740000e+11 9.331133e-01 3.790698e-02 -7.667798e-01 -5.303886e-01
2.750000e+11 9.431086e-01 4.264663e-02 -7.592813e-01 -5.577876e-01
2.760000e+11 9.525635e-01 4.348647e-02 -7.495494e-01 -5.862268e-01
2.770000e+11 9.603430e-01 3.965266e-02 -7.373738e-01 -6.139759e-01
2.780000e+11 9.654637e-01 3.078858e-02 -7.229860e-01 -6.391114e-01
2.790000e+11 9.672419e-01 1.713369e-02 -7.070743e-01 -6.597797e-01
2.800000e+11 9.653655e-01 -3.982788e-04 -6.906564e-01 -6.744806e-01
2.810000e+11 9.598643e-01 -2.028765e-02 -6.748382e-01 -6.822912e-01
2.820000e+11 9.510101e-01 -4.061647e-02 -6.605427e-01 -6.829743e-01
2.830000e+11 9.392105e-01 -5.935991e-02 -6.483106e-01 -6.769684e-01
2.840000e+11 9.249542e-01 -7.468583e-02 -6.382376e-01 -6.652932e-01
2.850000e+11 9.088231e-01 -8.519484e-02 -6.300517e-01 -6.494122e-01
2.860000e+11 8.915412e-01 -9.005693e-02 -6.232785e-01 -6.310779e-01
2.870000e+11 8.740070e-01 -8.902883e-02 -6.174200e-01 -6.121720e-01
2.880000e+11 8.572768e-01 -8.236654e-02 -6.120800e-01 -5.945563e-01
2.890000e+11 8.424903e-01 -7.067375e-02 -6.070046e-01 -5.799487e-01
2.900000e+11 8.307632e-01 -5.474002e-02 -6.020394e-01 -5.698418e-01
2.910000e+11 8.230719e-01 -3.541825e-02 -5.970293e-01 -5.654634e-01
2.920000e+11 8.201455e-01 -1.357318e-02 -5.916953e-01 -5.677598e-01
2.930000e+11 8.223650e-01 9.888057e-03 -5.855159e-01 -5.773713e-01
2.940000e+11 8.296570e-01 3.391157e-02 -5.776467e-01 -5.945629e-01
2.950000e+11 8.413830e-01 5.714659e-02 -5.669138e-01 -6.190867e-01
2.960000e+11 8.562533e-01 7.780713e-02 -5.519390e-01 -6.499839e-01
2.970000e+11 8.723404e-01 9.364145e-02 -5.314518e-01 -6.853962e-01
2.980000e+11 8.872950e-01 1.021279e-01 -5.047908e-01 -7.225293e-01
2.990000e+11 8.988239e-01 1.009651e-01 -4.724659e-01 -7.579356e-01
3.000000e+11 9.053228e-01 8.876058e-02 -4.364959e-01 -7.881638e-01
3.010000e+11 9.063690e-01 6.562456e-02 -4.002262e-01 -8.105659e-01
3.020000e+11 9.027485e-01 3.334169e-02 -3.675838e-01 -8.238479e-01
3.030000e+11 8.959540e-01 -4.965957e-03 -3.420819e-01 -8.280634e-01
3.040000e+11 8.874305e-01 -4.546276e-02 -3.260185e-01 -8.241226e-01
3.050000e+11 8.779744e-01 -8.420245e-02 -3.201139e-01 -8.131889e-01
3.060000e+11 8.675466e-01 -1.175680e-01 -3.235607e-01 -7.963186e-01
3.070000e+11 8.555234e-01 -1.425952e-01 -3.343420e-01 -7.744691e-01
3.080000e+11 8.412303e-01 -1.572580e-01 -3.497140e-01 -7.487579e-01
3.090000e+11 8.245005e-01 -1.606867e-01 -3.667730e-01 -7.207347e-01
3.100000e+11 8.060102e-01 -1.531979e-01 -3.829931e-01 -6.924588e-01
3.110000e+11 7.872593e-01 -1.360596e-01 -3.965750e-01 -6.663282e-01
3.120000e+11 7.702571e-01 -1.110551e-01 -4.065018e-01 -6.447628e-01
3.130000e+11 7.570950e-01 -8.003261e-02 -4.123172e-01 -6.299065e-01
3.140000e+11 7.495692e-01 -4.461719e-02 -4.137478e-01 -6.234389e-01
3.150000e+11 7.489048e-01 -6.173346e-03 -4.103056e-01 -6.264740e-01
3.160000e+11 7.555310e-01 3.398060e-02 -4.009809e-01 -6.394425e-01
3.170000e+11 7.688291e-01 7.416073e-02 -3.841224e-01 -6.618522e-01
3.180000e+11 7.868529e-01 1.118241e-01 -3.576440e-01 -6.918986e-01
3.190000e+11 8.061968e-01 1.432408e-01 -3.197265e-01 -7.260925e-01
3.200000e+11 8.223887e-01 1.637400e-01 -2.700286e-01 -7.593398e-01
3.210000e+11 8.311352e-01 1.688624e-01 -2.109436e-01 -7.859860e-01
3.220000e+11 8.301259e-01 1.561291e-01 -1.479129e-01 -8.017821e-01
3.230000e+11 8.202601e-01 1.262943e-01 -8.810303e-02 -8.056763e-01
3.240000e+11 8.052491e-01 8.304827e-02 -3.809419e-02 -8.000487e-01
3.250000e+11 7.898475e-01 3.144742e-02 -2.165980e-03 -7.892182e-01
3.260000e+11 7.779760e-01 -2.364323e-02 1.794696e-02 -7.774095e-01
3.270000e+11 7.716475e-01 -7.819014e-02 2.229899e-02 -7.673519e-01
3.280000e+11 7.707302e-01 -1.287717e-01 1.191911e-02 -7.598032e-01
3.290000e+11 7.732287e-01 -1.720695e-01 -1.151771e-02 -7.537520e-01
3.300000e+11 7.759242e-01 -2.046376e-01 -4.554188e-02 -7.470661e-01
3.310000e+11 7.753926e-01 -2.232657e-01 -8.663459e-02 -7.374826e-01
3.320000e+11 7.692733e-01 -2.258393e-01 -1.303413e-01 -7.237329e-01
3.330000e+11 7.572994e-01 -2.121435e-01 -1.719703e-01 -7.063453e-01
3.340000e+11 7.414975e-01 -1.839604e-01 -2.075666e-01 -6.876724e-01
3.350000e+11 7.254463e-01 -1.443195e-01 -2.345294e-01 -6.711484e-01
3.360000e+11 7.130915e-01 -9.642450e-02 -2.515001e-01 -6.602648e-01
3.370000e+11 7.077179e-01 -4.293500e-02 -2.576752e-01 -6.577422e-01
3.380000e+11 7.112693e-01 1.404873e-02 -2.519931e-01 -6.649858e-01
3.390000e+11 7.238174e-01 7.232263e-02 -2.326325e-01 -6.815888e-01
3.400000e+11 7.429587e-01 1.284799e-01 -1.972227e-01 -7.046869e-01
3.410000e+11 7.633588e-01 1.769331e-01 -1.441607e-01 -7.284428e-01
3.420000e+11 7.773881e-01 2.101425e-01 -7.496774e-02 -7.446826e-01
3.430000e+11 7.778786e-01 2.211038e-01 3.772050e-03 -7.457841e-01
3.440000e+11 7.621365e-01 2.071992e-01 8.144186e-02 -7.288949e-01
3.450000e+11 7.338427e-01 1.720145e-01 1.478183e-01 -6.979154e-01
3.460000e+11 7.008066e-01 1.230685e-01 1.972838e-01 -6.611075e-01
3.470000e+11 6.709086e-01 6.779096e-02 2.294183e-01 -6.268093e-01
3.480000e+11 6.495794e-01 1.112444e-02 2.467212e-01 -6.007980e-01
3.490000e+11 6.394584e-01 -4.455261e-02 2.520971e-01 -5.859771e-01
3.500000e+11 6.410128e-01 -9.831735e-02 2.474402e-01 -5.830990e-01
3.510000e+11 6.530555e-01 -1.494019e-01 2.332580e-01 -5.913977e-01
3.520000e+11 6.728485e-01 -1.960850e-01 2.089839e-01 -6.087705e-01
3.530000e+11 6.960376e-01 -2.349762e-01 1.738317e-01 -6.316939e-01
3.540000e+11 7.170253e-01 -2.610837e-01 1.281067e-01 -6.554000e-01
3.550000e+11 7.303882e-01 -2.690993e-01 7.451914e-02 -6.749069e-01
3.560000e+11 7.331626e-01 -2.556286e-01 1.853885e-02 -6.869045e-01
3.570000e+11 7.265588e-01 -2.209038e-01 -3.285276e-02 -6.913826e-01
3.580000e+11 7.155862e-01 -1.684995e-01 -7.323908e-02 -6.915979e-01
3.590000e+11 7.067912e-01 -1.033907e-01 -9.800802e-02 -6.922850e-01
3.600000e+11 7.056767e-01 -3.021213e-02 -1.040471e-01 -6.973098e-01
3.610000e+11 7.147844e-01 4.686150e-02 -8.875501e-02 -7.077029e-01
3.620000e+11 7.322436e-01 1.225590e-01 -4.989132e-02 -7.201881e-01
3.630000e+11 7.507768e-01 1.884886e-01 1.250394e-02 -7.266234e-01
3.640000e+11 7.588700e-01 2.332589e-01 9.246412e-02 -7.161873e-01
3.650000e+11 7.463311e-01 2.472954e-01 1.764900e-01 -6.816937e-01
3.660000e+11 7.116090e-01 2.297209e-01 2.486350e-01 -6.259363e-01
3.670000e+11 6.630637e-01 1.893956e-01 2.992600e-01 -5.605589e-01
3.680000e+11 6.126379e-01 1.384766e-01 3.283340e-01 -4.983434e-01
3.690000e+11 5.694741e-01 8.598473e-02 3.416067e-01 -4.474508e-01
3.700000e+11 5.382338e-01 3.610980e-02 3.456179e-01 -4.110231e-01
3.710000e+11 5.204301e-01 -1.042906e-02 3.452084e-01 -3.893198e-01
3.720000e+11 5.160959e-01 -5.460805e-02 3.431006e-01 -3.816477e-01
3.730000e+11 5.247501e-01 -9.785579e-02 3.402006e-01 -3.873635e-01
3.740000e+11 5.456273e-01 -1.412240e-01 3.358951e-01 -4.061274e-01
3.750000e+11 5.773243e-01 -1.846216e-01 3.281941e-01 -4.376150e-01
3.760000e+11 6.170202e-01 -2.259044e-01 3.139338e-01 -4.807563e-01
3.770000e+11 6.596620e-01 -2.600205e-01 2.895284e-01 -5.326506e-01
3.780000e+11 6.980855e-01 -2.791035e-01 2.527880e-01 -5.878119e-01
3.790000e+11 7.252660e-01 -2.746989e-01 2.054961e-01 -6.390013e-01
3.800000e+11 7.383055e-01 -2.417866e-01 1.548442e-01 -6.801893e-01
3.810000e+11 7.409061e-01 -1.815414e-01 1.117708e-01 -7.095716e-01
3.820000e+11 7.413532e-01 -1.002888e-01 8.725994e-02 -7.293370e-01
3.830000e+11 7.472086e-01 -6.656672e-03 8.959874e-02 -7.417874e-01
3.840000e+11 7.599985e-01 8.909169e-02 1.229692e-01 -7.446738e-01
3.850000e+11 7.720594e-01 1.731399e-01 1.848261e-01 -7.293405e-01
3.860000e+11 7.685437e-01 2.286302e-01 2.620505e-01 -6.853592e-01
3.870000e+11 7.375965e-01 2.439364e-01 3.328880e-01 -6.113340e-01
3.880000e+11 6.813775e-01 2.223307e-01 3.793751e-01 -5.204987e-01
3.890000e+11 6.140387e-01 1.792115e-01 3.980542e-01 -4.318328e-01
3.900000e+11 5.501314e-01 1.301572e-01 3.969064e-01 -3.580070e-01
3.910000e+11 4.978503e-01 8.402624e-02 3.861798e-01 -3.027534e-01
3.920000e+11 4.597097e-01 4.357993e-02 3.733482e-01 -2.646601e-01
3.930000e+11 4.354220e-01 8.339092e-03 3.626203e-01 -2.408927e-01
3.940000e+11 4.239486e-01 -2.337621e-02 3.560011e-01 -2.290179e-01
3.950000e+11 4.244521e-01 -5.348744e-02 3.542721e-01 -2.275741e-01
3.960000e+11 4.365940e-01 -8.378722e-02 3.575333e-01 -2.361439e-01
3.970000e+11 4.604865e-01 -1.157382e-01 3.653550e-01 -2.552807e-01
3.980000e+11 4.963681e-01 -1.501518e-01 3.766174e-01 -2.863479e-01
3.990000e+11 5.439085e-01 -1.865042e-01 3.891188e-01 -3.311181e-01
4.000000e+11 6.010404e-01 -2.217392e-01 3.991800e-01 -3.908153e-01
4.010000e+11 6.626331e-01 -2.488759e-01 4.019220e-01 -4.643297e-01
4.020000e+11 7.203829e-01 -2.568716e-01 3.933555e-01 -5.461135e-01
4.030000e+11 7.659218e-01 -2.339738e-01 3.745408e-01 -6.257889e-01
4.040000e+11 7.963104e-01 -1.743286e-01 3.548025e-01 -6.912561e-01
4.050000e+11 8.157857e-01 -8.292919e-02 3.491925e-01 -7.325938e-01
4.060000e+11 8.291331e-01 2.448568e-02 3.698364e-01 -7.416759e-01
4.070000e+11 8.319999e-01 1.239988e-01 4.158078e-01 -7.098958e-01
4.080000e+11 8.103795e-01 1.895360e-01 4.683943e-01 -6.335597e-01
4.090000e+11 7.552413e-01 2.071663e-01 5.014552e-01 -5.253706e-01
4.100000e+11 6.756906e-01 1.854174e-01 5.024353e-01 -4.119915e-01
4.110000e+11 5.912261e-01 1.450895e-01 4.784822e-01 -3.155187e-01
4.120000e+11 5.166426e-01 1.027527e-01 4.439193e-01 -2.435100e-01
4.130000e+11 4.577210e-01 6.579237e-02 4.095040e-01 -1.936141e-01
4.140000e+11 4.146094e-01 3.554960e-02 3.805937e-01 -1.605790e-01
4.150000e+11 3.854654e-01 1.089726e-02 3.590846e-01 -1.397249e-01
4.160000e+11 3.683326e-01 -9.894028e-03 3.453113e-01 -1.277932e-01
4.170000e+11 3.618133e-01 -2.848691e-02 3.391292e-01 -1.228363e-01
4.180000e+11 3.652284e-01 -4.633245e-02 3.404138e-01 -1.239497e-01
4.190000e+11 3.786101e-01 -6.468943e-02 3.492518e-01 -1.310878e-01
4.200000e+11 4.026463e-01 -8.464163e-02 3.659692e-01 -1.450046e-01
4.210000e+11 4.385601e-01 -1.070026e-01 3.910251e-01 -1.672866e-01
4.220000e+11 4.878053e-01 -1.319626e-01 4.247193e-01 -2.003832e-01
4.230000e+11 5.513413e-01 -1.582570e-01 4.666199e-01 -2.473821e-01
4.240000e+11 6.282208e-01 -1.816744e-01 5.147359e-01 -3.109707e-01
4.250000e+11 7.136489e-01 -1.933525e-01 5.649948e-01 -3.907562e-01
4.260000e+11 7.979740e-01 -1.801019e-01 6.124267e-01 -4.788104e-01
4.270000e+11 8.688121e-01 -1.306103e-01 6.545779e-01 -5.561504e-01
4.280000e+11 9.146960e-01 -4.755950e-02 6.924961e-01 -5.956979e-01
4.290000e+11 9.245731e-01 4.458151e-02 7.227745e-01 -5.748435e-01
4.300000e+11 8.880484e-01 1.104219e-01 7.300086e-01 -4.934819e-01
4.310000e+11 8.073407e-01 1.308637e-01 6.998077e-01 -3.807136e-01
4.320000e+11 7.037207e-01 1.156374e-01 6.379258e-01 -2.736814e-01
4.330000e+11 6.020736e-01 8.596977e-02 5.641190e-01 -1.920198e-01
4.340000e+11 5.163858e-01 5.632482e-02 4.947827e-01 -1.366450e-01
4.350000e+11 4.499767e-01 3.198905e-02 4.373127e-01 -1.010611e-01
4.360000e+11 4.011059e-01 1.334993e-02 3.930877e-01 -7.867505e-02
4.370000e+11 3.668051e-01 -7.982306e-04 3.610349e-01 -6.480068e-02
4.380000e+11 3.444448e-01 -1.184180e-02 3.395712e-01 -5.651038e-02
4.390000e+11 3.321577e-01 -2.094032e-02 3.273783e-01 -5.209276e-02
4.400000e+11 3.288629e-01 -2.898693e-02 3.236479e-01 -5.062251e-02
4.410000e+11 3.342061e-01 -3.666468e-02 3.281412e-01 -5.169905e-02
4.420000e+11 3.485194e-01 -4.450320e-02 3.412119e-01 -5.531446e-02
4.430000e+11 3.728257e-01 -5.289921e-02 3.638412e-01 -6.180867e-02
4.440000e+11 4.088632e-01 -6.206975e-02 3.976809e-01 -7.187696e-02
4.450000e+11 4.590525e-01 -7.188274e-02 4.450464e-01 -8.657805e-02
4.460000e+11 5.262052e-01 -8.147108e-02 5.086843e-01 -1.072133e-01
4.470000e+11 6.125276e-01 -8.854529e-02 5.909253e-01 -1.347481e-01
4.480000e+11 7.171479e-01 -8.862113e-02 6.915079e-01 -1.681197e-01
4.490000e+11 8.314737e-01 -7.550069e-02 8.032999e-01 -2.008917e-01
4.500000e+11 9.337862e-01 -4.595084e-02 9.067279e-01 -2.183799e-01
4.510000e+11 9.904187e-01 -8.335559e-03 9.692474e-01 -2.035170e-01
4.520000e+11 9.742293e-01 1.802730e-02 9.615913e-01 -1.553707e-01
4.530000e+11 8.903621e-01 2.190518e-02 8.848870e-01 -9.612433e-02
4.540000e+11 7.731233e-01 1.041560e-02 7.715142e-01 -4.875436e-02
4.550000e+11 6.563615e-01 -4.188892e-03 6.560529e-01 -1.968397e-02
4.560000e+11 5.572073e-01 -1.555913e-02 5.569717e-01 -4.514906e-03
4.570000e+11 4.795053e-01 -2.268467e-02 4.789614e-01 2.590136e-03
4.580000e+11 4.212616e-01 -2.653958e-02 4.203874e-01 5.599560e-03
4.590000e+11 3.790659e-01 -2.829070e-02 3.779494e-01 6.695004e-03
