# #nu(Hz) #T #rho #c #s
0.000000e+00 1.000000e+00 0.000000e+00 1.000000e+00 0.000000e+00
1.000000e+09 9.744488e-01 2.627849e-03 9.744243e-01 -6.386424e-03
2.000000e+09 9.062032e-01 9.073000e-03 9.061046e-01 -9.815521e-03
3.000000e+09 8.144444e-01 1.643037e-02 8.142237e-01 -9.460372e-03
4.000000e+09 7.179660e-01 2.257263e-02 7.175827e-01 -6.391355e-03
5.000000e+09 6.288822e-01 2.684558e-02 6.283054e-01 -2.113659e-03
6.000000e+09 5.525476e-01 2.952261e-02 5.517534e-01 2.328593e-03
7.000000e+09 4.899975e-01 3.115784e-02 4.889632e-01 6.460818e-03
8.000000e+09 4.402142e-01 3.225882e-02 4.389125e-01 1.018231e-02
9.000000e+09 4.015079e-01 3.320156e-02 3.999024e-01 1.357624e-02
1.000000e+10 3.721882e-01 3.424654e-02 3.702284e-01 1.679878e-02
1.100000e+10 3.508294e-01 3.557836e-02 3.484454e-01 2.003074e-02
1.200000e+10 3.363442e-01 3.734162e-02 3.334402e-01 2.346486e-02
1.300000e+10 3.279817e-01 3.966793e-02 3.244265e-01 2.731119e-02
1.400000e+10 3.253032e-01 4.269545e-02 3.209162e-01 3.181279e-02
1.500000e+10 3.281606e-01 4.658337e-02 3.226924e-01 3.726940e-02
1.600000e+10 3.366853e-01 5.152235e-02 3.297882e-01 4.407011e-02
1.700000e+10 3.512883e-01 5.773960e-02 3.424738e-01 5.273822e-02
1.800000e+10 3.726669e-01 6.549302e-02 3.612428e-01 6.399176e-02
1.900000e+10 4.018018e-01 7.504119e-02 3.867824e-01 7.882150e-02
2.000000e+10 4.399145e-01 8.656181e-02 4.198976e-01 9.857915e-02
2.100000e+10 4.883208e-01 9.996890e-02 4.613329e-01 1.250414e-01
2.200000e+10 5.480703e-01 1.145539e-01 5.114153e-01 1.603525e-01
2.300000e+10 6.192291e-01 1.283867e-01 5.694444e-01 2.066268e-01
2.400000e+10 6.997292e-01 1.375719e-01 6.328900e-01 2.648494e-01
2.500000e+10 7.840736e-01 1.359471e-01 6.968094e-01 3.327859e-01
2.600000e+10 8.628390e-01 1.165350e-01 7.542827e-01 4.024530e-01
2.700000e+10 9.241084e-01 7.585189e-02 7.981861e-01 4.594800e-01
2.800000e+10 9.566247e-01 1.921408e-02 8.229039e-01 4.874328e-01
2.900000e+10 9.530685e-01 -3.867247e-02 8.244163e-01 4.766359e-01
3.000000e+10 9.128461e-01 -8.132770e-02 8.005726e-01 4.309957e-01
3.100000e+10 8.436775e-01 -1.005143e-01 7.535486e-01 3.658593e-01
3.200000e+10 7.592084e-01 -9.895593e-02 6.910378e-01 2.984492e-01
3.300000e+10 6.731080e-01 -8.493158e-02 6.231387e-01 2.399150e-01
3.400000e+10 5.946030e-01 -6.610702e-02 5.581273e-01 1.941042e-01
3.500000e+10 5.278810e-01 -4.711488e-02 5.007184e-01 1.603734e-01
3.600000e+10 4.737011e-01 -2.993910e-02 4.526319e-01 1.364576e-01
3.700000e+10 4.311490e-01 -1.501455e-02 4.138324e-01 1.200282e-01
3.800000e+10 3.987764e-01 -2.068189e-03 3.835175e-01 1.092370e-01
3.900000e+10 3.751679e-01 9.423560e-03 3.606896e-01 1.027871e-01
4.000000e+10 3.591691e-01 2.003437e-02 3.444280e-01 9.985191e-02
4.100000e+10 3.499521e-01 3.032097e-02 3.339930e-01 9.997886e-02
4.200000e+10 3.470163e-01 4.081580e-02 3.288487e-01 1.030190e-01
4.300000e+10 3.501711e-01 5.204193e-02 3.286493e-01 1.090920e-01
4.400000e+10 3.595172e-01 6.453145e-02 3.332059e-01 1.185840e-01
4.500000e+10 3.754279e-01 7.883367e-02 3.424346e-01 1.321739e-01
4.600000e+10 3.985164e-01 9.549570e-02 3.562736e-01 1.508808e-01
4.700000e+10 4.295597e-01 1.149842e-01 3.745443e-01 1.761156e-01
4.800000e+10 4.693237e-01 1.374939e-01 3.967243e-01 2.096902e-01
4.900000e+10 5.182054e-01 1.625630e-01 4.216080e-01 2.536863e-01
5.000000e+10 5.756114e-01 1.884259e-01 4.469031e-01 3.100029e-01
5.100000e+10 6.391260e-01 2.111781e-01 4.690104e-01 3.793615e-01
5.200000e+10 7.039033e-01 2.242498e-01 4.835465e-01 4.597551e-01
5.300000e+10 7.632245e-01 2.192390e-01 4.872223e-01 5.450324e-01
5.400000e+10 8.108758e-01 1.889730e-01 4.806761e-01 6.251074e-01
5.500000e+10 8.440364e-01 1.317658e-01 4.699373e-01 6.886175e-01
5.600000e+10 8.635679e-01 5.388822e-02 4.640110e-01 7.263191e-01
5.700000e+10 8.706901e-01 -3.152683e-02 4.693514e-01 7.326777e-01
5.800000e+10 8.635364e-01 -1.082029e-01 4.851867e-01 7.061028e-01
5.900000e+10 8.379719e-01 -1.619153e-01 5.033990e-01 6.500536e-01
6.000000e+10 7.924625e-01 -1.859049e-01 5.136634e-01 5.740959e-01
6.100000e+10 7.315792e-01 -1.830039e-01 5.099976e-01 4.915487e-01
6.200000e+10 6.641714e-01 -1.622370e-01 4.931478e-01 4.142560e-01
6.300000e+10 5.988165e-01 -1.331622e-01 4.680127e-01 3.490176e-01
6.400000e+10 5.410296e-01 -1.024568e-01 4.399758e-01 2.977195e-01
6.500000e+10 4.931679e-01 -7.352227e-02 4.129649e-01 2.593628e-01
6.600000e+10 4.555492e-01 -4.747912e-02 3.892082e-01 2.319219e-01
6.700000e+10 4.275448e-01 -2.422082e-02 3.696954e-01 2.133852e-01
6.800000e+10 4.082725e-01 -3.100515e-03 3.546926e-01 2.021633e-01
6.900000e+10 3.969451e-01 1.671621e-02 3.441023e-01 1.971791e-01
7.000000e+10 3.930156e-01 3.610112e-02 3.376640e-01 1.978408e-01
7.100000e+10 3.962184e-01 5.591184e-02 3.350372e-01 2.039925e-01
7.200000e+10 4.065579e-01 7.697361e-02 3.358010e-01 2.158752e-01
7.300000e+10 4.242573e-01 1.000492e-01 3.393864e-01 2.340967e-01
7.400000e+10 4.496489e-01 1.257538e-01 3.449413e-01 2.595874e-01
7.500000e+10 4.829648e-01 1.543625e-01 3.511283e-01 2.934896e-01
7.600000e+10 5.239677e-01 1.854458e-01 3.558850e-01 3.368944e-01
7.700000e+10 5.713926e-01 2.173072e-01 3.562612e-01 3.903140e-01
7.800000e+10 6.223205e-01 2.463443e-01 3.486049e-01 4.528487e-01
7.900000e+10 6.719279e-01 2.667887e-01 3.294923e-01 5.212923e-01
8.000000e+10 7.143478e-01 2.715808e-01 2.975466e-01 5.899176e-01
8.100000e+10 7.449597e-01 2.547370e-01 2.553726e-01 6.518120e-01
8.200000e+10 7.629306e-01 2.141159e-01 2.099448e-01 7.015274e-01
8.300000e+10 7.717790e-01 1.524874e-01 1.705742e-01 7.370853e-01
8.400000e+10 7.771143e-01 7.623563e-02 1.457734e-01 7.595031e-01
8.500000e+10 7.831532e-01 -6.623084e-03 1.410110e-01 7.703252e-01
8.600000e+10 7.901464e-01 -8.736937e-02 1.577400e-01 7.692958e-01
8.700000e+10 7.938626e-01 -1.567309e-01 1.929068e-01 7.539498e-01
8.800000e+10 7.875742e-01 -2.059490e-01 2.389603e-01 7.216343e-01
8.900000e+10 7.660547e-01 -2.295541e-01 2.856062e-01 6.727360e-01
9.000000e+10 7.291116e-01 -2.279582e-01 3.235944e-01 6.123116e-01
9.100000e+10 6.817449e-01 -2.070375e-01 3.481714e-01 5.483504e-01
9.200000e+10 6.311406e-01 -1.748231e-01 3.595982e-01 4.883282e-01
9.300000e+10 5.834950e-01 -1.381829e-01 3.611233e-01 4.369919e-01
9.400000e+10 5.426717e-01 -1.014227e-01 3.566378e-01 3.962518e-01
9.500000e+10 5.104366e-01 -6.650390e-02 3.493411e-01 3.661742e-01
9.600000e+10 4.872467e-01 -3.383252e-02 3.413804e-01 3.460117e-01
9.700000e+10 4.729500e-01 -2.969904e-03 3.339647e-01 3.348737e-01
9.800000e+10 4.672256e-01 2.690347e-02 3.275865e-01 3.320589e-01
9.900000e+10 4.697959e-01 5.672139e-02 3.221898e-01 3.371714e-01
1.000000e+11 4.804765e-01 8.736538e-02 3.172445e-01 3.501156e-01
1.010000e+11 4.991026e-01 1.195098e-01 3.117343e-01 3.710020e-01
1.020000e+11 5.253297e-01 1.534065e-01 3.040947e-01 3.999552e-01
1.030000e+11 5.583035e-01 1.885596e-01 2.921725e-01 4.367875e-01
1.040000e+11 5.962237e-01 2.233011e-01 2.733438e-01 4.805231e-01
1.050000e+11 6.359654e-01 2.544208e-01 2.449856e-01 5.288705e-01
1.060000e+11 6.731202e-01 2.772110e-01 2.054394e-01 5.779616e-01
1.070000e+11 7.028915e-01 2.863646e-01 1.552620e-01 6.228527e-01
1.080000e+11 7.218414e-01 2.777336e-01 9.801090e-02 6.590243e-01
1.090000e+11 7.295812e-01 2.500541e-01 3.970340e-02 6.842407e-01
1.100000e+11 7.291046e-01 2.053742e-01 -1.299349e-02 6.994613e-01
1.110000e+11 7.254311e-01 1.479045e-01 -5.462966e-02 7.080891e-01
1.120000e+11 7.235445e-01 8.235684e-02 -8.174425e-02 7.141792e-01
1.130000e+11 7.267624e-01 1.299477e-02 -9.253552e-02 7.207301e-01
1.140000e+11 7.358827e-01 -5.625879e-02 -8.624008e-02 7.286432e-01
1.150000e+11 7.489250e-01 -1.211113e-01 -6.298100e-02 7.363791e-01
1.160000e+11 7.614384e-01 -1.763879e-01 -2.431945e-02 7.403272e-01
1.170000e+11 7.676947e-01 -2.165003e-01 2.592069e-02 7.360780e-01
1.180000e+11 7.628604e-01 -2.371216e-01 8.153456e-02 7.204730e-01
1.190000e+11 7.452415e-01 -2.371380e-01 1.352832e-01 6.934327e-01
1.200000e+11 7.170468e-01 -2.192557e-01 1.811769e-01 6.582233e-01
1.210000e+11 6.831196e-01 -1.886591e-01 2.161108e-01 6.199647e-01
1.220000e+11 6.487858e-01 -1.508296e-01 2.398837e-01 5.836346e-01
1.230000e+11 6.183008e-01 -1.099901e-01 2.540753e-01 5.528506e-01
1.240000e+11 5.943776e-01 -6.864977e-02 2.607920e-01 5.296787e-01
1.250000e+11 5.784239e-01 -2.788133e-02 2.618453e-01 5.150087e-01
1.260000e+11 5.709782e-01 1.216508e-02 2.583895e-01 5.090216e-01
1.270000e+11 5.720527e-01 5.177691e-02 2.508355e-01 5.115125e-01
1.280000e+11 5.812916e-01 9.128178e-02 2.388884e-01 5.220152e-01
1.290000e+11 5.979466e-01 1.307026e-01 2.216454e-01 5.397503e-01
1.300000e+11 6.207112e-01 1.694276e-01 1.977767e-01 5.634368e-01
1.310000e+11 6.474985e-01 2.059147e-01 1.658589e-01 5.910535e-01
1.320000e+11 6.753283e-01 2.375497e-01 1.249255e-01 6.197032e-01
1.330000e+11 7.005572e-01 2.608717e-01 7.517389e-02 6.458136e-01
1.340000e+11 7.196284e-01 2.723258e-01 1.854575e-02 6.658526e-01
1.350000e+11 7.301945e-01 2.693954e-01 -4.126406e-02 6.774270e-01
1.360000e+11 7.320461e-01 2.515466e-01 -9.960646e-02 6.802164e-01
1.370000e+11 7.272245e-01 2.203713e-01 -1.521449e-01 6.761242e-01
1.380000e+11 7.192297e-01 1.788540e-01 -1.958533e-01 6.685388e-01
1.390000e+11 7.118456e-01 1.303069e-01 -2.292520e-01 6.612017e-01
1.400000e+11 7.081842e-01 7.760832e-02 -2.519761e-01 6.572746e-01
1.410000e+11 7.101752e-01 2.300498e-02 -2.641108e-01 6.588361e-01
1.420000e+11 7.183820e-01 -3.162188e-02 -2.656754e-01 6.667003e-01
1.430000e+11 7.319559e-01 -8.427118e-02 -2.564465e-01 6.803624e-01
1.440000e+11 7.486707e-01 -1.323771e-01 -2.361732e-01 6.980017e-01
1.450000e+11 7.651641e-01 -1.726702e-01 -2.051293e-01 7.166471e-01
1.460000e+11 7.775905e-01 -2.015729e-01 -1.647870e-01 7.327077e-01
1.470000e+11 7.827108e-01 -2.161344e-01 -1.182016e-01 7.429337e-01
1.480000e+11 7.790370e-01 -2.150908e-01 -6.970970e-02 7.455033e-01
1.490000e+11 7.673827e-01 -1.993788e-01 -2.394473e-02 7.406422e-01
1.500000e+11 7.504652e-01 -1.717319e-01 1.529113e-02 7.303919e-01
1.510000e+11 7.318594e-01 -1.356562e-01 4.566372e-02 7.177258e-01
1.520000e+11 7.149461e-01 -9.442966e-02 6.624867e-02 7.055793e-01
1.530000e+11 7.022821e-01 -5.056014e-02 7.703781e-02 6.962105e-01
1.540000e+11 6.954104e-01 -5.736357e-03 7.838554e-02 6.909547e-01
1.550000e+11 6.949141e-01 3.891585e-02 7.062652e-02 6.902196e-01
1.560000e+11 7.005240e-01 8.246371e-02 5.393076e-02 6.935597e-01
1.570000e+11 7.111925e-01 1.238123e-01 2.837949e-02 6.997570e-01
1.580000e+11 7.251523e-01 1.614507e-01 -5.783097e-03 7.069273e-01
1.590000e+11 7.400504e-01 1.933863e-01 -4.779729e-02 7.127354e-01
1.600000e+11 7.532632e-01 2.173434e-01 -9.606958e-02 7.147993e-01
1.610000e+11 7.624283e-01 2.312323e-01 -1.480770e-01 7.112677e-01
1.620000e+11 7.660614e-01 2.337395e-01 -2.006422e-01 7.013977e-01
1.630000e+11 7.639945e-01 2.247585e-01 -2.505408e-01 6.858574e-01
1.640000e+11 7.573956e-01 2.054193e-01 -2.951799e-01 6.665732e-01
1.650000e+11 7.483661e-01 1.777093e-01 -3.330207e-01 6.461954e-01
1.660000e+11 7.393354e-01 1.439119e-01 -3.635919e-01 6.274609e-01
1.670000e+11 7.325217e-01 1.061378e-01 -3.871801e-01 6.127107e-01
1.680000e+11 7.295985e-01 6.610064e-02 -4.044038e-01 6.036573e-01
1.690000e+11 7.315549e-01 2.513352e-02 -4.158432e-01 6.013445e-01
1.700000e+11 7.386654e-01 -1.563536e-02 -4.218098e-01 6.061836e-01
1.710000e+11 7.504960e-01 -5.504418e-02 -4.222717e-01 6.179814e-01
1.720000e+11 7.659270e-01 -9.168049e-02 -4.169318e-01 6.359298e-01
1.730000e+11 7.832282e-01 -1.237676e-01 -4.054483e-01 6.585891e-01
1.740000e+11 8.002569e-01 -1.492319e-01 -3.877641e-01 6.839445e-01
1.750000e+11 8.148269e-01 -1.659912e-01 -3.644602e-01 7.096186e-01
1.760000e+11 8.252033e-01 -1.724107e-01 -3.369854e-01 7.332638e-01
1.770000e+11 8.305609e-01 -1.677527e-01 -3.076221e-01 7.530333e-01
1.780000e+11 8.311941e-01 -1.524059e-01 -2.791586e-01 7.679365e-01
1.790000e+11 8.283653e-01 -1.277801e-01 -2.543962e-01 7.779100e-01
1.800000e+11 8.238692e-01 -9.594372e-02 -2.357033e-01 7.835810e-01
1.810000e+11 8.195107e-01 -5.920383e-02 -2.247643e-01 7.858586e-01
1.820000e+11 8.166820e-01 -1.980716e-02 -2.225305e-01 7.855300e-01
1.830000e+11 8.161186e-01 2.017614e-02 -2.292842e-01 7.829887e-01
1.840000e+11 8.178279e-01 5.883011e-02 -2.447145e-01 7.781365e-01
1.850000e+11 8.211567e-01 9.432725e-02 -2.679561e-01 7.704545e-01
1.860000e+11 8.249706e-01 1.249116e-01 -2.976049e-01 7.592133e-01
1.870000e+11 8.279291e-01 1.489853e-01 -3.317716e-01 7.437725e-01
1.880000e+11 8.288191e-01 1.652918e-01 -3.682345e-01 7.238944e-01
1.890000e+11 8.268725e-01 1.731273e-01 -4.047107e-01 6.999673e-01
1.900000e+11 8.219700e-01 1.724778e-01 -4.391872e-01 6.730533e-01
1.910000e+11 8.146641e-01 1.640042e-01 -4.702034e-01 6.447394e-01
1.920000e+11 8.060236e-01 1.488736e-01 -4.969866e-01 6.168589e-01
1.930000e+11 7.973768e-01 1.285089e-01 -5.194081e-01 5.911941e-01
1.940000e+11 7.900496e-01 1.043498e-01 -5.378077e-01 5.692561e-01
1.950000e+11 7.851676e-01 7.769530e-02 -5.527667e-01 5.521780e-01
1.960000e+11 7.835408e-01 4.964677e-02 -5.649007e-01 5.407019e-01
1.970000e+11 7.856170e-01 2.113403e-02 -5.747102e-01 5.352155e-01
1.980000e+11 7.914743e-01 -7.008453e-03 -5.824987e-01 5.357963e-01
1.990000e+11 8.008333e-01 -3.394997e-02 -5.883533e-01 5.422377e-01
2.000000e+11 8.130839e-01 -5.878665e-02 -5.921803e-01 5.540506e-01
2.010000e+11 8.273340e-01 -8.050565e-02 -5.937896e-01 5.704509e-01
2.020000e+11 8.424947e-01 -9.801108e-02 -5.930172e-01 5.903573e-01
2.030000e+11 8.574123e-01 -1.102205e-01 -5.898666e-01 6.124252e-01
2.040000e+11 8.710351e-01 -1.162199e-01 -5.846344e-01 6.351359e-01
2.050000e+11 8.825816e-01 -1.154385e-01 -5.779776e-01 6.569369e-01
2.060000e+11 8.916578e-01 -1.077895e-01 -5.708897e-01 6.764022e-01
2.070000e+11 8.982794e-01 -9.372964e-02 -5.645805e-01 6.923652e-01
2.080000e+11 9.027888e-01 -7.421961e-02 -5.602894e-01 7.039849e-01
2.090000e+11 9.056949e-01 -5.060834e-02 -5.590845e-01 7.107367e-01
2.100000e+11 9.074943e-01 -2.448240e-02 -5.616955e-01 7.123515e-01
2.110000e+11 9.085267e-01 2.480144e-03 -5.684120e-01 7.087471e-01
2.120000e+11 9.089044e-01 2.863354e-02 -5.790563e-01 6.999865e-01
2.130000e+11 9.085235e-01 5.246726e-02 -5.930263e-01 6.862812e-01
2.140000e+11 9.071450e-01 7.269712e-02 -6.093980e-01 6.680279e-01
2.150000e+11 9.045168e-01 8.834691e-02 -6.270743e-01 6.458509e-01
2.160000e+11 9.004970e-01 9.881131e-02 -6.449535e-01 6.206176e-01
2.170000e+11 8.951435e-01 1.038832e-01 -6.620875e-01 5.934056e-01
2.180000e+11 8.887461e-01 1.037329e-01 -6.777972e-01 5.654203e-01
2.190000e+11 8.817981e-01 9.884069e-02 -6.917223e-01 5.378835e-01
2.200000e+11 8.749223e-01 8.989907e-02 -7.038053e-01 5.119232e-01
2.210000e+11 8.687790e-01 7.770972e-02 -7.142242e-01 4.884894e-01
2.220000e+11 8.639782e-01 6.309716e-02 -7.233009e-01 4.683086e-01
2.230000e+11 8.610135e-01 4.685190e-02 -7.314092e-01 4.518737e-01
2.240000e+11 8.602196e-01 2.970492e-02 -7.388988e-01 4.394586e-01
2.250000e+11 8.617535e-01 1.232682e-02 -7.460453e-01 4.311421e-01
2.260000e+11 8.655933e-01 -4.658609e-03 -7.530234e-01 4.268323e-01
2.270000e+11 8.715497e-01 -2.065761e-02 -7.599044e-01 4.262835e-01
2.280000e+11 8.792891e-01 -3.509587e-02 -7.666714e-01 4.291067e-01
2.290000e+11 8.883657e-01 -4.742137e-02 -7.732491e-01 4.347766e-01
2.300000e+11 8.982647e-01 -5.712374e-02 -7.795420e-01 4.426405e-01
2.310000e+11 9.084521e-01 -6.376945e-02 -7.854755e-01 4.519369e-01
2.320000e+11 9.184268e-01 -6.704670e-02 -7.910304e-01 4.618261e-01
2.330000e+11 9.277661e-01 -6.681062e-02 -7.962638e-01 4.714343e-01
2.340000e+11 9.361577e-01 -6.311752e-02 -8.013094e-01 4.799069e-01
2.350000e+11 9.434098e-01 -5.623883e-02 -8.063573e-01 4.864639e-01
2.360000e+11 9.494397e-01 -4.665019e-02 -8.116158e-01 4.904480e-01
2.370000e+11 9.542466e-01 -3.499672e-02 -8.172663e-01 4.913630e-01
2.380000e+11 9.578767e-01 -2.204064e-02 -8.234216e-01 4.888955e-01
2.390000e+11 9.603930e-01 -8.599017e-03 -8.300988e-01 4.829251e-01
2.400000e+11 9.618564e-01 4.519845e-03 -8.372123e-01 4.735217e-01
2.410000e+11 9.623220e-01 1.657522e-02 -8.445879e-01 4.609340e-01
2.420000e+11 9.618487e-01 2.694276e-02 -8.519952e-01 4.455683e-01
2.430000e+11 9.605150e-01 3.514983e-02 -8.591886e-01 4.279586e-01
2.440000e+11 9.584356e-01 4.089501e-02 -8.659491e-01 4.087280e-01
2.450000e+11 9.557704e-01 4.405115e-02 -8.721178e-01 3.885449e-01
2.460000e+11 9.527235e-01 4.465325e-02 -8.776148e-01 3.680767e-01
2.470000e+11 9.495319e-01 4.287454e-02 -8.824427e-01 3.479477e-01
2.480000e+11 9.464462e-01 3.899561e-02 -8.866754e-01 3.287043e-01
2.490000e+11 9.437078e-01 3.337155e-02 -8.904377e-01 3.107918e-01
2.500000e+11 9.415272e-01 2.640153e-02 -8.938801e-01 2.945416e-01
2.510000e+11 9.400663e-01 1.850324e-02 -8.971554e-01 2.801685e-01
2.520000e+11 9.394270e-01 1.009312e-02 -9.003987e-01 2.677751e-01
2.530000e+11 9.396478e-01 1.571693e-03 -9.037149e-01 2.573613e-01
2.540000e+11 9.407052e-01 -6.687359e-03 -9.071729e-01 2.488351e-01
2.550000e+11 9.425230e-01 -1.434622e-02 -9.108059e-01 2.420258e-01
2.560000e+11 9.449843e-01 -2.111120e-02 -9.146171e-01 2.366964e-01
2.570000e+11 9.479465e-01 -2.674092e-02 -9.185881e-01 2.325581e-01
2.580000e+11 9.512574e-01 -3.105422e-02 -9.226890e-01 2.292844e-01
2.590000e+11 9.547699e-01 -3.393697e-02 -9.268868e-01 2.265274e-01
2.600000e+11 9.583537e-01 -3.534658e-02 -9.311529e-01 2.239345e-01
2.610000e+11 9.619034e-01 -3.531304e-02 -9.354662e-01 2.211651e-01
2.620000e+11 9.653419e-01 -3.393576e-02 -9.398138e-01 2.179068e-01
2.630000e+11 9.686195e-01 -3.137595e-02 -9.441878e-01 2.138893e-01
2.640000e+11 9.717095e-01 -2.784521e-02 -9.485813e-01 2.088957e-01
2.650000e+11 9.746019e-01 -2.359108e-02 -9.529830e-01 2.027702e-01
2.660000e+11 9.772963e-01 -1.888118e-02 -9.573725e-01 1.954212e-01
2.670000e+11 9.797958e-01 -1.398704e-02 -9.617181e-01 1.868221e-01
2.680000e+11 9.821023e-01 -9.168954e-03 -9.659760e-01 1.770068e-01
2.690000e+11 9.842137e-01 -4.662699e-03 -9.700915e-01 1.660644e-01
2.700000e+11 9.861230e-01 -6.688652e-04 -9.740032e-01 1.541295e-01
2.710000e+11 9.878193e-01 2.654933e-03 -9.776470e-01 1.413727e-01
2.720000e+11 9.892889e-01 5.198732e-03 -9.809610e-01 1.279883e-01
2.730000e+11 9.905174e-01 6.901824e-03 -9.838899e-01 1.141832e-01
2.740000e+11 9.914914e-01 7.751450e-03 -9.863884e-01 1.001645e-01
2.750000e+11 9.921997e-01 7.778907e-03 -9.884237e-01 8.612933e-02
2.760000e+11 9.926346e-01 7.053482e-03 -9.899762e-01 7.225525e-02
2.770000e+11 9.927924e-01 5.674763e-03 -9.910397e-01 5.869307e-02
2.780000e+11 9.926743e-01 3.763888e-03 -9.916210e-01 4.556177e-02
2.790000e+11 9.922868e-01 1.454393e-03 -9.917387e-01 3.294588e-02
2.800000e+11 9.916429e-01 -1.116748e-03 -9.914221e-01 2.089520e-02
2.810000e+11 9.907627e-01 -3.817291e-03 -9.907105e-01 9.426747e-03
2.820000e+11 9.896745e-01 -6.526619e-03 -9.896519e-01 -1.471573e-03
2.830000e+11 9.884153e-01 -9.140967e-03 -9.883021e-01 -1.183586e-02
2.840000e+11 9.870304e-01 -1.157675e-02 -9.867235e-01 -2.172035e-02
2.850000e+11 9.855734e-01 -1.377195e-02 -9.849834e-01 -3.119123e-02
2.860000e+11 9.841038e-01 -1.568560e-02 -9.831523e-01 -4.032076e-02
2.870000e+11 9.826853e-01 -1.729571e-02 -9.813014e-01 -4.918200e-02
2.880000e+11 9.813824e-01 -1.859599e-02 -9.794997e-01 -5.784463e-02
2.890000e+11 9.802573e-01 -1.959177e-02 -9.778115e-01 -6.637188e-02
2.900000e+11 9.793659e-01 -2.029566e-02 -9.762929e-01 -7.481883e-02
2.910000e+11 9.787550e-01 -2.072337e-02 -9.749894e-01 -8.323183e-02
2.920000e+11 9.784591e-01 -2.089004e-02 -9.739334e-01 -9.164912e-02
2.930000e+11 9.784981e-01 -2.080746e-02 -9.731419e-01 -1.001022e-01
2.940000e+11 9.788757e-01 -2.048224e-02 -9.726152e-01 -1.086178e-01
2.950000e+11 9.795790e-01 -1.991530e-02 -9.723363e-01 -1.172204e-01
2.960000e+11 9.805789e-01 -1.910243e-02 -9.722708e-01 -1.259345e-01
2.970000e+11 9.818311e-01 -1.803612e-02 -9.723680e-01 -1.347869e-01
2.980000e+11 9.832784e-01 -1.670840e-02 -9.725617e-01 -1.438084e-01
2.990000e+11 9.848537e-01 -1.511449e-02 -9.727737e-01 -1.530347e-01
3.000000e+11 9.864834e-01 -1.325700e-02 -9.729159e-01 -1.625064e-01
3.010000e+11 9.880910e-01 -1.115021e-02 -9.728944e-01 -1.722675e-01
3.020000e+11 9.896015e-01 -8.823996e-03 -9.726135e-01 -1.823632e-01
3.030000e+11 9.909444e-01 -6.326947e-03 -9.719799e-01 -1.928362e-01
3.040000e+11 9.920570e-01 -3.728060e-03 -9.709071e-01 -2.037221e-01
3.050000e+11 9.928873e-01 -1.116766e-03 -9.693194e-01 -2.150440e-01
3.060000e+11 9.933953e-01 1.399045e-03 -9.671560e-01 -2.268074e-01
3.070000e+11 9.935541e-01 3.697074e-03 -9.643741e-01 -2.389952e-01
3.080000e+11 9.933503e-01 5.646573e-03 -9.609519e-01 -2.515640e-01
3.090000e+11 9.927836e-01 7.115894e-03 -9.568904e-01 -2.644417e-01
3.100000e+11 9.918665e-01 7.981134e-03 -9.522153e-01 -2.775274e-01
3.110000e+11 9.906232e-01 8.135232e-03 -9.469771e-01 -2.906930e-01
3.120000e+11 9.890881e-01 7.496871e-03 -9.412502e-01 -3.037879e-01
3.130000e+11 9.873042e-01 6.018508e-03 -9.351308e-01 -3.166446e-01
3.140000e+11 9.853206e-01 3.692945e-03 -9.287330e-01 -3.290866e-01
3.150000e+11 9.831893e-01 5.579822e-04 -9.221837e-01 -3.409371e-01
3.160000e+11 9.809618e-01 -3.301220e-03 -9.156151e-01 -3.520285e-01
3.170000e+11 9.786844e-01 -7.752251e-03 -9.091570e-01 -3.622109e-01
3.180000e+11 9.763950e-01 -1.261815e-02 -9.029278e-01 -3.713615e-01
3.190000e+11 9.741187e-01 -1.768269e-02 -8.970262e-01 -3.793925e-01
3.200000e+11 9.718667e-01 -2.269831e-02 -8.915237e-01 -3.862579e-01
3.210000e+11 9.696356e-01 -2.739644e-02 -8.864593e-01 -3.919601e-01
3.220000e+11 9.674106e-01 -3.150019e-02 -8.818366e-01 -3.965543e-01
3.230000e+11 9.651700e-01 -3.473893e-02 -8.776245e-01 -4.001518e-01
3.240000e+11 9.628928e-01 -3.686414e-02 -8.737609e-01 -4.029212e-01
3.250000e+11 9.605676e-01 -3.766558e-02 -8.701590e-01 -4.050861e-01
3.260000e+11 9.582000e-01 -3.698642e-02 -8.667154e-01 -4.069198e-01
3.270000e+11 9.558199e-01 -3.473623e-02 -8.633189e-01 -4.087365e-01
3.280000e+11 9.534834e-01 -3.090023e-02 -8.598577e-01 -4.108777e-01
3.290000e+11 9.512712e-01 -2.554431e-02 -8.562244e-01 -4.136958e-01
3.300000e+11 9.492815e-01 -1.881544e-02 -8.523177e-01 -4.175355e-01
3.310000e+11 9.476182e-01 -1.093788e-02 -8.480413e-01 -4.227133e-01
3.320000e+11 9.463762e-01 -2.206140e-03 -8.433002e-01 -4.294973e-01
3.330000e+11 9.456262e-01 7.024458e-03 -8.379969e-01 -4.380875e-01
3.340000e+11 9.453998e-01 1.634895e-02 -8.320294e-01 -4.485985e-01
3.350000e+11 9.456805e-01 2.532560e-02 -8.252928e-01 -4.610446e-01
3.360000e+11 9.463988e-01 3.349103e-02 -8.176867e-01 -4.753289e-01
3.370000e+11 9.474362e-01 4.037871e-02 -8.091293e-01 -4.912378e-01
3.380000e+11 9.486365e-01 4.554159e-02 -7.995766e-01 -5.084432e-01
3.390000e+11 9.498245e-01 4.857921e-02 -7.890443e-01 -5.265128e-01
3.400000e+11 9.508287e-01 4.916796e-02 -7.776296e-01 -5.449311e-01
3.410000e+11 9.515041e-01 4.709205e-02 -7.655247e-01 -5.631291e-01
3.420000e+11 9.517510e-01 4.227113e-02 -7.530201e-01 -5.805204e-01
3.430000e+11 9.515237e-01 3.478060e-02 -7.404919e-01 -5.965396e-01
3.440000e+11 9.508267e-01 2.486108e-02 -7.283726e-01 -6.106772e-01
3.450000e+11 9.496985e-01 1.291567e-02 -7.171096e-01 -6.225065e-01
3.460000e+11 9.481866e-01 -5.048365e-04 -7.071149e-01 -6.317010e-01
3.470000e+11 9.463188e-01 -1.472709e-02 -6.987156e-01 -6.380430e-01
3.480000e+11 9.440795e-01 -2.898885e-02 -6.921104e-01 -6.414272e-01
3.490000e+11 9.413988e-01 -4.247981e-02 -6.873416e-01 -6.418634e-01
3.500000e+11 9.381588e-01 -5.438899e-02 -6.842849e-01 -6.394825e-01
3.510000e+11 9.342189e-01 -6.395748e-02 -6.826619e-01 -6.345448e-01
3.520000e+11 9.294561e-01 -7.053356e-02 -6.820719e-01 -6.274484e-01
3.530000e+11 9.238121e-01 -7.362448e-02 -6.820415e-01 -6.187306e-01
3.540000e+11 9.173348e-01 -7.293672e-02 -6.820803e-01 -6.090566e-01
3.550000e+11 9.102029e-01 -6.839703e-02 -6.817344e-01 -5.991905e-01
3.560000e+11 9.027249e-01 -6.014974e-02 -6.806252e-01 -5.899522e-01
3.570000e+11 8.953120e-01 -4.853188e-02 -6.784651e-01 -5.821626e-01
3.580000e+11 8.884290e-01 -3.403350e-02 -6.750511e-01 -5.765880e-01
3.590000e+11 8.825340e-01 -1.725415e-02 -6.702376e-01 -5.738904e-01
3.600000e+11 8.780165e-01 1.133739e-03 -6.638998e-01 -5.745857e-01
3.610000e+11 8.751434e-01 2.040794e-02 -6.558984e-01 -5.790135e-01
3.620000e+11 8.740182e-01 3.980478e-02 -6.460556e-01 -5.873121e-01
3.630000e+11 8.745581e-01 5.851762e-02 -6.341517e-01 -5.993990e-01
3.640000e+11 8.764915e-01 7.569464e-02 -6.199489e-01 -6.149561e-01
3.650000e+11 8.793811e-01 9.044799e-02 -6.032427e-01 -6.334260e-01
3.660000e+11 8.826745e-01 1.018849e-01 -5.839364e-01 -6.540275e-01
3.670000e+11 8.857832e-01 1.091667e-01 -5.621275e-01 -6.758011e-01
3.680000e+11 8.881808e-01 1.115920e-01 -5.381823e-01 -6.976907e-01
3.690000e+11 8.895020e-01 1.086888e-01 -5.127766e-01 -7.186520e-01
3.700000e+11 8.896169e-01 1.002935e-01 -4.868816e-01 -7.377708e-01
3.710000e+11 8.886561e-01 8.659298e-02 -4.616883e-01 -7.543575e-01
3.720000e+11 8.869738e-01 6.812007e-02 -4.384866e-01 -7.679919e-01
3.730000e+11 8.850541e-01 4.570831e-02 -4.185234e-01 -7.785048e-01
3.740000e+11 8.833837e-01 2.042569e-02 -4.028703e-01 -7.859040e-01
3.750000e+11 8.823194e-01 -6.489579e-03 -3.923185e-01 -7.902731e-01
3.760000e+11 8.819803e-01 -3.367782e-02 -3.873052e-01 -7.916753e-01
3.770000e+11 8.821878e-01 -5.969385e-02 -3.878662e-01 -7.900960e-01
3.780000e+11 8.824681e-01 -8.304752e-02 -3.936122e-01 -7.854441e-01
3.790000e+11 8.821284e-01 -1.022721e-01 -4.037325e-01 -7.776188e-01
3.800000e+11 8.804021e-01 -1.160357e-01 -4.170429e-01 -7.666282e-01
3.810000e+11 8.766393e-01 -1.232878e-01 -4.320918e-01 -7.527239e-01
3.820000e+11 8.704969e-01 -1.234065e-01 -4.473241e-01 -7.365032e-01
3.830000e+11 8.620672e-01 -1.162945e-01 -4.612719e-01 -7.189323e-01
3.840000e+11 8.518994e-01 -1.023818e-01 -4.727235e-01 -7.012725e-01
3.850000e+11 8.409060e-01 -8.252920e-02 -4.808173e-01 -6.849282e-01
3.860000e+11 8.301859e-01 -5.787088e-02 -4.850377e-01 -6.712660e-01
3.870000e+11 8.208215e-01 -2.965221e-02 -4.851284e-01 -6.614523e-01
3.880000e+11 8.136983e-01 8.841353e-04 -4.809622e-01 -6.563379e-01
3.890000e+11 8.093732e-01 3.254014e-02 -4.724174e-01 -6.563900e-01
3.900000e+11 8.079938e-01 6.413805e-02 -4.592977e-01 -6.616539e-01
3.910000e+11 8.092646e-01 9.445703e-02 -4.413222e-01 -6.717304e-01
3.920000e+11 8.124596e-01 1.221714e-01 -4.181956e-01 -6.857675e-01
3.930000e+11 8.164959e-01 1.458348e-01 -3.897553e-01 -7.024874e-01
3.940000e+11 8.200854e-01 1.639491e-01 -3.561653e-01 -7.202826e-01
3.950000e+11 8.219691e-01 1.751296e-01 -3.181009e-01 -7.374108e-01
3.960000e+11 8.212000e-01 1.783379e-01 -2.768440e-01 -7.522781e-01
3.970000e+11 8.173946e-01 1.731005e-01 -2.342232e-01 -7.637471e-01
3.980000e+11 8.108613e-01 1.596216e-01 -1.923925e-01 -7.713638e-01
3.990000e+11 8.025461e-01 1.387313e-01 -1.535193e-01 -7.754133e-01
4.000000e+11 7.938176e-01 1.116949e-01 -1.194988e-01 -7.767823e-01
4.010000e+11 7.861722e-01 7.996844e-02 -9.178900e-02 -7.766895e-01
4.020000e+11 7.809506e-01 4.500162e-02 -7.139041e-02 -7.763776e-01
4.030000e+11 7.791206e-01 8.149766e-03 -5.892650e-02 -7.768463e-01
4.040000e+11 7.811323e-01 -2.929481e-02 -5.475028e-02 -7.786603e-01
4.050000e+11 7.868295e-01 -6.598414e-02 -5.900519e-02 -7.818344e-01
4.060000e+11 7.954071e-01 -1.003660e-01 -7.159465e-02 -7.857947e-01
4.070000e+11 8.054378e-01 -1.305818e-01 -9.205047e-02 -7.894334e-01
4.080000e+11 8.150195e-01 -1.544963e-01 -1.193395e-01 -7.912938e-01
4.090000e+11 8.220978e-01 -1.699259e-01 -1.517044e-01 -7.899087e-01
4.100000e+11 8.249462e-01 -1.750535e-01 -1.866688e-01 -7.842495e-01
4.110000e+11 8.226734e-01 -1.688971e-01 -2.212957e-01 -7.741405e-01
4.120000e+11 8.155360e-01 -1.516107e-01 -2.526568e-01 -7.604457e-01
4.130000e+11 8.048888e-01 -1.244508e-01 -2.783213e-01 -7.449129e-01
4.140000e+11 7.927850e-01 -8.942613e-02 -2.966430e-01 -7.297356e-01
4.150000e+11 7.814144e-01 -4.882851e-02 -3.067480e-01 -7.170285e-01
4.160000e+11 7.725943e-01 -4.869826e-03 -3.082959e-01 -7.084009e-01
4.170000e+11 7.674299e-01 4.045437e-02 -3.011811e-01 -7.047000e-01
4.180000e+11 7.661437e-01 8.528929e-02 -2.853270e-01 -7.058969e-01
4.190000e+11 7.680343e-01 1.277341e-01 -2.606625e-01 -7.110667e-01
4.200000e+11 7.715507e-01 1.656799e-01 -2.272979e-01 -7.184541e-01
4.210000e+11 7.745233e-01 1.968070e-01 -1.858484e-01 -7.256816e-01
4.220000e+11 7.746019e-01 2.188356e-01 -1.377644e-01 -7.301644e-01
4.230000e+11 7.698654e-01 2.300003e-01 -8.546232e-02 -7.297183e-01
4.240000e+11 7.594221e-01 2.295611e-01 -3.208645e-02 -7.231832e-01
4.250000e+11 7.437270e-01 2.180646e-01 1.907573e-02 -7.107839e-01
4.260000e+11 7.244510e-01 1.971789e-01 6.527410e-02 -6.940382e-01
4.270000e+11 7.039838e-01 1.691812e-01 1.047482e-01 -6.752767e-01
4.280000e+11 6.848407e-01 1.363613e-01 1.367896e-01 -6.570395e-01
4.290000e+11 6.692182e-01 1.005921e-01 1.614836e-01 -6.416052e-01
4.300000e+11 6.587838e-01 6.316051e-02 1.793170e-01 -6.307553e-01
4.310000e+11 6.546452e-01 2.481941e-02 1.908097e-01 -6.257283e-01
4.320000e+11 6.573894e-01 -1.402081e-02 1.962465e-01 -6.272572e-01
4.330000e+11 6.670980e-01 -5.302614e-02 1.955227e-01 -6.355933e-01
4.340000e+11 6.832814e-01 -9.162719e-02 1.881052e-01 -6.504570e-01
4.350000e+11 7.047299e-01 -1.286855e-01 1.731361e-01 -6.709010e-01
4.360000e+11 7.293452e-01 -1.622009e-01 1.497269e-01 -6.951382e-01
4.370000e+11 7.541122e-01 -1.892056e-01 1.174838e-01 -7.204748e-01
4.380000e+11 7.754388e-01 -2.060629e-01 7.718075e-02 -7.435634e-01
4.390000e+11 7.900022e-01 -2.092980e-01 3.129147e-02 -7.611298e-01
4.400000e+11 7.958920e-01 -1.967554e-01 -1.604637e-02 -7.710214e-01
4.410000e+11 7.934365e-01 -1.684724e-01 -5.983387e-02 -7.730320e-01
4.420000e+11 7.851131e-01 -1.266916e-01 -9.542575e-02 -7.689251e-01
4.430000e+11 7.745456e-01 -7.503668e-02 -1.194575e-01 -7.615906e-01
4.440000e+11 7.651798e-01 -1.747763e-02 -1.300648e-01 -7.538420e-01
4.450000e+11 7.592502e-01 4.229120e-02 -1.265590e-01 -7.474324e-01
4.460000e+11 7.572567e-01 1.008889e-01 -1.090297e-01 -7.425440e-01
4.470000e+11 7.578858e-01 1.549496e-01 -7.824155e-02 -7.377397e-01
4.480000e+11 7.583227e-01 2.009048e-01 -3.589368e-02 -7.303439e-01
4.490000e+11 7.550022e-01 2.352125e-01 1.500641e-02 -7.172714e-01
4.500000e+11 7.447745e-01 2.551286e-01 7.011015e-02 -6.961917e-01
4.510000e+11 7.261160e-01 2.596632e-01 1.243912e-01 -6.665931e-01
4.520000e+11 6.997541e-01 2.500544e-01 1.733579e-01 -6.301393e-01
4.530000e+11 6.683230e-01 2.293442e-01 2.141545e-01 -5.900802e-01
4.540000e+11 6.353338e-01 2.013057e-01 2.459390e-01 -5.501264e-01
4.550000e+11 6.041251e-01 1.693723e-01 2.694908e-01 -5.134734e-01
4.560000e+11 5.772663e-01 1.360293e-01 2.864662e-01 -4.823583e-01
4.570000e+11 5.564510e-01 1.027011e-01 2.987236e-01 -4.580987e-01
4.580000e+11 5.426793e-01 6.993131e-02 3.079006e-01 -4.413702e-01
4.590000e+11 5.365145e-01 3.765348e-02 3.152153e-01 -4.325151e-01
4.600000e+11 5.382938e-01 5.444116e-03 3.213951e-01 -4.317821e-01
4.610000e+11 5.482406e-01 -2.725822e-02 3.266430e-01 -4.394645e-01
4.620000e+11 5.664561e-01 -6.093612e-02 3.305884e-01 -4.559282e-01
4.630000e+11 5.927704e-01 -9.572252e-02 3.322102e-01 -4.815084e-01
4.640000e+11 6.264290e-01 -1.310217e-01 3.297740e-01 -5.162322e-01
4.650000e+11 6.656370e-01 -1.650204e-01 3.209100e-01 -5.593368e-01
4.660000e+11 7.071203e-01 -1.942377e-01 3.030508e-01 -6.086469e-01
4.670000e+11 7.461087e-01 -2.135168e-01 2.744423e-01 -6.601289e-01
4.680000e+11 7.772762e-01 -2.170043e-01 2.356068e-01 -7.082068e-01
4.690000e+11 7.967123e-01 -2.002133e-01 1.904503e-01 -7.472576e-01
4.700000e+11 8.038734e-01 -1.621621e-01 1.458825e-01 -7.737145e-01
4.710000e+11 8.018706e-01 -1.060055e-01 1.097519e-01 -7.872190e-01
4.720000e+11 7.956342e-01 -3.775655e-02 8.841015e-02 -7.898049e-01
4.730000e+11 7.892577e-01 3.559653e-02 8.533434e-02 -7.838231e-01
4.740000e+11 7.841196e-01 1.071908e-01 1.009224e-01 -7.701742e-01
4.750000e+11 7.784468e-01 1.705150e-01 1.326978e-01 -7.478605e-01
4.760000e+11 7.682849e-01 2.196546e-01 1.755531e-01 -7.149788e-01
4.770000e+11 7.495422e-01 2.502774e-01 2.224624e-01 -6.705858e-01
4.780000e+11 7.202417e-01 2.610277e-01 2.661439e-01 -6.162630e-01
4.790000e+11 6.816559e-01 2.541133e-01 3.011945e-01 -5.562041e-01
4.800000e+11 6.376256e-01 2.343246e-01 3.254071e-01 -4.957506e-01
4.810000e+11 5.927888e-01 2.071183e-01 3.395375e-01 -4.395620e-01
4.820000e+11 5.510471e-01 1.770249e-01 3.460492e-01 -3.905959e-01
4.830000e+11 5.149438e-01 1.470060e-01 3.478297e-01 -3.501011e-01
4.840000e+11 4.857792e-01 1.185665e-01 3.474228e-01 -3.181522e-01
4.850000e+11 4.640271e-01 9.216740e-02 3.467686e-01 -2.942412e-01
4.860000e+11 4.497451e-01 6.763147e-02 3.472345e-01 -2.777136e-01
4.870000e+11 4.428734e-01 4.443109e-02 3.497462e-01 -2.680304e-01
4.880000e+11 4.434184e-01 2.186065e-02 3.549159e-01 -2.649089e-01
4.890000e+11 4.515486e-01 -8.673174e-04 3.631221e-01 -2.683985e-01
4.900000e+11 4.676242e-01 -2.455590e-02 3.745252e-01 -2.789270e-01
4.910000e+11 4.921546e-01 -4.993814e-02 3.890021e-01 -2.973209e-01
4.920000e+11 5.256517e-01 -7.750985e-02 4.059838e-01 -3.247755e-01
4.930000e+11 5.683070e-01 -1.071998e-01 4.241874e-01 -3.626928e-01
4.940000e+11 6.194160e-01 -1.377969e-01 4.412969e-01 -4.122441e-01
4.950000e+11 6.765638e-01 -1.661611e-01 4.538096e-01 -4.734827e-01
4.960000e+11 7.349150e-01 -1.865873e-01 4.575330e-01 -5.440118e-01
4.970000e+11 7.874828e-01 -1.912514e-01 4.492863e-01 -6.178137e-01
4.980000e+11 8.272761e-01 -1.727238e-01 4.295545e-01 -6.855911e-01
4.990000e+11 8.506305e-01 -1.279681e-01 4.041257e-01 -7.374814e-01
5.000000e+11 8.588039e-01 -6.097473e-02 3.823616e-01 -7.665676e-01
5.010000e+11 8.557855e-01 1.820963e-02 3.725805e-01 -7.702085e-01
5.020000e+11 8.442862e-01 9.685800e-02 3.778797e-01 -7.487621e-01
5.030000e+11 8.237173e-01 1.629474e-01 3.949064e-01 -7.042778e-01
5.040000e+11 7.916934e-01 2.079093e-01 4.157915e-01 -6.408351e-01
5.050000e+11 7.473474e-01 2.286994e-01 4.320967e-01 -5.652585e-01
5.060000e+11 6.933363e-01 2.280876e-01 4.385855e-01 -4.861420e-01
5.070000e+11 6.349885e-01 2.125261e-01 4.345770e-01 -4.113222e-01
5.080000e+11 5.779110e-01 1.890199e-01 4.226635e-01 -3.458441e-01
5.090000e+11 5.262047e-01 1.629865e-01 4.065308e-01 -2.916496e-01
5.100000e+11 4.820445e-01 1.376943e-01 3.894381e-01 -2.484856e-01
5.110000e+11 4.461208e-01 1.146645e-01 3.736841e-01 -2.150256e-01
5.120000e+11 4.182772e-01 9.431072e-02 3.606777e-01 -1.896652e-01
5.130000e+11 3.980127e-01 7.645535e-02 3.512106e-01 -1.709380e-01
5.140000e+11 3.847925e-01 6.064979e-02 3.457235e-01 -1.576774e-01
5.150000e+11 3.782147e-01 4.634214e-02 3.445031e-01 -1.490518e-01
5.160000e+11 3.780937e-01 3.294962e-02 3.478120e-01 -1.445543e-01
5.170000e+11 3.845018e-01 1.987964e-02 3.559683e-01 -1.439896e-01
5.180000e+11 3.977941e-01 6.528070e-03 3.693886e-01 -1.474775e-01
5.190000e+11 4.186190e-01 -7.724128e-03 3.885965e-01 -1.554829e-01
5.200000e+11 4.479040e-01 -2.349146e-02 4.141840e-01 -1.688721e-01
5.210000e+11 4.867765e-01 -4.130177e-02 4.466893e-01 -1.889819e-01
5.220000e+11 5.363349e-01 -6.137996e-02 4.863294e-01 -2.176495e-01
5.230000e+11 5.971337e-01 -8.318854e-02 5.325091e-01 -2.570648e-01
5.240000e+11 6.682249e-01 -1.046297e-01 5.830914e-01 -3.091628e-01
5.250000e+11 7.457945e-01 -1.210531e-01 6.336939e-01 -3.741493e-01
5.260000e+11 8.220832e-01 -1.249191e-01 6.778336e-01 -4.480598e-01
5.270000e+11 8.861589e-01 -1.078226e-01 7.089765e-01 -5.205806e-01
5.280000e+11 9.275186e-01 -6.571674e-02 7.239618e-01 -5.760654e-01
5.290000e+11 9.402595e-01 -4.147094e-03 7.243633e-01 -5.994736e-01
5.300000e+11 9.239874e-01 6.229733e-02 7.134402e-01 -5.838448e-01
5.310000e+11 8.819578e-01 1.172833e-01 6.923846e-01 -5.335707e-01
5.320000e+11 8.200043e-01 1.508640e-01 6.607354e-01 -4.616014e-01
5.330000e+11 7.462694e-01 1.623823e-01 6.194905e-01 -3.831207e-01
5.340000e+11 6.696119e-01 1.575471e-01 5.723309e-01 -3.098329e-01
5.350000e+11 5.972285e-01 1.436196e-01 5.240915e-01 -2.477568e-01
5.360000e+11 5.334064e-01 1.263197e-01 4.788189e-01 -1.982377e-01
5.370000e+11 4.797976e-01 1.090725e-01 4.389653e-01 -1.600573e-01
5.380000e+11 4.363690e-01 9.349224e-02 4.055696e-01 -1.311121e-01
5.390000e+11 4.022868e-01 8.010012e-02 3.787744e-01 -1.093096e-01
5.400000e+11 3.764906e-01 6.886755e-02 3.582887e-01 -9.290677e-02
5.410000e+11 3.579952e-01 5.953629e-02 3.436934e-01 -8.056554e-02
5.420000e+11 3.460229e-01 5.178045e-02 3.346141e-01 -7.130272e-02
5.430000e+11 3.400514e-01 4.527713e-02 3.308104e-01 -6.441572e-02
5.440000e+11 3.398264e-01 3.972986e-02 3.322246e-01 -5.941634e-02
5.450000e+11 3.453669e-01 3.486930e-02 3.390110e-01 -5.598165e-02
5.460000e+11 3.569755e-01 3.044340e-02 3.515637e-01 -5.392263e-02
5.470000e+11 3.752562e-01 2.620285e-02 3.705450e-01 -5.316979e-02
5.480000e+11 4.011369e-01 2.188533e-02 3.969131e-01 -5.377581e-02
5.490000e+11 4.358787e-01 1.720329e-02 4.319322e-01 -5.593643e-02
5.500000e+11 4.810301e-01 1.184626e-02 4.771226e-01 -6.003091e-02
5.510000e+11 5.382357e-01 5.523966e-03 5.340613e-01 -6.667570e-02
5.520000e+11 6.087237e-01 -1.896708e-03 6.038619e-01 -7.675745e-02
5.530000e+11 6.922015e-01 -1.007948e-02 6.860751e-01 -9.133571e-02
5.540000e+11 7.849270e-01 -1.769259e-02 7.768136e-01 -1.111671e-01
5.550000e+11 8.773218e-01 -2.193193e-02 8.665128e-01 -1.355292e-01
5.560000e+11 9.531019e-01 -1.901508e-02 9.392907e-01 -1.605451e-01
5.570000e+11 9.933371e-01 -6.659920e-03 9.770871e-01 -1.788158e-01
5.580000e+11 9.859309e-01 1.283783e-02 9.687421e-01 -1.828486e-01
5.590000e+11 9.333983e-01 3.308221e-02 9.170810e-01 -1.705887e-01
