# #nu(Hz) #T #rho #c #s
0.000000e+00 1.000000e+00 0.000000e+00 1.000000e+00 0.000000e+00
1.000000e+09 9.730587e-01 -5.633820e-03 9.724453e-01 3.408423e-02
2.000000e+09 9.017639e-01 -1.898879e-02 8.997052e-01 5.786282e-02
3.000000e+09 8.072728e-01 -3.314453e-02 8.037054e-01 6.817977e-02
4.000000e+09 7.093628e-01 -4.343848e-02 7.047350e-01 6.824432e-02
5.000000e+09 6.200408e-01 -4.882909e-02 6.149072e-01 6.289318e-02
6.000000e+09 5.441818e-01 -5.029104e-02 5.389799e-01 5.572543e-02
7.000000e+09 4.824161e-01 -4.923049e-02 4.774215e-01 4.868679e-02
8.000000e+09 4.334909e-01 -4.678332e-02 4.288492e-01 4.259211e-02
9.000000e+09 3.956106e-01 -4.368568e-02 3.913828e-01 3.766691e-02
1.000000e+10 3.670528e-01 -4.034969e-02 3.632511e-01 3.388668e-02
1.100000e+10 3.463981e-01 -3.696777e-02 3.430082e-01 3.115130e-02
1.200000e+10 3.325855e-01 -3.359170e-02 3.295790e-01 2.936576e-02
1.300000e+10 3.249032e-01 -3.018081e-02 3.222426e-01 2.847674e-02
1.400000e+10 3.229651e-01 -2.662548e-02 3.206021e-01 2.849286e-02
1.500000e+10 3.266941e-01 -2.275284e-02 3.245626e-01 2.950377e-02
1.600000e+10 3.363212e-01 -1.831938e-02 3.343216e-01 3.170829e-02
1.700000e+10 3.524020e-01 -1.299356e-02 3.503724e-01 3.546084e-02
1.800000e+10 3.758450e-01 -6.332968e-03 3.735099e-01 4.134792e-02
1.900000e+10 4.079375e-01 2.232725e-03 4.048172e-01 5.030982e-02
2.000000e+10 4.503251e-01 1.338214e-02 4.455788e-01 6.382157e-02
2.100000e+10 5.048422e-01 2.777035e-02 4.970086e-01 8.412465e-02
2.200000e+10 5.729829e-01 4.562501e-02 5.595875e-01 1.144093e-01
2.300000e+10 6.546636e-01 6.581812e-02 6.317441e-01 1.585931e-01
2.400000e+10 7.460110e-01 8.428999e-02 7.078725e-01 2.198730e-01
2.500000e+10 8.368761e-01 9.267778e-02 7.768723e-01 2.970553e-01
2.600000e+10 9.110157e-01 8.004288e-02 8.242775e-01 3.796173e-01
2.700000e+10 9.522710e-01 4.034009e-02 8.397053e-01 4.473117e-01
2.800000e+10 9.533768e-01 -1.942688e-02 8.235140e-01 4.799735e-01
2.900000e+10 9.182100e-01 -8.130570e-02 7.842652e-01 4.705604e-01
3.000000e+10 8.568243e-01 -1.282479e-01 7.312060e-01 4.278296e-01
3.100000e+10 7.806627e-01 -1.530528e-01 6.711710e-01 3.681556e-01
3.200000e+10 7.002133e-01 -1.580809e-01 6.095108e-01 3.062770e-01
3.300000e+10 6.235122e-01 -1.499875e-01 5.506720e-01 2.510608e-01
3.400000e+10 5.554085e-01 -1.352221e-01 4.978026e-01 2.058789e-01
3.500000e+10 4.979205e-01 -1.182129e-01 4.525376e-01 1.707637e-01
3.600000e+10 4.511974e-01 -1.013819e-01 4.152933e-01 1.443340e-01
3.700000e+10 4.144540e-01 -8.576758e-02 3.857603e-01 1.249201e-01
3.800000e+10 3.866075e-01 -7.161347e-02 3.633232e-01 1.110545e-01
3.900000e+10 3.666271e-01 -5.875635e-02 3.473279e-01 1.016192e-01
4.000000e+10 3.536972e-01 -4.683827e-02 3.372246e-01 9.585135e-02
4.100000e+10 3.472817e-01 -3.540441e-02 3.326323e-01 9.331060e-02
4.200000e+10 3.471473e-01 -2.393508e-02 3.333617e-01 9.385284e-02
4.300000e+10 3.533758e-01 -1.184192e-02 3.394150e-01 9.763059e-02
4.400000e+10 3.663784e-01 1.552981e-03 3.509681e-01 1.051289e-01
4.500000e+10 3.869081e-01 1.703805e-02 3.683225e-01 1.172440e-01
4.600000e+10 4.160501e-01 3.550533e-02 3.917935e-01 1.354066e-01
4.700000e+10 4.551283e-01 5.785591e-02 4.214706e-01 1.617312e-01
4.800000e+10 5.054009e-01 8.469431e-02 4.567425e-01 1.991063e-01
4.900000e+10 5.673228e-01 1.156016e-01 4.954801e-01 2.509799e-01
5.000000e+10 6.391402e-01 1.477793e-01 5.329690e-01 3.203208e-01
5.100000e+10 7.150398e-01 1.743339e-01 5.613838e-01 4.071091e-01
5.200000e+10 7.844671e-01 1.838961e-01 5.716992e-01 5.047088e-01
5.300000e+10 8.354356e-01 1.645153e-01 5.593463e-01 5.983470e-01
5.400000e+10 8.615258e-01 1.116282e-01 5.298754e-01 6.700730e-01
5.500000e+10 8.655285e-01 3.297720e-02 4.970300e-01 7.078229e-01
5.600000e+10 8.547264e-01 -5.511925e-02 4.734159e-01 7.095044e-01
5.700000e+10 8.337751e-01 -1.355057e-01 4.632464e-01 6.798691e-01
5.800000e+10 8.028598e-01 -1.955572e-01 4.624158e-01 6.265085e-01
5.900000e+10 7.609587e-01 -2.294881e-01 4.632616e-01 5.583745e-01
6.000000e+10 7.094286e-01 -2.384712e-01 4.596163e-01 4.849467e-01
6.100000e+10 6.526067e-01 -2.285260e-01 4.492785e-01 4.145120e-01
6.200000e+10 5.959058e-01 -2.071559e-01 4.334781e-01 3.525434e-01
6.300000e+10 5.437684e-01 -1.806840e-01 4.149636e-01 3.014011e-01
6.400000e+10 4.988475e-01 -1.532340e-01 3.964285e-01 2.611755e-01
6.500000e+10 4.622298e-01 -1.269267e-01 3.798375e-01 2.308018e-01
6.600000e+10 4.340295e-01 -1.025026e-01 3.663859e-01 2.088928e-01
6.700000e+10 4.139267e-01 -7.989136e-02 3.567067e-01 1.941984e-01
6.800000e+10 4.015261e-01 -5.859011e-02 3.510939e-01 1.858048e-01
6.900000e+10 3.965633e-01 -3.786888e-02 3.496635e-01 1.832043e-01
7.000000e+10 3.990124e-01 -1.686388e-02 3.524362e-01 1.863202e-01
7.100000e+10 4.091343e-01 5.387140e-03 3.593456e-01 1.955317e-01
7.200000e+10 4.274777e-01 2.991854e-02 3.701621e-01 2.117123e-01
7.300000e+10 4.548065e-01 5.776119e-02 3.843071e-01 2.362639e-01
7.400000e+10 4.918788e-01 8.972552e-02 4.005119e-01 2.710798e-01
7.500000e+10 5.389401e-01 1.258995e-01 4.163029e-01 3.182730e-01
7.600000e+10 5.947763e-01 1.647061e-01 4.274333e-01 3.793830e-01
7.700000e+10 6.553950e-01 2.015958e-01 4.277831e-01 4.537657e-01
7.800000e+10 7.131747e-01 2.282236e-01 4.107926e-01 5.364528e-01
7.900000e+10 7.583283e-01 2.339840e-01 3.732059e-01 6.172768e-01
8.000000e+10 7.836715e-01 2.109349e-01 3.192841e-01 6.838897e-01
8.100000e+10 7.894752e-01 1.589520e-01 2.608414e-01 7.279884e-01
8.200000e+10 7.830703e-01 8.585678e-02 2.116148e-01 7.490307e-01
8.300000e+10 7.733909e-01 2.740271e-03 1.811121e-01 7.518806e-01
8.400000e+10 7.658585e-01 -8.025255e-02 1.726042e-01 7.418265e-01
8.500000e+10 7.607565e-01 -1.550244e-01 1.843082e-01 7.216289e-01
8.600000e+10 7.544359e-01 -2.150661e-01 2.110674e-01 6.916434e-01
8.700000e+10 7.419224e-01 -2.555550e-01 2.457385e-01 6.517308e-01
8.800000e+10 7.197727e-01 -2.744147e-01 2.808326e-01 6.032432e-01
8.900000e+10 6.878719e-01 -2.731460e-01 3.104639e-01 5.497009e-01
9.000000e+10 6.492602e-01 -2.562262e-01 3.316910e-01 4.958508e-01
9.100000e+10 6.084651e-01 -2.292896e-01 3.444899e-01 4.460748e-01
9.200000e+10 5.697367e-01 -1.973315e-01 3.506723e-01 4.033474e-01
9.300000e+10 5.361303e-01 -1.637998e-01 3.526475e-01 3.691139e-01
9.400000e+10 5.094406e-01 -1.305449e-01 3.526104e-01 3.437349e-01
9.500000e+10 4.905570e-01 -9.818527e-02 3.522080e-01 3.270403e-01
9.600000e+10 4.798823e-01 -6.652981e-02 3.524941e-01 3.187613e-01
9.700000e+10 4.776507e-01 -3.490690e-02 3.539784e-01 3.187961e-01
9.800000e+10 4.841095e-01 -2.393666e-03 3.566523e-01 3.273460e-01
9.900000e+10 4.995630e-01 3.199761e-02 3.599337e-01 3.449450e-01
1.000000e+11 5.242555e-01 6.908763e-02 3.625081e-01 3.723690e-01
1.010000e+11 5.580374e-01 1.091447e-01 3.620913e-01 4.103451e-01
1.020000e+11 5.997465e-01 1.512477e-01 3.552422e-01 4.589368e-01
1.030000e+11 6.463602e-01 1.924356e-01 3.375575e-01 5.165316e-01
1.040000e+11 6.923619e-01 2.270790e-01 3.047819e-01 5.787125e-01
1.050000e+11 7.303183e-01 2.474702e-01 2.551074e-01 6.379996e-01
1.060000e+11 7.535048e-01 2.464738e-01 1.916663e-01 6.857727e-01
1.070000e+11 7.595235e-01 2.211955e-01 1.228111e-01 7.161466e-01
1.080000e+11 7.518412e-01 1.746152e-01 5.896365e-02 7.289019e-01
1.090000e+11 7.376453e-01 1.136165e-01 8.386558e-03 7.287946e-01
1.100000e+11 7.241026e-01 4.553106e-02 -2.478911e-02 7.222444e-01
1.110000e+11 7.158557e-01 -2.393910e-02 -3.984077e-02 7.143452e-01
1.120000e+11 7.144029e-01 -9.080668e-02 -3.783998e-02 7.075972e-01
1.130000e+11 7.185164e-01 -1.519014e-01 -2.060220e-02 7.019739e-01
1.140000e+11 7.249966e-01 -2.040541e-01 9.505018e-03 6.956232e-01
1.150000e+11 7.296469e-01 -2.439472e-01 4.928742e-02 6.858900e-01
1.160000e+11 7.285408e-01 -2.687413e-01 9.457762e-02 6.705258e-01
1.170000e+11 7.193496e-01 -2.770909e-01 1.406622e-01 6.487671e-01
1.180000e+11 7.021349e-01 -2.698053e-01 1.832442e-01 6.217878e-01
1.190000e+11 6.791540e-01 -2.496119e-01 2.193963e-01 5.922916e-01
1.200000e+11 6.538728e-01 -2.201619e-01 2.479328e-01 5.635670e-01
1.210000e+11 6.298482e-01 -1.849208e-01 2.691003e-01 5.386076e-01
1.220000e+11 6.100124e-01 -1.464688e-01 2.839141e-01 5.196680e-01
1.230000e+11 5.964578e-01 -1.063175e-01 2.935130e-01 5.082407e-01
1.240000e+11 5.905319e-01 -6.507329e-02 2.987063e-01 5.052405e-01
1.250000e+11 5.930095e-01 -2.275605e-02 2.997042e-01 5.111945e-01
1.260000e+11 6.041798e-01 2.082406e-02 2.959665e-01 5.263112e-01
1.270000e+11 6.237619e-01 6.563668e-02 2.861373e-01 5.503601e-01
1.280000e+11 6.506190e-01 1.109218e-01 2.681192e-01 5.823345e-01
1.290000e+11 6.823389e-01 1.546388e-01 2.394439e-01 6.199514e-01
1.300000e+11 7.149376e-01 1.930989e-01 1.981306e-01 6.592366e-01
1.310000e+11 7.431685e-01 2.212413e-01 1.440137e-01 6.947026e-01
1.320000e+11 7.618624e-01 2.339632e-01 7.995915e-02 7.206262e-01
1.330000e+11 7.679855e-01 2.281835e-01 1.188941e-02 7.332071e-01
1.340000e+11 7.621025e-01 2.043262e-01 -5.293592e-02 7.322901e-01
1.350000e+11 7.480401e-01 1.660241e-01 -1.084201e-01 7.212802e-01
1.360000e+11 7.310499e-01 1.183491e-01 -1.511877e-01 7.053862e-01
1.370000e+11 7.158782e-01 6.599125e-02 -1.805003e-01 6.895988e-01
1.380000e+11 7.057243e-01 1.238043e-02 -1.971915e-01 6.775021e-01
1.390000e+11 7.020716e-01 -4.025587e-02 -2.025776e-01 6.710040e-01
1.400000e+11 7.049306e-01 -9.037592e-02 -1.978170e-01 6.705429e-01
1.410000e+11 7.131458e-01 -1.365602e-01 -1.837516e-01 6.753988e-01
1.420000e+11 7.246727e-01 -1.771266e-01 -1.610879e-01 6.839791e-01
1.430000e+11 7.369011e-01 -2.100378e-01 -1.307572e-01 6.941253e-01
1.440000e+11 7.471244e-01 -2.331416e-01 -9.427506e-02 7.035283e-01
1.450000e+11 7.531559e-01 -2.446732e-01 -5.390843e-02 7.102624e-01
1.460000e+11 7.539168e-01 -2.437970e-01 -1.251780e-02 7.133000e-01
1.470000e+11 7.497356e-01 -2.308956e-01 2.688902e-02 7.127886e-01
1.480000e+11 7.421993e-01 -2.074371e-01 6.167141e-02 7.099480e-01
1.490000e+11 7.336476e-01 -1.755104e-01 8.988039e-02 7.066516e-01
1.500000e+11 7.265616e-01 -1.372918e-01 1.102751e-01 7.048987e-01
1.510000e+11 7.230677e-01 -9.468764e-02 1.220997e-01 7.063659e-01
1.520000e+11 7.246285e-01 -4.925098e-02 1.247832e-01 7.121025e-01
1.530000e+11 7.318653e-01 -2.344393e-03 1.177171e-01 7.223324e-01
1.540000e+11 7.444287e-01 4.454242e-02 1.002198e-01 7.363057e-01
1.550000e+11 7.608947e-01 8.944233e-02 7.175182e-02 7.522050e-01
1.560000e+11 7.787699e-01 1.296928e-01 3.238555e-02 7.672116e-01
1.570000e+11 7.947811e-01 1.620550e-01 -1.660180e-02 7.779072e-01
1.580000e+11 8.055868e-01 1.833101e-01 -7.232889e-02 7.811121e-01
1.590000e+11 8.087951e-01 1.912048e-01 -1.305002e-01 7.749580e-01
1.600000e+11 8.038239e-01 1.852732e-01 -1.863172e-01 7.596661e-01
1.610000e+11 7.920819e-01 1.670045e-01 -2.357175e-01 7.375232e-01
1.620000e+11 7.763650e-01 1.392452e-01 -2.762605e-01 7.120629e-01
1.630000e+11 7.598812e-01 1.052486e-01 -3.072606e-01 6.869738e-01
1.640000e+11 7.454316e-01 6.790067e-02 -3.293108e-01 6.652910e-01
1.650000e+11 7.349988e-01 2.937376e-02 -3.436099e-01 6.490706e-01
1.660000e+11 7.296841e-01 -8.845845e-03 -3.514152e-01 6.394279e-01
1.670000e+11 7.298192e-01 -4.573540e-02 -3.537324e-01 6.367243e-01
1.680000e+11 7.351149e-01 -8.046853e-02 -3.512165e-01 6.407540e-01
1.690000e+11 7.447873e-01 -1.121904e-01 -3.442209e-01 6.508713e-01
1.700000e+11 7.576682e-01 -1.398789e-01 -3.329405e-01 6.660673e-01
1.710000e+11 7.723310e-01 -1.623168e-01 -3.176082e-01 6.850354e-01
1.720000e+11 7.872699e-01 -1.781850e-01 -2.987059e-01 7.062711e-01
1.730000e+11 8.011336e-01 -1.862613e-01 -2.771329e-01 7.282302e-01
1.740000e+11 8.129746e-01 -1.856701e-01 -2.542769e-01 7.495315e-01
1.750000e+11 8.224318e-01 -1.760981e-01 -2.319516e-01 7.691437e-01
1.760000e+11 8.297683e-01 -1.578965e-01 -2.122131e-01 7.864793e-01
1.770000e+11 8.357321e-01 -1.320455e-01 -1.971174e-01 8.013470e-01
1.780000e+11 8.412809e-01 -1.000228e-01 -1.884879e-01 8.137698e-01
1.790000e+11 8.472519e-01 -6.365540e-02 -1.877355e-01 8.237348e-01
1.800000e+11 8.540676e-01 -2.501649e-02 -1.957211e-01 8.309626e-01
1.810000e+11 8.615456e-01 1.362683e-02 -2.126340e-01 8.347826e-01
1.820000e+11 8.688627e-01 4.986484e-02 -2.378731e-01 8.341776e-01
1.830000e+11 8.747069e-01 8.127438e-02 -2.699729e-01 8.280225e-01
1.840000e+11 8.776145e-01 1.056747e-01 -3.066637e-01 8.154737e-01
1.850000e+11 8.764140e-01 1.214749e-01 -3.451452e-01 7.963794e-01
1.860000e+11 8.706258e-01 1.279830e-01 -3.825597e-01 7.715295e-01
1.870000e+11 8.606468e-01 1.255208e-01 -4.165205e-01 7.426089e-01
1.880000e+11 8.476500e-01 1.152734e-01 -4.454946e-01 7.118687e-01
1.890000e+11 8.332672e-01 9.894340e-02 -4.689060e-01 6.816682e-01
1.900000e+11 8.192135e-01 7.836371e-02 -4.869782e-01 6.540811e-01
1.910000e+11 8.069913e-01 5.520609e-02 -5.004378e-01 6.306737e-01
1.920000e+11 7.977303e-01 3.083816e-02 -5.102123e-01 6.124589e-01
1.930000e+11 7.921458e-01 6.310373e-03 -5.172044e-01 5.999624e-01
1.940000e+11 7.905696e-01 -1.757830e-02 -5.221617e-01 5.933283e-01
1.950000e+11 7.930066e-01 -4.018489e-02 -5.256293e-01 5.924174e-01
1.960000e+11 7.991948e-01 -6.093098e-02 -5.279591e-01 5.968743e-01
1.970000e+11 8.086586e-01 -7.923518e-02 -5.293547e-01 6.061635e-01
1.980000e+11 8.207598e-01 -9.448008e-02 -5.299392e-01 6.195842e-01
1.990000e+11 8.347519e-01 -1.060191e-01 -5.298320e-01 6.362773e-01
2.000000e+11 8.498457e-01 -1.132232e-01 -5.292253e-01 6.552395e-01
2.010000e+11 8.652804e-01 -1.155608e-01 -5.284457e-01 6.753525e-01
2.020000e+11 8.803924e-01 -1.126953e-01 -5.279827e-01 6.954314e-01
2.030000e+11 8.946634e-01 -1.045797e-01 -5.284733e-01 7.142840e-01
2.040000e+11 9.077310e-01 -9.152489e-02 -5.306343e-01 7.307708e-01
2.050000e+11 9.193579e-01 -7.422566e-02 -5.351533e-01 7.438550e-01
2.060000e+11 9.293680e-01 -5.373735e-02 -5.425556e-01 7.526424e-01
2.070000e+11 9.375760e-01 -3.140449e-02 -5.530787e-01 7.564169e-01
2.080000e+11 9.437413e-01 -8.748633e-03 -5.665855e-01 7.546866e-01
2.090000e+11 9.475706e-01 1.267545e-02 -5.825434e-01 7.472433e-01
2.100000e+11 9.487775e-01 3.144105e-02 -6.000845e-01 7.342266e-01
2.110000e+11 9.471799e-01 4.640563e-02 -6.181429e-01 7.161673e-01
2.120000e+11 9.427996e-01 5.683115e-02 -6.356379e-01 6.939783e-01
2.130000e+11 9.359238e-01 6.243978e-02 -6.516583e-01 6.688768e-01
2.140000e+11 9.271031e-01 6.339163e-02 -6.655958e-01 6.422491e-01
2.150000e+11 9.170875e-01 6.019494e-02 -6.771996e-01 6.154890e-01
2.160000e+11 9.067242e-01 5.357914e-02 -6.865502e-01 5.898533e-01
2.170000e+11 8.968498e-01 4.436684e-02 -6.939774e-01 5.663626e-01
2.180000e+11 8.882025e-01 3.337202e-02 -6.999554e-01 5.457587e-01
2.190000e+11 8.813671e-01 2.133655e-02 -7.050052e-01 5.285077e-01
2.200000e+11 8.767515e-01 8.903073e-03 -7.096204e-01 5.148328e-01
2.210000e+11 8.745869e-01 -3.385572e-03 -7.142204e-01 5.047572e-01
2.220000e+11 8.749420e-01 -1.507204e-02 -7.191289e-01 4.981464e-01
2.230000e+11 8.777443e-01 -2.576571e-02 -7.245708e-01 4.947408e-01
2.240000e+11 8.828031e-01 -3.512686e-02 -7.306806e-01 4.941794e-01
2.250000e+11 8.898322e-01 -4.285807e-02 -7.375184e-01 4.960152e-01
2.260000e+11 8.984731e-01 -4.870513e-02 -7.450877e-01 4.997260e-01
2.270000e+11 9.083171e-01 -5.246702e-02 -7.533525e-01 5.047249e-01
2.280000e+11 9.189279e-01 -5.401306e-02 -7.622524e-01 5.103747e-01
2.290000e+11 9.298628e-01 -5.330349e-02 -7.717117e-01 5.160083e-01
2.300000e+11 9.406920e-01 -5.040853e-02 -7.816427e-01 5.209560e-01
2.310000e+11 9.510151e-01 -4.552068e-02 -7.919429e-01 5.245798e-01
2.320000e+11 9.604739e-01 -3.895537e-02 -8.024888e-01 5.263119e-01
2.330000e+11 9.687626e-01 -3.113723e-02 -8.131286e-01 5.256933e-01
2.340000e+11 9.756365e-01 -2.257152e-02 -8.236789e-01 5.224082e-01
2.350000e+11 9.809200e-01 -1.380341e-02 -8.339297e-01 5.163087e-01
2.360000e+11 9.845147e-01 -5.370430e-03 -8.436582e-01 5.074261e-01
2.370000e+11 9.864074e-01 2.244724e-03 -8.526510e-01 4.959645e-01
2.380000e+11 9.866731e-01 8.653970e-03 -8.607302e-01 4.822784e-01
2.390000e+11 9.854732e-01 1.359025e-02 -8.677774e-01 4.668352e-01
2.400000e+11 9.830453e-01 1.691767e-02 -8.737509e-01 4.501681e-01
2.410000e+11 9.796850e-01 1.862584e-02 -8.786900e-01 4.328276e-01
2.420000e+11 9.757222e-01 1.881151e-02 -8.827093e-01 4.153363e-01
2.430000e+11 9.714950e-01 1.765291e-02 -8.859822e-01 3.981539e-01
2.440000e+11 9.673248e-01 1.538163e-02 -8.887185e-01 3.816544e-01
2.450000e+11 9.634956e-01 1.225660e-02 -8.911416e-01 3.661150e-01
2.460000e+11 9.602392e-01 8.542625e-03 -8.934667e-01 3.517153e-01
2.470000e+11 9.577276e-01 4.494456e-03 -8.958849e-01 3.385444e-01
2.480000e+11 9.560697e-01 3.460742e-04 -8.985511e-01 3.266113e-01
2.490000e+11 9.553142e-01 -3.695812e-03 -9.015790e-01 3.158589e-01
2.500000e+11 9.554553e-01 -7.455363e-03 -9.050387e-01 3.061768e-01
2.510000e+11 9.564408e-01 -1.078939e-02 -9.089594e-01 2.974145e-01
2.520000e+11 9.581814e-01 -1.358816e-02 -9.133337e-01 2.893933e-01
2.530000e+11 9.605609e-01 -1.577560e-02 -9.181235e-01 2.819178e-01
2.540000e+11 9.634458e-01 -1.730908e-02 -9.232665e-01 2.747856e-01
2.550000e+11 9.666948e-01 -1.817854e-02 -9.286835e-01 2.677973e-01
2.560000e+11 9.701671e-01 -1.840477e-02 -9.342842e-01 2.607653e-01
2.570000e+11 9.737295e-01 -1.803653e-02 -9.399739e-01 2.535211e-01
2.580000e+11 9.772620e-01 -1.714648e-02 -9.456581e-01 2.459226e-01
2.590000e+11 9.806623e-01 -1.582591e-02 -9.512474e-01 2.378582e-01
2.600000e+11 9.838480e-01 -1.417847e-02 -9.566610e-01 2.292500e-01
2.610000e+11 9.867578e-01 -1.231350e-02 -9.618291e-01 2.200548e-01
2.620000e+11 9.893515e-01 -1.033930e-02 -9.666951e-01 2.102620e-01
2.630000e+11 9.916083e-01 -8.356995e-03 -9.712161e-01 1.998910e-01
2.640000e+11 9.935244e-01 -6.455503e-03 -9.753632e-01 1.889858e-01
2.650000e+11 9.951101e-01 -4.707844e-03 -9.791205e-01 1.776091e-01
2.660000e+11 9.963866e-01 -3.169033e-03 -9.824840e-01 1.658359e-01
2.670000e+11 9.973820e-01 -1.875521e-03 -9.854589e-01 1.537472e-01
2.680000e+11 9.981283e-01 -8.460145e-04 -9.880580e-01 1.414242e-01
2.690000e+11 9.986583e-01 -8.342032e-05 -9.902990e-01 1.289436e-01
2.700000e+11 9.990034e-01 4.224288e-04 -9.922019e-01 1.163743e-01
2.710000e+11 9.991915e-01 6.915895e-04 -9.937878e-01 1.037746e-01
2.720000e+11 9.992465e-01 7.506849e-04 -9.950764e-01 9.119117e-02
2.730000e+11 9.991872e-01 6.297100e-04 -9.960860e-01 7.865949e-02
2.740000e+11 9.990282e-01 3.591785e-04 -9.968320e-01 6.620414e-02
2.750000e+11 9.987797e-01 -3.223109e-05 -9.973275e-01 5.384061e-02
2.760000e+11 9.984491e-01 -5.194262e-04 -9.975829e-01 4.157718e-02
2.770000e+11 9.980410e-01 -1.081994e-03 -9.976068e-01 2.941714e-02
2.780000e+11 9.975584e-01 -1.704628e-03 -9.974059e-01 1.736105e-02
2.790000e+11 9.970034e-01 -2.376916e-03 -9.969859e-01 5.408817e-03
2.800000e+11 9.963772e-01 -3.092562e-03 -9.963516e-01 -6.438450e-03
2.810000e+11 9.956809e-01 -3.848132e-03 -9.955075e-01 -1.817707e-02
2.820000e+11 9.949149e-01 -4.641465e-03 -9.944577e-01 -2.979985e-02
2.830000e+11 9.940794e-01 -5.469875e-03 -9.932062e-01 -4.129578e-02
2.840000e+11 9.931741e-01 -6.328332e-03 -9.917574e-01 -5.265029e-02
2.850000e+11 9.921987e-01 -7.207762e-03 -9.901162e-01 -6.384612e-02
2.860000e+11 9.911530e-01 -8.093652e-03 -9.882884e-01 -7.486478e-02
2.870000e+11 9.900375e-01 -8.965096e-03 -9.862816e-01 -8.568853e-02
2.880000e+11 9.888548e-01 -9.794420e-03 -9.841055e-01 -9.630268e-02
2.890000e+11 9.876103e-01 -1.054748e-02 -9.817731e-01 -1.066982e-01
2.900000e+11 9.863139e-01 -1.118467e-02 -9.793009e-01 -1.168744e-01
2.910000e+11 9.849809e-01 -1.166269e-02 -9.767101e-01 -1.268414e-01
2.920000e+11 9.836339e-01 -1.193687e-02 -9.740265e-01 -1.366219e-01
2.930000e+11 9.823032e-01 -1.196414e-02 -9.712808e-01 -1.462533e-01
2.940000e+11 9.810270e-01 -1.170628e-02 -9.685077e-01 -1.557875e-01
2.950000e+11 9.798516e-01 -1.113330e-02 -9.657453e-01 -1.652913e-01
2.960000e+11 9.788292e-01 -1.022685e-02 -9.630324e-01 -1.748446e-01
2.970000e+11 9.780164e-01 -8.983199e-03 -9.604068e-01 -1.845377e-01
2.980000e+11 9.774704e-01 -7.415901e-03 -9.579017e-01 -1.944681e-01
2.990000e+11 9.772447e-01 -5.557772e-03 -9.555415e-01 -2.047356e-01
3.000000e+11 9.773841e-01 -3.462203e-03 -9.533388e-01 -2.154364e-01
3.010000e+11 9.779190e-01 -1.203667e-03 -9.512891e-01 -2.266568e-01
3.020000e+11 9.788601e-01 1.122681e-03 -9.493681e-01 -2.384661e-01
3.030000e+11 9.801923e-01 3.402478e-03 -9.475286e-01 -2.509082e-01
3.040000e+11 9.818710e-01 5.504925e-03 -9.456994e-01 -2.639945e-01
3.050000e+11 9.838189e-01 7.287165e-03 -9.437859e-01 -2.776955e-01
3.060000e+11 9.859253e-01 8.600570e-03 -9.416735e-01 -2.919345e-01
3.070000e+11 9.880481e-01 9.299186e-03 -9.392336e-01 -3.065826e-01
3.080000e+11 9.900191e-01 9.250348e-03 -9.363317e-01 -3.214579e-01
3.090000e+11 9.916522e-01 8.347129e-03 -9.328389e-01 -3.363272e-01
3.100000e+11 9.927546e-01 6.521737e-03 -9.286430e-01 -3.509151e-01
3.110000e+11 9.931396e-01 3.758445e-03 -9.236598e-01 -3.649174e-01
3.120000e+11 9.926409e-01 1.041485e-04 -9.178432e-01 -3.780211e-01
3.130000e+11 9.911256e-01 -4.325501e-03 -9.111901e-01 -3.899279e-01
3.140000e+11 9.885053e-01 -9.346219e-03 -9.037426e-01 -4.003807e-01
3.150000e+11 9.847446e-01 -1.471251e-02 -8.955840e-01 -4.091879e-01
3.160000e+11 9.798656e-01 -2.013232e-02 -8.868323e-01 -4.162446e-01
3.170000e+11 9.739493e-01 -2.528754e-02 -8.776311e-01 -4.215465e-01
3.180000e+11 9.671342e-01 -2.985795e-02 -8.681393e-01 -4.251954e-01
3.190000e+11 9.596119e-01 -3.354542e-02 -8.585234e-01 -4.273959e-01
3.200000e+11 9.516212e-01 -3.609529e-02 -8.489498e-01 -4.284440e-01
3.210000e+11 9.434400e-01 -3.731255e-02 -8.395804e-01 -4.287093e-01
3.220000e+11 9.353750e-01 -3.707130e-02 -8.305675e-01 -4.286137e-01
3.230000e+11 9.277497e-01 -3.531761e-02 -8.220501e-01 -4.286093e-01
3.240000e+11 9.208913e-01 -3.206677e-02 -8.141480e-01 -4.291569e-01
3.250000e+11 9.151146e-01 -2.739718e-02 -8.069546e-01 -4.307068e-01
3.260000e+11 9.107063e-01 -2.144298e-02 -8.005280e-01 -4.336831e-01
3.270000e+11 9.079081e-01 -1.438806e-02 -7.948802e-01 -4.384695e-01
3.280000e+11 9.068994e-01 -6.462935e-03 -7.899662e-01 -4.453966e-01
3.290000e+11 9.077803e-01 2.054558e-03 -7.856740e-01 -4.547275e-01
3.300000e+11 9.105542e-01 1.083505e-02 -7.818173e-01 -4.666404e-01
3.310000e+11 9.151133e-01 1.949173e-02 -7.781336e-01 -4.812073e-01
3.320000e+11 9.212265e-01 2.757594e-02 -7.742920e-01 -4.983671e-01
3.330000e+11 9.285355e-01 3.457921e-02 -7.699127e-01 -5.178966e-01
3.340000e+11 9.365618e-01 3.994744e-02 -7.646021e-01 -5.393848e-01
3.350000e+11 9.447303e-01 4.311280e-02 -7.580027e-01 -5.622175e-01
3.360000e+11 9.524106e-01 4.354628e-02 -7.498548e-01 -5.855830e-01
3.370000e+11 9.589752e-01 4.082844e-02 -7.400564e-01 -6.085088e-01
3.380000e+11 9.638646e-01 3.472848e-02 -7.287085e-01 -6.299308e-01
3.390000e+11 9.666457e-01 2.527531e-02 -7.161260e-01 -6.487902e-01
3.400000e+11 9.670497e-01 1.280125e-02 -7.028056e-01 -6.641427e-01
3.410000e+11 9.649774e-01 -2.056663e-03 -6.893509e-01 -6.752574e-01
3.420000e+11 9.604760e-01 -1.840276e-02 -6.763717e-01 -6.816867e-01
3.430000e+11 9.536972e-01 -3.516919e-02 -6.643824e-01 -6.832989e-01
3.440000e+11 9.448562e-01 -5.122649e-02 -6.537259e-01 -6.802731e-01
3.450000e+11 9.342067e-01 -6.549852e-02 -6.445401e-01 -6.730677e-01
3.460000e+11 9.220374e-01 -7.706377e-02 -6.367703e-01 -6.623728e-01
3.470000e+11 9.086869e-01 -8.522936e-02 -6.302184e-01 -6.490552e-01
3.480000e+11 8.945631e-01 -8.956994e-02 -6.246108e-01 -6.340992e-01
3.490000e+11 8.801558e-01 -8.992929e-02 -6.196660e-01 -6.185474e-01
3.500000e+11 8.660309e-01 -8.638934e-02 -6.151442e-01 -6.034435e-01
3.510000e+11 8.528084e-01 -7.921650e-02 -6.108709e-01 -5.897827e-01
3.520000e+11 8.411244e-01 -6.879904e-02 -6.067334e-01 -5.784734e-01
3.530000e+11 8.315884e-01 -5.558929e-02 -6.026536e-01 -5.703137e-01
3.540000e+11 8.247402e-01 -4.006206e-02 -5.985475e-01 -5.659791e-01
3.550000e+11 8.210095e-01 -2.269608e-02 -5.942776e-01 -5.660174e-01
3.560000e+11 8.206782e-01 -3.981066e-03 -5.896073e-01 -5.708416e-01
3.570000e+11 8.238419e-01 1.555111e-02 -5.841643e-01 -5.807115e-01
3.580000e+11 8.303690e-01 3.527611e-02 -5.774205e-01 -5.956962e-01
3.590000e+11 8.398592e-01 5.441801e-02 -5.687019e-01 -6.156137e-01
3.600000e+11 8.516127e-01 7.199846e-02 -5.572426e-01 -6.399540e-01
3.610000e+11 8.646308e-01 8.682002e-02 -5.422975e-01 -6.678039e-01
3.620000e+11 8.776747e-01 9.751520e-02 -5.233189e-01 -6.978117e-01
3.630000e+11 8.894068e-01 1.026862e-01 -5.001722e-01 -7.282361e-01
3.640000e+11 8.986070e-01 1.011328e-01 -4.733341e-01 -7.571139e-01
3.650000e+11 9.044175e-01 9.212182e-02 -4.439849e-01 -7.825356e-01
3.660000e+11 9.065260e-01 7.560909e-02 -4.139264e-01 -8.029556e-01
3.670000e+11 9.052012e-01 5.232799e-02 -3.853151e-01 -8.174248e-01
3.680000e+11 9.011510e-01 2.370995e-02 -3.602890e-01 -8.256529e-01
3.690000e+11 8.952559e-01 -8.321862e-03 -3.406069e-01 -8.278894e-01
3.700000e+11 8.882819e-01 -4.160059e-02 -3.273997e-01 -8.246960e-01
3.710000e+11 8.806734e-01 -7.393317e-02 -3.210680e-01 -8.167220e-01
3.720000e+11 8.724824e-01 -1.032625e-01 -3.213033e-01 -8.045660e-01
3.730000e+11 8.634390e-01 -1.277909e-01 -3.271947e-01 -7.887586e-01
3.740000e+11 8.531284e-01 -1.460897e-01 -3.373915e-01 -7.698395e-01
3.750000e+11 8.412138e-01 -1.572017e-01 -3.503033e-01 -7.484757e-01
3.760000e+11 8.276371e-01 -1.607118e-01 -3.643183e-01 -7.255530e-01
3.770000e+11 8.127345e-01 -1.567517e-01 -3.780032e-01 -7.021964e-01
3.780000e+11 7.972381e-01 -1.459183e-01 -3.902452e-01 -6.797095e-01
3.790000e+11 7.821764e-01 -1.291194e-01 -4.003022e-01 -6.594591e-01
3.800000e+11 7.687187e-01 -1.073935e-01 -4.077587e-01 -6.427503e-01
3.810000e+11 7.580133e-01 -8.175440e-02 -4.124109e-01 -6.307278e-01
3.820000e+11 7.510536e-01 -5.309967e-02 -4.141158e-01 -6.243157e-01
3.830000e+11 7.485778e-01 -2.220020e-02 -4.126409e-01 -6.241821e-01
3.840000e+11 7.509855e-01 1.023177e-02 -4.075400e-01 -6.307026e-01
3.850000e+11 7.582515e-01 4.340765e-02 -3.980780e-01 -6.438906e-01
3.860000e+11 7.698212e-01 7.628204e-02 -3.832354e-01 -6.632770e-01
3.870000e+11 7.845077e-01 1.073680e-01 -3.618335e-01 -6.877507e-01
3.880000e+11 8.004495e-01 1.346234e-01 -3.328240e-01 -7.154189e-01
3.890000e+11 8.152374e-01 1.555212e-01 -2.957460e-01 -7.436124e-01
3.900000e+11 8.263079e-01 1.674042e-01 -2.512415e-01 -7.691803e-01
3.910000e+11 8.315917e-01 1.681113e-01 -2.013874e-01 -7.891302e-01
3.920000e+11 8.301936e-01 1.566533e-01 -1.495692e-01 -8.014426e-01
3.930000e+11 8.227477e-01 1.335838e-01 -9.982470e-02 -8.056700e-01
3.940000e+11 8.112139e-01 1.008342e-01 -5.593207e-02 -8.029770e-01
3.950000e+11 7.982185e-01 6.112407e-02 -2.069249e-02 -7.956057e-01
3.960000e+11 7.862863e-01 1.729801e-02 4.314998e-03 -7.860842e-01
3.970000e+11 7.772704e-01 -2.809962e-02 1.855756e-02 -7.765406e-01
3.980000e+11 7.720795e-01 -7.292243e-02 2.219972e-02 -7.683074e-01
3.990000e+11 7.706400e-01 -1.152878e-01 1.581249e-02 -7.618036e-01
4.000000e+11 7.720037e-01 -1.533720e-01 2.510975e-04 -7.566152e-01
4.010000e+11 7.745598e-01 -1.852830e-01 -2.330537e-02 -7.517114e-01
4.020000e+11 7.763634e-01 -2.091079e-01 -5.323889e-02 -7.457745e-01
4.030000e+11 7.755787e-01 -2.231581e-01 -8.742886e-02 -7.376171e-01
4.040000e+11 7.709696e-01 -2.263303e-01 -1.233521e-01 -7.266038e-01
4.050000e+11 7.622785e-01 -2.184083e-01 -1.583738e-01 -7.129405e-01
4.060000e+11 7.503363e-01 -2.001323e-01 -1.901298e-01 -6.977121e-01
4.070000e+11 7.368533e-01 -1.729780e-01 -2.168282e-01 -6.826543e-01
4.080000e+11 7.239984e-01 -1.387540e-01 -2.373311e-01 -6.697723e-01
4.090000e+11 7.139442e-01 -9.921008e-02 -2.510049e-01 -6.609616e-01
4.100000e+11 7.085077e-01 -5.581201e-02 -2.574259e-01 -6.577234e-01
4.110000e+11 7.089056e-01 -9.744707e-03 -2.560667e-01 -6.609705e-01
4.120000e+11 7.155619e-01 3.786829e-02 -2.460726e-01 -6.708526e-01
4.130000e+11 7.278959e-01 8.558328e-02 -2.262253e-01 -6.865348e-01
4.140000e+11 7.440841e-01 1.311920e-01 -1.952018e-01 -7.059363e-01
4.150000e+11 7.609404e-01 1.714139e-01 -1.522145e-01 -7.255882e-01
4.160000e+11 7.742155e-01 2.020518e-01 -9.795812e-02 -7.409379e-01
4.170000e+11 7.796057e-01 2.188972e-01 -3.543291e-02 -7.474046e-01
4.180000e+11 7.743180e-01 2.192290e-01 3.008665e-02 -7.420255e-01
4.190000e+11 7.583570e-01 2.030590e-01 9.234639e-02 -7.248066e-01
4.200000e+11 7.345831e-01 1.731690e-01 1.460757e-01 -6.987751e-01
4.210000e+11 7.074826e-01 1.338769e-01 1.883657e-01 -6.686756e-01
4.220000e+11 6.815681e-01 8.945047e-02 2.187567e-01 -6.392802e-01
4.230000e+11 6.603198e-01 4.308976e-02 2.383808e-01 -6.142802e-01
4.240000e+11 6.458869e-01 -3.293976e-03 2.489201e-01 -5.959848e-01
4.250000e+11 6.392501e-01 -4.877860e-02 2.518593e-01 -5.855153e-01
4.260000e+11 6.404886e-01 -9.294582e-02 2.481191e-01 -5.831154e-01
4.270000e+11 6.489519e-01 -1.353964e-01 2.379761e-01 -5.883653e-01
4.280000e+11 6.632917e-01 -1.753317e-01 2.211814e-01 -6.002445e-01
4.290000e+11 6.814201e-01 -2.112416e-01 1.972420e-01 -6.170947e-01
4.300000e+11 7.005381e-01 -2.407868e-01 1.658636e-01 -6.366039e-01
4.310000e+11 7.174217e-01 -2.610091e-01 1.274948e-01 -6.559826e-01
4.320000e+11 7.290820e-01 -2.689542e-01 8.378846e-02 -6.724609e-01
4.330000e+11 7.336734e-01 -2.625624e-01 3.769887e-02 -6.840442e-01
4.340000e+11 7.312275e-01 -2.413990e-01 -6.958380e-03 -6.901969e-01
4.350000e+11 7.237500e-01 -2.067707e-01 -4.631019e-02 -6.920371e-01
4.360000e+11 7.145872e-01 -1.611599e-01 -7.713507e-02 -6.918905e-01
4.370000e+11 7.074131e-01 -1.073824e-01 -9.710128e-02 -6.924404e-01
4.380000e+11 7.052849e-01 -4.800251e-02 -1.045273e-01 -6.958424e-01
4.390000e+11 7.099428e-01 1.469136e-02 -9.797225e-02 -7.029967e-01
4.400000e+11 7.212630e-01 7.815855e-02 -7.606005e-02 -7.129701e-01
4.410000e+11 7.367763e-01 1.387745e-01 -3.789531e-02 -7.225959e-01
4.420000e+11 7.515019e-01 1.912340e-01 1.578037e-02 -7.265918e-01
4.430000e+11 7.587902e-01 2.290286e-01 8.111997e-02 -7.188380e-01
4.440000e+11 7.526947e-01 2.465585e-01 1.506948e-01 -6.950174e-01
4.450000e+11 7.309768e-01 2.419724e-01 2.153377e-01 -6.552908e-01
4.460000e+11 6.964179e-01 2.183814e-01 2.676793e-01 -6.046944e-01
4.470000e+11 6.552025e-01 1.821878e-01 3.046970e-01 -5.506884e-01
4.480000e+11 6.139201e-01 1.400577e-01 3.275474e-01 -4.999944e-01
4.490000e+11 5.774949e-01 9.683609e-02 3.396225e-01 -4.569241e-01
4.500000e+11 5.487379e-01 5.509442e-02 3.446463e-01 -4.234345e-01
4.510000e+11 5.288527e-01 1.564353e-02 3.456476e-01 -3.999602e-01
4.520000e+11 5.181234e-01 -2.175146e-02 3.446718e-01 -3.862383e-01
4.530000e+11 5.164185e-01 -5.780226e-02 3.428438e-01 -3.818444e-01
4.540000e+11 5.234462e-01 -9.330972e-02 3.405079e-01 -3.864500e-01
4.550000e+11 5.387947e-01 -1.288764e-01 3.373293e-01 -3.998745e-01
4.560000e+11 5.617992e-01 -1.646266e-01 3.323413e-01 -4.219783e-01
4.570000e+11 5.912666e-01 -1.998747e-01 3.239942e-01 -4.524092e-01
4.580000e+11 6.251291e-01 -2.327588e-01 3.103184e-01 -4.902165e-01
4.590000e+11 6.602053e-01 -2.599921e-01 2.893600e-01 -5.334284e-01
4.600000e+11 6.923948e-01 -2.770469e-01 2.599907e-01 -5.788440e-01
4.610000e+11 7.176179e-01 -2.790842e-01 2.229292e-01 -6.224067e-01
4.620000e+11 7.333773e-01 -2.625212e-01 1.814166e-01 -6.603128e-01
4.630000e+11 7.400913e-01 -2.264293e-01 1.409162e-01 -6.903677e-01
4.640000e+11 7.411475e-01 -1.727949e-01 1.078418e-01 -7.126090e-01
4.650000e+11 7.414542e-01 -1.055827e-01 8.811521e-02 -7.285892e-01
4.660000e+11 7.452701e-01 -2.961885e-02 8.629701e-02 -7.396641e-01
4.670000e+11 7.541889e-01 4.964101e-02 1.051477e-01 -7.451715e-01
4.680000e+11 7.657349e-01 1.253535e-01 1.448209e-01 -7.413928e-01
4.690000e+11 7.731742e-01 1.886875e-01 2.012998e-01 -7.222699e-01
4.700000e+11 7.677271e-01 2.302817e-01 2.653101e-01 -6.826315e-01
4.710000e+11 7.433502e-01 2.443499e-01 3.242689e-01 -6.226655e-01
4.720000e+11 7.008877e-01 2.323598e-01 3.676791e-01 -5.496040e-01
4.730000e+11 6.474844e-01 2.021633e-01 3.917281e-01 -4.742522e-01
4.740000e+11 5.920675e-01 1.633251e-01 3.991086e-01 -4.056861e-01
4.750000e+11 5.414341e-01 1.231355e-01 3.954992e-01 -3.486674e-01
4.760000e+11 4.991827e-01 8.550827e-02 3.864054e-01 -3.042411e-01
4.770000e+11 4.664967e-01 5.174964e-02 3.758405e-01 -2.714500e-01
4.780000e+11 4.432802e-01 2.168691e-02 3.662945e-01 -2.487074e-01
4.790000e+11 4.289796e-01 -5.514768e-03 3.591486e-01 -2.345323e-01
4.800000e+11 4.230321e-01 -3.090537e-02 3.550897e-01 -2.278427e-01
4.810000e+11 4.250615e-01 -5.554340e-02 3.543910e-01 -2.280332e-01
4.820000e+11 4.349318e-01 -8.040271e-02 3.570578e-01 -2.349698e-01
4.830000e+11 4.527118e-01 -1.063031e-01 3.628602e-01 -2.489581e-01
4.840000e+11 4.785576e-01 -1.337975e-01 3.712732e-01 -2.706876e-01
4.850000e+11 5.124873e-01 -1.629533e-01 3.813392e-01 -3.011144e-01
4.860000e+11 5.540094e-01 -1.929760e-01 3.914910e-01 -3.412059e-01
4.870000e+11 6.016087e-01 -2.216770e-01 3.994479e-01 -3.914507e-01
4.880000e+11 6.522570e-01 -2.449566e-01 4.024271e-01 -4.510963e-01
4.890000e+11 7.013942e-01 -2.567741e-01 3.979965e-01 -5.173197e-01
4.900000e+11 7.439696e-01 -2.502536e-01 3.856592e-01 -5.849195e-01
4.910000e+11 7.765580e-01 -2.200734e-01 3.684845e-01 -6.471701e-01
4.920000e+11 7.991959e-01 -1.650469e-01 3.533660e-01 -6.975716e-01
4.930000e+11 8.149284e-01 -8.927957e-02 3.490049e-01 -7.309808e-01
4.940000e+11 8.265956e-01 -1.696720e-03 3.622454e-01 -7.429910e-01
4.950000e+11 8.328912e-01 8.492730e-02 3.941550e-01 -7.287914e-01
4.960000e+11 8.270751e-01 1.556331e-01 4.374423e-01 -6.844529e-01
4.970000e+11 8.009521e-01 1.977043e-01 4.779495e-01 -6.115566e-01
4.980000e+11 7.521286e-01 2.070237e-01 5.018892e-01 -5.205246e-01
4.990000e+11 6.871817e-01 1.901054e-01 5.038096e-01 -4.269128e-01
5.000000e+11 6.172411e-01 1.588074e-01 4.876111e-01 -3.435146e-01
5.010000e+11 5.516844e-01 1.234929e-01 4.613247e-01 -2.761968e-01
5.020000e+11 4.955612e-01 9.017300e-02 4.321519e-01 -2.251544e-01
5.030000e+11 4.503745e-01 6.115692e-02 4.047002e-01 -1.879224e-01
5.040000e+11 4.157267e-01 3.664788e-02 3.813105e-01 -1.615176e-01
5.050000e+11 3.905386e-01 1.594736e-02 3.629158e-01 -1.433812e-01
5.060000e+11 3.736924e-01 -1.904195e-03 3.497415e-01 -1.316179e-01
5.070000e+11 3.643016e-01 -1.785821e-02 3.417350e-01 -1.249557e-01
5.080000e+11 3.617982e-01 -3.277506e-02 3.387964e-01 -1.226407e-01
5.090000e+11 3.659458e-01 -4.741804e-02 3.408896e-01 -1.243468e-01
5.100000e+11 3.768275e-01 -6.246834e-02 3.480868e-01 -1.301239e-01
5.110000e+11 3.948236e-01 -7.852984e-02 3.605708e-01 -1.403831e-01
5.120000e+11 4.205702e-01 -9.609791e-02 3.785975e-01 -1.559115e-01
5.130000e+11 4.548692e-01 -1.154567e-01 4.024048e-01 -1.778934e-01
5.140000e+11 4.984961e-01 -1.364523e-01 4.320431e-01 -2.078892e-01
5.150000e+11 5.518285e-01 -1.580756e-01 4.671058e-01 -2.476670e-01
5.160000e+11 6.142348e-01 -1.778310e-01 5.063969e-01 -2.987017e-01
5.170000e+11 6.833060e-01 -1.910589e-01 5.477258e-01 -3.611095e-01
5.180000e+11 7.543372e-01 -1.908243e-01 5.882352e-01 -4.319608e-01
5.190000e+11 8.207516e-01 -1.694617e-01 6.255868e-01 -5.035445e-01
5.200000e+11 8.756115e-01 -1.224858e-01 6.593349e-01 -5.630011e-01
5.210000e+11 9.127725e-01 -5.355135e-02 6.903194e-01 -5.947647e-01
5.220000e+11 9.261586e-01 2.327172e-02 7.167801e-01 -5.860498e-01
5.230000e+11 9.094435e-01 8.775364e-02 7.309022e-01 -5.340120e-01
5.240000e+11 8.602579e-01 1.241066e-01 7.224680e-01 -4.502014e-01
5.250000e+11 7.855085e-01 1.299842e-01 6.881043e-01 -3.558654e-01
5.260000e+11 6.993348e-01 1.147807e-01 6.348089e-01 -2.700227e-01
5.270000e+11 6.152922e-01 9.052640e-02 5.741511e-01 -2.018415e-01
5.280000e+11 5.414287e-01 6.552878e-02 5.155365e-01 -1.518985e-01
5.290000e+11 4.805146e-01 4.358498e-02 4.640484e-01 -1.168488e-01
5.300000e+11 4.322707e-01 2.563131e-02 4.214273e-01 -9.273655e-02
5.310000e+11 3.952222e-01 1.131547e-02 3.876201e-01 -7.630980e-02
5.320000e+11 3.677022e-01 -1.146170e-04 3.618683e-01 -6.523962e-02
5.330000e+11 3.482698e-01 -9.427649e-03 3.432828e-01 -5.796445e-02
5.340000e+11 3.358373e-01 -1.728400e-02 3.311011e-01 -5.347916e-02
5.350000e+11 3.296806e-01 -2.421838e-02 3.247842e-01 -5.116597e-02
5.360000e+11 3.294168e-01 -3.065844e-02 3.240479e-01 -5.068021e-02
5.370000e+11 3.349825e-01 -3.694934e-02 3.288713e-01 -5.188130e-02
5.380000e+11 3.466243e-01 -4.337203e-02 3.395063e-01 -5.479709e-02
5.390000e+11 3.649032e-01 -5.014852e-02 3.564911e-01 -5.961206e-02
5.400000e+11 3.907063e-01 -5.742629e-02 3.806686e-01 -6.667102e-02
5.410000e+11 4.252459e-01 -6.522847e-02 4.131937e-01 -7.648693e-02
5.420000e+11 4.700082e-01 -7.334782e-02 4.554960e-01 -8.972827e-02
5.430000e+11 5.265679e-01 -8.115539e-02 5.091273e-01 -1.071307e-01
5.440000e+11 5.961209e-01 -8.731021e-02 5.753607e-01 -1.292176e-01
5.450000e+11 6.785117e-01 -8.944911e-02 6.543353e-01 -1.556353e-01
5.460000e+11 7.705511e-01 -8.420663e-02 7.435248e-01 -1.839269e-01
5.470000e+11 8.637939e-01 -6.835301e-02 8.355747e-01 -2.080452e-01
5.480000e+11 9.430691e-01 -4.176387e-02 9.165071e-01 -2.182882e-01
5.490000e+11 9.887449e-01 -1.071805e-02 9.670838e-01 -2.055492e-01
5.500000e+11 9.853479e-01 1.353809e-02 9.705897e-01 -1.693598e-01
5.510000e+11 9.323560e-01 2.292779e-02 9.241851e-01 -1.210121e-01
5.520000e+11 8.456337e-01 1.857058e-02 8.420579e-01 -7.543157e-02
5.530000e+11 7.467500e-01 7.382542e-03 7.455757e-01 -4.120690e-02
5.540000e+11 6.520633e-01 -4.444084e-03 6.517674e-01 -1.913140e-02
5.550000e+11 5.697249e-01 -1.393789e-02 5.695201e-01 -6.256101e-03
5.560000e+11 5.019432e-01 -2.051886e-02 5.015231e-01 7.352903e-04
5.570000e+11 4.479525e-01 -2.463999e-02 4.472536e-01 4.299831e-03
5.580000e+11 4.059490e-01 -2.697858e-02 4.050073e-01 5.983168e-03
5.590000e+11 3.740342e-01 -2.812063e-02 3.729157e-01 6.686751e-03
