# #nu(Hz) #T #rho #c #s
0.000000e+00 1.208333e+00 2.083326e-01 1.190237e+00 0.000000e+00
1.000000e+09 6.247956e-30 6.075601e-30 1.457403e-30 -3.389386e-45
2.000000e+09 1.585560e-30 1.542017e-30 3.690320e-31 -4.553229e-46
3.000000e+09 7.225807e-31 7.028858e-31 1.675541e-31 6.540415e-47
4.000000e+09 4.210614e-31 4.097065e-31 9.712499e-32 -6.912932e-47
5.000000e+09 2.821056e-31 2.746031e-31 6.462738e-32 -4.555980e-47
6.000000e+09 2.073090e-31 2.018905e-31 4.708783e-32 -1.983262e-47
7.000000e+09 1.629848e-31 1.588132e-31 3.663890e-32 -1.345708e-47
8.000000e+09 1.350995e-31 1.317267e-31 2.999943e-32 -1.124850e-47
9.000000e+09 1.169970e-31 1.141600e-31 2.560826e-32 -6.306368e-48
1.000000e+10 1.052326e-31 1.027659e-31 2.265103e-32 -3.733841e-48
1.100000e+10 9.793250e-32 9.572506e-32 2.067575e-32 2.780386e-48
1.200000e+10 9.407801e-32 9.205106e-32 1.942355e-32 -1.119773e-48
1.300000e+10 9.317711e-32 9.127141e-32 1.874844e-32 8.788489e-49
1.400000e+10 9.512362e-32 9.329171e-32 1.857844e-32 1.308549e-48
1.500000e+10 1.001692e-31 9.837030e-32 1.889839e-32 1.562678e-48
1.600000e+10 1.089947e-31 1.071909e-31 1.974714e-32 1.831537e-48
1.700000e+10 1.229177e-31 1.210707e-31 2.122815e-32 4.186558e-48
1.800000e+10 1.443533e-31 1.424211e-31 2.353890e-32 3.858003e-48
1.900000e+10 1.778391e-31 1.757721e-31 2.703518e-32 1.040604e-47
2.000000e+10 2.324965e-31 2.302317e-31 3.237246e-32 1.507477e-47
2.100000e+10 3.287196e-31 3.261722e-31 4.084444e-32 -1.223592e-47
2.200000e+10 5.199493e-31 5.169984e-31 5.531670e-32 4.158925e-47
2.300000e+10 9.859682e-31 9.824313e-31 8.343882e-32 1.075550e-46
2.400000e+10 2.682615e-30 2.678199e-30 1.538632e-31 3.230823e-46
2.500000e+10 2.424599e-29 2.424018e-29 5.304265e-31 3.786563e-45
2.600000e+10 2.288605e-29 2.287790e-29 -6.109112e-31 7.411819e-45
2.700000e+10 2.611922e-30 2.599318e-30 -2.562795e-31 2.513708e-46
2.800000e+10 9.684737e-31 9.458780e-31 -2.079807e-31 3.599692e-46
2.900000e+10 5.290076e-31 4.757280e-31 -2.313698e-31 1.583081e-46
3.000000e+10 4.443278e-31 1.869699e-31 -4.030750e-31 5.376301e-46
3.100000e+10 3.255403e-30 -2.811932e-30 1.640331e-30 3.116155e-45
3.200000e+10 2.333590e-31 1.034349e-31 2.091832e-31 2.050633e-47
3.300000e+10 1.548381e-31 1.165270e-31 1.019622e-31 -6.304932e-47
3.400000e+10 1.238303e-31 1.054981e-31 6.483894e-32 -1.293150e-47
3.500000e+10 1.063420e-31 9.544758e-32 4.688701e-32 -2.904893e-48
3.600000e+10 9.566910e-32 8.832775e-32 3.675303e-32 -6.092874e-48
3.700000e+10 8.935412e-32 8.397549e-32 3.053317e-32 -1.590366e-48
3.800000e+10 8.628837e-32 8.210065e-32 2.655494e-32 2.403267e-48
3.900000e+10 8.599864e-32 8.258094e-32 2.400323e-32 3.428610e-48
4.000000e+10 8.842317e-32 8.552507e-32 2.245259e-32 4.719744e-48
4.100000e+10 9.386982e-32 9.133158e-32 2.168149e-32 4.617285e-48
4.200000e+10 1.030981e-31 1.008114e-31 2.159367e-32 4.794859e-48
4.300000e+10 1.175598e-31 1.154468e-31 2.218905e-32 3.916190e-48
4.400000e+10 1.399416e-31 1.379429e-31 2.356716e-32 3.641446e-48
4.500000e+10 1.754052e-31 1.734725e-31 2.596675e-32 3.305951e-48
4.600000e+10 2.346890e-31 2.327801e-31 2.987297e-32 2.251661e-47
4.700000e+10 3.430433e-31 3.411178e-31 3.629507e-32 2.250869e-47
4.800000e+10 5.719066e-31 5.699232e-31 4.758914e-32 3.420971e-47
4.900000e+10 1.195167e-30 1.193080e-30 7.061258e-32 1.434886e-46
5.000000e+10 4.155595e-30 4.153347e-30 1.366724e-31 -2.807627e-47
5.100000e+10 3.170005e-28 3.169980e-28 1.254040e-30 -7.554088e-45
5.200000e+10 6.858861e-30 6.856050e-30 -1.963579e-31 5.966969e-46
5.300000e+10 1.499618e-30 1.496334e-30 -9.919503e-32 1.620058e-46
5.400000e+10 6.493000e-31 6.453250e-31 -7.173674e-32 9.111755e-47
5.500000e+10 3.684220e-31 3.634011e-31 -6.061702e-32 9.558409e-47
5.600000e+10 2.432638e-31 2.365706e-31 -5.667137e-32 2.128736e-47
5.700000e+10 1.780585e-31 1.684707e-31 -5.764070e-32 3.406842e-47
5.800000e+10 1.417834e-31 1.265528e-31 -6.392902e-32 -1.553992e-47
5.900000e+10 1.239574e-31 9.538772e-32 -7.916200e-32 4.724238e-47
6.000000e+10 1.307233e-31 5.671857e-32 -1.177777e-31 5.320111e-47
6.100000e+10 3.362292e-31 -1.698244e-31 -2.901891e-31 5.812248e-46
6.200000e+10 7.363055e-31 -5.834631e-31 4.491288e-31 5.104162e-46
6.300000e+10 1.235136e-31 2.135492e-32 1.216535e-31 8.415078e-47
6.400000e+10 8.824406e-32 5.324479e-32 7.037049e-32 -6.260042e-48
6.500000e+10 8.005588e-32 6.226436e-32 5.031992e-32 4.426779e-48
6.600000e+10 7.921510e-32 6.827749e-32 4.016485e-32 1.951762e-48
6.700000e+10 8.261325e-32 7.507537e-32 3.447662e-32 -3.993015e-48
6.800000e+10 8.997855e-32 8.436379e-32 3.128722e-32 3.552331e-48
6.900000e+10 1.022650e-31 9.783575e-32 2.977080e-32 5.230870e-48
7.000000e+10 1.217424e-31 1.180877e-31 2.960592e-32 -1.872084e-48
7.100000e+10 1.530233e-31 1.498944e-31 3.078612e-32 9.851144e-48
7.200000e+10 2.059314e-31 2.031674e-31 3.362709e-32 1.695619e-47
7.300000e+10 3.040393e-31 3.015292e-31 3.898802e-32 2.234319e-47
7.400000e+10 5.159157e-31 5.135786e-31 4.905136e-32 3.570911e-47
7.500000e+10 1.117464e-30 1.115237e-30 7.051186e-32 8.629659e-47
7.600000e+10 4.312507e-30 4.310338e-30 1.367538e-31 1.626532e-46
7.700000e+10 2.884247e-26 2.884247e-26 1.115646e-29 2.927899e-42
7.800000e+10 4.454615e-30 4.452423e-30 -1.397372e-31 4.233383e-46
7.900000e+10 1.107545e-30 1.105270e-30 -7.095596e-32 1.417405e-46
8.000000e+10 4.987593e-31 4.963454e-31 -4.901119e-32 1.796583e-47
8.100000e+10 2.878966e-31 2.852755e-31 -3.876045e-32 5.446468e-47
8.200000e+10 1.913323e-31 1.884138e-31 -3.329100e-32 1.649168e-47
8.300000e+10 1.396455e-31 1.363042e-31 -3.036465e-32 1.315702e-47
8.400000e+10 1.092122e-31 1.052638e-31 -2.910044e-32 1.404089e-47
8.500000e+10 9.026313e-32 8.541986e-32 -2.916983e-32 1.972554e-47
8.600000e+10 7.824262e-32 7.202444e-32 -3.056776e-32 1.751615e-47
8.700000e+10 7.093348e-32 6.246982e-32 -3.360178e-32 1.261420e-47
8.800000e+10 6.745634e-32 5.498346e-32 -3.907911e-32 1.753473e-47
8.900000e+10 6.828134e-32 4.760720e-32 -4.894789e-32 1.808382e-47
9.000000e+10 7.735387e-32 3.559998e-32 -6.867505e-32 3.207840e-47
9.100000e+10 1.207425e-31 -7.429647e-33 -1.205137e-31 2.157922e-46
9.200000e+10 1.154955e-30 -1.037920e-30 -5.065999e-31 9.183560e-46
9.300000e+10 3.043065e-31 -1.797005e-31 2.455812e-31 1.033673e-46
9.400000e+10 1.088281e-31 2.823589e-32 1.051013e-31 -2.053508e-47
9.500000e+10 9.434745e-32 6.197818e-32 7.113471e-32 2.571582e-47
9.600000e+10 1.017771e-31 8.410855e-32 5.730916e-32 1.512060e-47
9.700000e+10 1.218597e-31 1.105350e-31 5.130101e-32 1.378886e-47
9.800000e+10 1.587947e-31 1.507660e-31 4.985352e-32 8.338716e-48
9.900000e+10 2.276750e-31 2.215669e-31 5.238321e-32 4.745260e-47
1.000000e+11 3.724784e-31 3.675780e-31 6.022126e-32 3.084298e-47
1.010000e+11 7.581004e-31 7.539991e-31 7.874982e-32 7.405587e-48
1.020000e+11 2.480101e-30 2.476546e-30 1.327445e-31 2.363423e-46
1.030000e+11 8.811886e-29 8.811568e-29 7.481529e-31 9.166455e-45
1.040000e+11 5.446064e-30 5.443149e-30 -1.781498e-31 1.300350e-45
1.050000e+11 1.080813e-30 1.078072e-30 -7.692181e-32 1.103350e-46
1.060000e+11 4.531657e-31 4.505289e-31 -4.881457e-32 6.247398e-47
1.070000e+11 2.521714e-31 2.495787e-31 -3.606815e-32 3.154588e-47
1.080000e+11 1.636744e-31 1.610701e-31 -2.908176e-32 2.001005e-47
1.090000e+11 1.173398e-31 1.146675e-31 -2.489941e-32 1.449391e-47
1.100000e+11 9.035086e-32 8.754884e-32 -2.232662e-32 2.746269e-48
1.110000e+11 7.352765e-32 7.052244e-32 -2.080628e-32 5.887794e-48
1.120000e+11 6.261917e-32 5.931750e-32 -2.006476e-32 8.864386e-48
1.130000e+11 5.546178e-32 5.173784e-32 -1.998010e-32 6.639182e-48
1.140000e+11 5.089139e-32 4.656566e-32 -2.053224e-32 6.798037e-48
1.150000e+11 4.828134e-32 4.308280e-32 -2.179357e-32 4.776090e-48
1.160000e+11 4.734105e-32 4.083460e-32 -2.395225e-32 1.209639e-47
1.170000e+11 4.805169e-32 3.948572e-32 -2.738327e-32 6.899481e-48
1.180000e+11 5.072443e-32 3.867330e-32 -3.282291e-32 8.094455e-48
1.190000e+11 5.630474e-32 3.769326e-32 -4.182633e-32 6.031808e-48
1.200000e+11 6.757973e-32 3.435975e-32 -5.819302e-32 3.271771e-47
1.210000e+11 9.578386e-32 1.857500e-32 -9.396551e-32 9.231561e-48
1.220000e+11 2.422360e-31 -1.089282e-31 -2.163629e-31 2.345748e-46
1.230000e+11 9.789168e-30 -9.626589e-30 1.776681e-30 1.183588e-44
1.240000e+11 2.156540e-31 -6.009505e-33 2.155702e-31 2.777581e-46
1.250000e+11 1.768903e-31 1.138708e-31 1.353649e-31 6.221935e-47
1.260000e+11 2.383772e-31 2.085044e-31 1.155404e-31 3.250780e-47
1.270000e+11 4.125212e-31 3.948004e-31 1.196091e-31 1.035103e-46
1.280000e+11 9.955549e-31 9.835960e-31 1.538455e-31 1.491638e-47
1.290000e+11 5.750905e-30 5.742115e-30 3.178450e-31 1.547819e-45
1.300000e+11 3.009932e-29 3.009245e-29 -6.432339e-31 5.492774e-45
1.310000e+11 1.626503e-30 1.620864e-30 -1.353217e-31 2.028341e-46
1.320000e+11 5.260196e-31 5.212102e-31 -7.096919e-32 8.458755e-47
1.330000e+11 2.609934e-31 2.567543e-31 -4.684807e-32 4.373794e-47
1.340000e+11 1.585304e-31 1.546853e-31 -3.470345e-32 1.954489e-47
1.350000e+11 1.086931e-31 1.051142e-31 -2.766222e-32 9.750993e-48
1.360000e+11 8.094916e-32 7.753762e-32 -2.325260e-32 1.333887e-47
1.370000e+11 6.411760e-32 6.079153e-32 -2.038275e-32 7.121037e-48
1.380000e+11 5.333142e-32 5.001727e-32 -1.850709e-32 3.174259e-48
1.390000e+11 4.620865e-32 4.283456e-32 -1.733322e-32 8.424529e-48
1.400000e+11 4.148634e-32 3.797575e-32 -1.670207e-32 3.701627e-48
1.410000e+11 3.846223e-32 3.472680e-32 -1.653459e-32 2.691554e-48
1.420000e+11 3.674428e-32 3.267446e-32 -1.680839e-32 2.064932e-48
1.430000e+11 3.613273e-32 3.158378e-32 -1.755105e-32 1.901136e-48
1.440000e+11 3.656768e-32 3.133705e-32 -1.884635e-32 6.647540e-48
1.450000e+11 3.811655e-32 3.190452e-32 -2.085601e-32 1.953164e-48
1.460000e+11 4.099726e-32 3.333329e-32 -2.386771e-32 4.282047e-48
1.470000e+11 4.565221e-32 3.574536e-32 -2.839706e-32 2.387674e-49
1.480000e+11 5.292519e-32 3.932810e-32 -3.541717e-32 1.469031e-48
1.490000e+11 6.450313e-32 4.424801e-32 -4.693366e-32 1.340952e-47
1.500000e+11 8.421954e-32 5.012849e-32 -6.767618e-32 1.740964e-47
1.510000e+11 1.233038e-31 5.267176e-32 -1.114877e-31 7.031948e-48
1.520000e+11 2.396075e-31 9.519913e-33 -2.394183e-31 -2.144840e-47
1.530000e+11 3.313090e-30 -2.918639e-30 -1.567838e-30 5.865553e-46
1.540000e+11 6.838457e-31 6.526186e-32 6.807245e-31 1.159351e-45
1.550000e+11 1.082835e-30 9.650140e-31 4.912012e-31 6.512886e-46
1.560000e+11 9.596008e-30 9.546789e-30 9.706644e-31 5.333983e-45
1.570000e+11 8.079227e-30 8.051789e-30 -6.652867e-31 3.170163e-45
1.580000e+11 9.540784e-31 9.362336e-31 -1.836635e-31 4.026817e-46
1.590000e+11 3.536573e-31 3.408581e-31 -9.428273e-32 9.754492e-47
1.600000e+11 1.863065e-31 1.764702e-31 -5.973614e-32 5.020363e-47
1.610000e+11 1.171522e-31 1.091867e-31 -4.246058e-32 2.478856e-47
1.620000e+11 8.217746e-32 7.545128e-32 -3.256131e-32 1.843001e-47
1.630000e+11 6.219937e-32 5.631770e-32 -2.640223e-32 1.111204e-47
1.640000e+11 4.985758e-32 4.455656e-32 -2.237167e-32 8.659984e-48
1.650000e+11 4.184344e-32 3.693518e-32 -1.966382e-32 7.025777e-48
1.660000e+11 3.649893e-32 3.184066e-32 -1.784220e-32 3.384309e-48
1.670000e+11 3.292885e-32 2.840402e-32 -1.665895e-32 2.524592e-48
1.680000e+11 3.062803e-32 2.613362e-32 -1.597216e-32 -2.259370e-48
1.690000e+11 2.931037e-32 2.474713e-32 -1.570598e-32 3.442311e-48
1.700000e+11 2.882669e-32 2.409020e-32 -1.583163e-32 -4.839459e-49
1.710000e+11 2.912661e-32 2.409757e-32 -1.636052e-32 3.150011e-48
1.720000e+11 3.024684e-32 2.477841e-32 -1.734652e-32 2.567449e-48
1.730000e+11 3.232064e-32 2.621992e-32 -1.889813e-32 4.075320e-48
1.740000e+11 3.561287e-32 2.861114e-32 -2.120564e-32 -1.037687e-48
1.750000e+11 4.059746e-32 3.229866e-32 -2.459574e-32 6.342034e-48
1.760000e+11 4.811980e-32 3.790465e-32 -2.964375e-32 3.248296e-49
1.770000e+11 5.975254e-32 4.658506e-32 -3.741923e-32 2.079947e-48
1.780000e+11 7.864743e-32 6.064326e-32 -5.007807e-32 1.200596e-47
1.790000e+11 1.118528e-31 8.518106e-32 -7.249299e-32 -1.717287e-47
1.800000e+11 1.778811e-31 1.333980e-31 -1.176718e-31 -1.808874e-47
1.810000e+11 3.393411e-31 2.487895e-31 -2.307730e-31 -1.614793e-46
1.820000e+11 9.338168e-31 6.522744e-31 -6.682454e-31 -2.427994e-46
1.830000e+11 9.454126e-30 4.333688e-30 -8.402359e-30 -1.918385e-44
1.840000e+11 7.728070e-30 6.705604e-30 -3.841608e-30 1.262112e-44
1.850000e+11 8.756756e-31 7.009373e-31 -5.248758e-31 1.456899e-46
1.860000e+11 3.211295e-31 2.501201e-31 -2.014053e-31 1.436815e-46
1.870000e+11 1.678789e-31 1.287542e-31 -1.077297e-31 8.699918e-47
1.880000e+11 1.048781e-31 7.958000e-32 -6.831128e-32 2.644797e-47
1.890000e+11 7.313405e-32 5.504150e-32 -4.815623e-32 2.000628e-47
1.900000e+11 5.504697e-32 4.115919e-32 -3.655257e-32 8.906155e-48
1.910000e+11 4.388590e-32 3.264039e-32 -2.933559e-32 2.677149e-48
1.920000e+11 3.663269e-32 2.712973e-32 -2.461568e-32 1.017334e-47
1.930000e+11 3.177723e-32 2.345582e-32 -2.143868e-32 3.587939e-48
1.940000e+11 2.850383e-32 2.098928e-32 -1.928519e-32 -4.100041e-50
1.950000e+11 2.635014e-32 1.937528e-32 -1.785856e-32 1.822363e-48
1.960000e+11 2.505050e-32 1.841143e-32 -1.698666e-32 1.329877e-48
1.970000e+11 2.445998e-32 1.798899e-32 -1.657368e-32 1.737479e-48
1.980000e+11 2.451789e-32 1.806507e-32 -1.657650e-32 2.713741e-48
1.990000e+11 2.523392e-32 1.865275e-32 -1.699488e-32 3.638683e-48
2.000000e+11 2.669105e-32 1.982491e-32 -1.787135e-32 -2.057242e-48
2.010000e+11 2.906670e-32 2.173361e-32 -1.930086e-32 8.375095e-49
2.020000e+11 3.268196e-32 2.465419e-32 -2.145418e-32 4.650663e-48
2.030000e+11 3.810437e-32 2.907785e-32 -2.462563e-32 -2.479512e-48
2.040000e+11 4.636814e-32 3.591224e-32 -2.933113e-32 -2.406830e-48
2.050000e+11 5.948403e-32 4.695266e-32 -3.652118e-32 -1.886413e-48
2.060000e+11 8.176552e-32 6.612763e-32 -4.809092e-32 -7.983143e-48
2.070000e+11 1.238988e-31 1.033858e-31 -6.828094e-32 -1.520897e-47
2.080000e+11 2.189249e-31 1.902136e-31 -1.083832e-31 -2.462674e-47
2.090000e+11 5.173230e-31 4.733427e-31 -2.087338e-31 -1.512965e-46
2.100000e+11 2.757737e-30 2.680395e-30 -6.485336e-31 -1.721738e-45
2.110000e+11 2.045341e-29 2.027945e-29 2.661910e-30 -2.909424e-44
2.120000e+11 1.257501e-30 5.487401e-31 1.131456e-30 -1.567016e-45
2.130000e+11 1.288393e-27 -1.287824e-27 -3.829209e-29 -7.411597e-44
2.140000e+11 4.803176e-31 -2.013215e-31 -4.360902e-31 2.015654e-47
2.150000e+11 1.727804e-31 -4.753630e-33 -1.727150e-31 -1.225271e-46
2.160000e+11 9.815576e-32 1.620193e-32 -9.680935e-32 3.893198e-48
2.170000e+11 6.634525e-32 1.821822e-32 -6.379489e-32 9.072567e-48
2.180000e+11 4.943580e-32 1.705707e-32 -4.639994e-32 9.712295e-48
2.190000e+11 3.934851e-32 1.553095e-32 -3.615376e-32 5.981278e-48
2.200000e+11 3.291822e-32 1.423232e-32 -2.968249e-32 5.901132e-48
2.210000e+11 2.867336e-32 1.326611e-32 -2.541991e-32 5.426627e-48
2.220000e+11 2.585327e-32 1.262579e-32 -2.256060e-32 -4.762921e-49
2.230000e+11 2.403980e-32 1.228873e-32 -2.066153e-32 4.026232e-48
2.240000e+11 2.299967e-32 1.224266e-32 -1.947054e-32 -4.130748e-50
2.250000e+11 2.261188e-32 1.249459e-32 -1.884628e-32 9.555095e-49
2.260000e+11 2.283485e-32 1.307699e-32 -1.871958e-32 2.479359e-48
2.270000e+11 2.369605e-32 1.405680e-32 -1.907640e-32 3.608261e-48
2.280000e+11 2.529922e-32 1.555211e-32 -1.995451e-32 -2.404471e-49
2.290000e+11 2.785261e-32 1.776377e-32 -2.145266e-32 3.288282e-48
2.300000e+11 3.173222e-32 2.103756e-32 -2.375616e-32 2.956919e-48
2.310000e+11 3.761713e-32 2.599350e-32 -2.719166e-32 -7.277099e-49
2.320000e+11 4.679368e-32 3.381691e-32 -3.234293e-32 5.867932e-48
2.330000e+11 6.191053e-32 4.698799e-32 -4.031182e-32 1.547939e-48
2.340000e+11 8.914418e-32 7.139722e-32 -5.337717e-32 -1.228460e-47
2.350000e+11 1.458626e-31 1.239054e-31 -7.696327e-32 -3.353812e-47
2.360000e+11 2.984916e-31 2.699785e-31 -1.273139e-31 -7.421528e-47
2.370000e+11 1.021420e-30 9.820167e-31 -2.809670e-31 -3.361841e-46
2.380000e+11 9.142409e-29 9.136478e-29 -3.292442e-30 -7.424721e-45
2.390000e+11 1.628128e-30 1.526678e-30 5.657341e-31 -7.262888e-46
2.400000e+11 4.577769e-31 2.412840e-31 3.890266e-31 -5.408055e-46
2.410000e+11 5.314626e-31 -2.284809e-31 4.798427e-31 -7.357865e-46
2.420000e+11 2.377540e-29 -2.360421e-29 2.848014e-30 -6.094337e-45
2.430000e+11 7.570483e-31 -6.450747e-31 -3.962332e-31 -3.467918e-46
2.440000e+11 1.927666e-31 -1.122291e-31 -1.567278e-31 -8.634445e-47
2.450000e+11 9.749961e-32 -3.548172e-32 -9.081421e-32 -1.806185e-47
2.460000e+11 6.314633e-32 -1.280927e-32 -6.183349e-32 -3.477955e-48
2.470000e+11 4.646489e-32 -3.820987e-33 -4.630752e-32 2.926818e-48
2.480000e+11 3.704092e-32 4.250184e-34 -3.703848e-32 1.586259e-47
2.490000e+11 3.126337e-32 2.727413e-33 -3.114418e-32 5.089182e-48
2.500000e+11 2.759008e-32 4.163289e-33 -2.727416e-32 2.154304e-48
2.510000e+11 2.527355e-32 5.215048e-33 -2.472965e-32 -3.059195e-49
2.520000e+11 2.392717e-32 6.132193e-33 -2.312803e-32 2.445817e-48
2.530000e+11 2.335404e-32 7.069237e-33 -2.225842e-32 2.803811e-48
2.540000e+11 2.347494e-32 8.148326e-33 -2.201539e-32 8.155249e-48
2.550000e+11 2.430191e-32 9.496360e-33 -2.236967e-32 -1.102261e-48
2.560000e+11 2.594048e-32 1.127837e-32 -2.336037e-32 2.281327e-48
2.570000e+11 2.862072e-32 1.374334e-32 -2.510511e-32 3.763044e-48
2.580000e+11 3.277458e-32 1.730635e-32 -2.783277e-32 -1.874307e-48
2.590000e+11 3.920987e-32 2.271955e-32 -3.195678e-32 1.905384e-48
2.600000e+11 4.952288e-32 3.147295e-32 -3.823570e-32 2.195103e-48
2.610000e+11 6.719489e-32 4.686573e-32 -4.815347e-32 3.998069e-48
2.620000e+11 1.010524e-31 7.741662e-32 -6.494806e-32 -1.293334e-47
2.630000e+11 1.794347e-31 1.509314e-31 -9.703879e-32 -4.454718e-47
2.640000e+11 4.410038e-31 4.050979e-31 -1.742987e-31 -1.747861e-47
2.650000e+11 2.891414e-30 2.843654e-30 -5.233645e-31 -1.156186e-45
2.660000e+11 7.418490e-30 7.350232e-30 1.004034e-30 -4.105915e-45
2.670000e+11 6.230786e-31 5.150421e-31 3.506545e-31 -4.129314e-46
2.680000e+11 2.946215e-31 9.357465e-32 2.793665e-31 -4.505823e-46
2.690000e+11 3.529977e-31 -1.562289e-31 3.165436e-31 -3.845957e-46
2.700000e+11 1.621026e-30 -1.500200e-30 6.141071e-31 -8.024527e-46
2.710000e+11 7.139616e-30 -7.056290e-30 -1.087602e-30 9.352408e-45
2.720000e+11 4.575496e-31 -3.953229e-31 -2.303724e-31 -2.042785e-46
2.730000e+11 1.666767e-31 -1.173619e-31 -1.183525e-31 -5.501217e-47
2.740000e+11 9.241611e-32 -5.144847e-32 -7.677103e-32 -1.058638e-47
2.750000e+11 6.213802e-32 -2.674360e-32 -5.608844e-32 -9.601956e-48
2.760000e+11 4.673817e-32 -1.510248e-32 -4.423089e-32 -1.059122e-48
2.770000e+11 3.790042e-32 -8.750450e-33 -3.687643e-32 -2.232176e-49
2.780000e+11 3.249603e-32 -4.870269e-33 -3.212899e-32 5.683292e-48
2.790000e+11 2.913478e-32 -2.244074e-33 -2.904823e-32 -2.416524e-48
2.800000e+11 2.713541e-32 -2.678297e-34 -2.713409e-32 2.082170e-48
2.810000e+11 2.615465e-32 1.401599e-33 -2.611707e-32 1.589354e-48
2.820000e+11 2.603847e-32 2.995495e-33 -2.586559e-32 1.360480e-48
2.830000e+11 2.676413e-32 4.710181e-33 -2.634640e-32 9.946856e-49
2.840000e+11 2.843074e-32 6.762284e-33 -2.761482e-32 1.360918e-49
2.850000e+11 3.129135e-32 9.451732e-33 -2.982974e-32 2.001305e-48
2.860000e+11 3.584648e-32 1.326719e-32 -3.330093e-32 -4.189702e-48
2.870000e+11 4.306715e-32 1.910723e-32 -3.859655e-32 -3.666117e-48
2.880000e+11 5.495114e-32 2.882068e-32 -4.678671e-32 -5.825574e-48
2.890000e+11 7.610071e-32 4.674771e-32 -6.004973e-32 -6.668938e-48
2.900000e+11 1.191919e-31 8.511510e-32 -8.343933e-32 -1.833727e-47
2.910000e+11 2.310654e-31 1.899763e-31 -1.315303e-31 -1.879555e-47
2.920000e+11 7.212237e-31 6.693806e-31 -2.685018e-31 -2.993947e-46
2.930000e+11 2.483485e-29 2.476562e-29 -1.853154e-30 -1.205436e-44
2.940000e+11 1.600976e-30 1.501257e-30 5.561953e-31 -9.175713e-46
2.950000e+11 3.890742e-31 2.289765e-31 3.145608e-31 -4.488893e-46
2.960000e+11 2.831216e-31 -2.322759e-32 2.821672e-31 -2.136980e-46
2.970000e+11 4.870185e-31 -3.421609e-31 3.465730e-31 -5.269566e-46
2.980000e+11 3.459865e-30 -3.365820e-30 8.012013e-31 -1.956239e-45
2.990000e+11 4.613918e-30 -4.546578e-30 -7.854147e-31 -2.024928e-45
3.000000e+11 4.951071e-31 -4.433998e-31 -2.202898e-31 -1.806777e-47
3.010000e+11 1.911554e-31 -1.492686e-31 -1.194122e-31 -5.229752e-47
3.020000e+11 1.069680e-31 -7.153252e-32 -7.953142e-32 -4.083267e-47
3.030000e+11 7.173657e-32 -4.063769e-32 -5.911610e-32 8.560494e-48
3.040000e+11 5.365923e-32 -2.547135e-32 -4.722841e-32 -1.170812e-47
3.050000e+11 4.325912e-32 -1.695050e-32 -3.979990e-32 -7.961893e-48
3.060000e+11 3.689530e-32 -1.165916e-32 -3.500468e-32 -3.394569e-48
3.070000e+11 3.293212e-32 -8.079471e-33 -3.192565e-32 -4.527998e-48
3.080000e+11 3.056311e-32 -5.444603e-33 -3.007424e-32 -4.751755e-48
3.090000e+11 2.937999e-32 -3.316744e-33 -2.919217e-32 -2.227917e-48
3.100000e+11 2.919812e-32 -1.405520e-33 -2.916427e-32 9.574148e-50
3.110000e+11 2.998831e-32 5.264255e-34 -2.998369e-32 7.209483e-49
3.120000e+11 3.186648e-32 2.730896e-33 -3.174925e-32 -3.395334e-49
3.130000e+11 3.513456e-32 5.550701e-33 -3.469332e-32 -7.468127e-48
3.140000e+11 4.040025e-32 9.550112e-33 -3.925526e-32 -1.258249e-48
3.150000e+11 4.887039e-32 1.579864e-32 -4.624628e-32 1.427274e-47
3.160000e+11 6.311388e-32 2.660050e-32 -5.723438e-32 -6.046206e-48
3.170000e+11 8.936332e-32 4.772363e-32 -7.555301e-32 -1.275891e-47
3.180000e+11 1.462956e-31 9.703117e-32 -1.094867e-31 -2.434731e-47
3.190000e+11 3.145998e-31 2.537316e-31 -1.859928e-31 -2.206543e-46
3.200000e+11 1.393896e-30 1.314562e-30 -4.635457e-31 -8.177470e-46
3.210000e+11 3.478470e-29 3.467384e-29 2.774911e-30 -1.787890e-45
3.220000e+11 7.824362e-31 6.116582e-31 4.879350e-31 -6.515938e-46
3.230000e+11 3.575250e-31 5.139538e-32 3.538116e-31 -6.369274e-46
3.240000e+11 4.604614e-31 -2.648893e-31 3.766409e-31 -2.089406e-46
3.250000e+11 1.848118e-30 -1.731650e-30 6.456999e-31 -4.817555e-46
3.260000e+11 3.418055e-29 -3.410173e-29 -2.319878e-30 -2.752310e-44
3.270000e+11 8.812127e-31 -8.231014e-31 -3.147060e-31 -1.096939e-45
3.280000e+11 2.786521e-31 -2.330255e-31 -1.527945e-31 -9.329997e-47
3.290000e+11 1.427286e-31 -1.050948e-31 -9.657407e-32 -1.612224e-47
3.300000e+11 9.067661e-32 -5.834921e-32 -6.940907e-32 -6.845916e-47
3.310000e+11 6.523771e-32 -3.648346e-32 -5.408249e-32 -8.654886e-48
3.320000e+11 5.099583e-32 -2.461442e-32 -4.466212e-32 -6.292863e-48
3.330000e+11 4.237216e-32 -1.746929e-32 -3.860341e-32 6.107520e-48
3.340000e+11 3.695116e-32 -1.280392e-32 -3.466191e-32 -2.942242e-48
3.350000e+11 3.356137e-32 -9.528664e-33 -3.218027e-32 -1.647170e-48
3.360000e+11 3.160001e-32 -7.052546e-33 -3.080296e-32 -5.178180e-48
3.370000e+11 3.076263e-32 -5.015600e-33 -3.035100e-32 -1.600507e-48
3.380000e+11 3.092944e-32 -3.162098e-33 -3.076738e-32 -4.778596e-48
3.390000e+11 3.212560e-32 -1.266261e-33 -3.210063e-32 -2.427294e-48
3.400000e+11 3.453037e-32 9.306000e-34 -3.451782e-32 -4.117355e-48
3.410000e+11 3.854157e-32 3.804365e-33 -3.835335e-32 -3.477467e-48
3.420000e+11 4.494032e-32 8.007628e-33 -4.422115e-32 -3.009946e-48
3.430000e+11 5.529429e-32 1.484069e-32 -5.326549e-32 -1.834338e-47
3.440000e+11 7.304626e-32 2.726570e-32 -6.776679e-32 -5.761325e-48
3.450000e+11 1.070140e-31 5.325161e-32 -9.282380e-32 -2.126241e-48
3.460000e+11 1.862260e-31 1.202779e-31 -1.421737e-31 1.362645e-47
3.470000e+11 4.624830e-31 3.771274e-31 -2.677041e-31 -3.407541e-46
3.480000e+11 3.865820e-30 3.747353e-30 -9.496882e-31 -3.416959e-45
3.490000e+11 3.722562e-30 3.541248e-30 1.147619e-30 -4.795671e-45
3.500000e+11 5.750987e-31 2.520481e-31 5.169238e-31 -5.936658e-46
3.510000e+11 5.327988e-31 -2.287765e-31 4.811818e-31 -7.332296e-46
3.520000e+11 1.957752e-30 -1.798270e-30 7.739628e-31 1.980621e-45
3.530000e+11 3.361139e-29 -3.351136e-29 -2.591125e-30 3.520316e-45
3.540000e+11 9.010126e-31 -8.309741e-31 -3.482897e-31 -2.299816e-46
3.550000e+11 2.856279e-31 -2.326892e-31 -1.656473e-31 -1.682835e-46
3.560000e+11 1.460397e-31 -1.036574e-31 -1.028724e-31 -9.981808e-47
3.570000e+11 9.239132e-32 -5.686707e-32 -7.281684e-32 1.443222e-47
3.580000e+11 6.609334e-32 -3.515245e-32 -5.596995e-32 -1.423686e-47
3.590000e+11 5.131999e-32 -2.345665e-32 -4.564566e-32 4.556398e-48
3.600000e+11 4.232671e-32 -1.647043e-32 -3.899071e-32 -4.833752e-48
3.610000e+11 3.661736e-32 -1.194678e-32 -3.461366e-32 -6.551871e-49
3.620000e+11 3.297418e-32 -8.802510e-33 -3.177754e-32 -2.981881e-48
3.630000e+11 3.076226e-32 -6.456758e-33 -3.007702e-32 -3.633371e-48
3.640000e+11 2.964885e-32 -4.563164e-33 -2.929559e-32 -1.163508e-48
3.650000e+11 2.948214e-32 -2.885642e-33 -2.934058e-32 -3.340163e-48
3.660000e+11 3.024293e-32 -1.229774e-33 -3.021791e-32 -1.594950e-48
3.670000e+11 3.203945e-32 6.083415e-34 -3.203367e-32 -3.392223e-48
3.680000e+11 3.514323e-32 2.900746e-33 -3.502331e-32 -3.208157e-48
3.690000e+11 4.008813e-32 6.086171e-33 -3.962343e-32 -5.704080e-48
3.700000e+11 4.790393e-32 1.097930e-32 -4.662876e-32 -6.257007e-48
3.710000e+11 6.069633e-32 1.929145e-32 -5.754898e-32 -9.353682e-48
3.720000e+11 8.328891e-32 3.514794e-32 -7.550937e-32 4.154720e-48
3.730000e+11 1.289341e-31 7.053358e-32 -1.079306e-31 -3.704908e-47
3.740000e+11 2.469333e-31 1.723059e-31 -1.768806e-31 -6.534476e-47
3.750000e+11 7.751551e-31 6.731649e-31 -3.843363e-31 -2.686822e-46
3.760000e+11 4.306954e-29 4.291656e-29 -3.626970e-30 -4.144287e-44
3.770000e+11 1.452315e-30 1.187676e-30 8.358510e-31 -1.396728e-46
3.780000e+11 5.783599e-31 -1.268110e-32 5.782209e-31 -6.024297e-46
3.790000e+11 1.360553e-30 -1.116755e-30 7.771501e-31 -2.529847e-45
3.800000e+11 2.605839e-28 -2.604460e-28 -8.474317e-30 3.753048e-44
3.810000e+11 9.886045e-31 -8.981963e-31 -4.130162e-31 -3.914563e-46
3.820000e+11 2.847009e-31 -2.194195e-31 -1.814104e-31 -1.001254e-46
3.830000e+11 1.412391e-31 -9.074475e-32 -1.082307e-31 -4.922179e-47
3.840000e+11 8.804065e-32 -4.686210e-32 -7.453254e-32 -4.365679e-47
3.850000e+11 6.237020e-32 -2.731470e-32 -5.607093e-32 -1.811886e-47
3.860000e+11 4.805277e-32 -1.710212e-32 -4.490642e-32 -1.322752e-47
3.870000e+11 3.935475e-32 -1.113732e-32 -3.774595e-32 -1.581191e-47
3.880000e+11 3.381682e-32 -7.329700e-33 -3.301292e-32 -1.353670e-48
3.890000e+11 3.024638e-32 -4.694931e-33 -2.987978e-32 -1.393881e-47
3.900000e+11 2.802057e-32 -2.715152e-33 -2.788871e-32 -2.595383e-48
3.910000e+11 2.680737e-32 -1.086060e-33 -2.678536e-32 -4.850808e-48
3.920000e+11 2.644443e-32 3.975314e-34 -2.644144e-32 -3.441092e-48
3.930000e+11 2.688778e-32 1.902779e-33 -2.682037e-32 -2.799900e-48
3.940000e+11 2.819924e-32 3.601681e-33 -2.796829e-32 -5.746697e-50
3.950000e+11 3.056575e-32 5.716187e-33 -3.002650e-32 -1.935244e-48
3.960000e+11 3.436176e-32 8.587776e-33 -3.327132e-32 -9.048088e-48
3.970000e+11 4.029460e-32 1.281417e-32 -3.820278e-32 -2.451887e-48
3.980000e+11 4.974611e-32 1.956244e-32 -4.573824e-32 -1.123238e-47
3.990000e+11 6.565792e-32 3.139266e-32 -5.766683e-32 -1.369924e-47
4.000000e+11 9.522341e-32 5.482162e-32 -7.785940e-32 -4.023692e-47
4.010000e+11 1.603266e-31 1.104831e-31 -1.161813e-31 -8.214061e-47
4.020000e+11 3.584038e-31 2.933288e-31 -2.059404e-31 -1.486163e-46
4.030000e+11 1.749277e-30 1.657686e-30 -5.586116e-31 -9.321909e-46
4.040000e+11 1.958987e-29 1.944628e-29 2.367571e-30 -1.408025e-44
4.050000e+11 8.137192e-31 5.458199e-31 6.035062e-31 -4.714482e-46
4.060000e+11 5.621999e-31 -1.415934e-31 5.440772e-31 -6.954951e-46
4.070000e+11 2.834409e-30 -2.628554e-30 1.060461e-30 -3.305345e-48
4.080000e+11 4.118776e-30 -3.994395e-30 -1.004554e-30 -3.286581e-45
4.090000e+11 4.305909e-31 -3.454945e-31 -2.569865e-31 -3.365155e-46
4.100000e+11 1.680694e-31 -1.047548e-31 -1.314296e-31 -9.587300e-47
4.110000e+11 9.470333e-32 -4.458751e-32 -8.355043e-32 4.507947e-48
4.120000e+11 6.357013e-32 -2.192286e-32 -5.967033e-32 -4.044109e-48
4.130000e+11 4.737221e-32 -1.134142e-32 -4.599455e-32 -2.353777e-47
4.140000e+11 3.791951e-32 -5.648608e-33 -3.749643e-32 -1.779814e-47
4.150000e+11 3.203265e-32 -2.222006e-33 -3.195549e-32 -4.455575e-48
4.160000e+11 2.826437e-32 6.798322e-35 -2.826428e-32 -5.474756e-48
4.170000e+11 2.588692e-32 1.775361e-33 -2.582597e-32 -7.129581e-48
4.180000e+11 2.451690e-32 3.207955e-33 -2.430612e-32 -6.380935e-48
4.190000e+11 2.395919e-32 4.564856e-33 -2.352031e-32 -4.292837e-48
4.200000e+11 2.414001e-32 6.003932e-33 -2.338146e-32 -5.879599e-48
4.210000e+11 2.508375e-32 7.684636e-33 -2.387762e-32 -6.631466e-48
4.220000e+11 2.692004e-32 9.808215e-33 -2.506965e-32 -3.737660e-48
4.230000e+11 2.992446e-32 1.267417e-32 -2.710791e-32 -5.398356e-48
4.240000e+11 3.461713e-32 1.678336e-32 -3.027647e-32 -8.964465e-48
4.250000e+11 4.198779e-32 2.305800e-32 -3.508993e-32 1.302186e-48
4.260000e+11 5.404562e-32 3.337460e-32 -4.250959e-32 -1.742145e-47
4.270000e+11 7.534544e-32 5.205379e-32 -5.447328e-32 -1.660527e-47
4.280000e+11 1.181182e-31 9.091638e-32 -7.540634e-32 -3.673807e-47
4.290000e+11 2.255097e-31 1.923639e-31 -1.176892e-31 -5.213712e-48
4.300000e+11 6.534226e-31 6.108561e-31 -2.319828e-31 -2.283095e-46
4.310000e+11 1.007505e-29 1.001650e-29 -1.084576e-30 -4.228965e-45
4.320000e+11 2.590975e-30 2.502308e-30 6.720168e-31 -1.319633e-45
4.330000e+11 4.908212e-31 3.348441e-31 3.588661e-31 -2.804226e-46
4.340000e+11 3.457259e-31 -1.566261e-32 3.453710e-31 -5.396610e-46
4.350000e+11 9.498772e-31 -7.695792e-31 5.567895e-31 -2.871515e-46
4.360000e+11 1.959509e-29 -1.947908e-29 -2.129072e-30 -1.371763e-44
4.370000e+11 4.596156e-31 -3.768473e-31 -2.631209e-31 -2.299810e-46
4.380000e+11 1.535119e-31 -8.999792e-32 -1.243635e-31 6.812203e-48
4.390000e+11 8.329251e-32 -3.177729e-32 -7.699251e-32 -2.600331e-48
4.400000e+11 5.563817e-32 -1.194862e-32 -5.434001e-32 -1.899282e-47
4.410000e+11 4.176418e-32 -3.291767e-33 -4.163426e-32 5.816020e-48
4.420000e+11 3.385098e-32 1.161201e-33 -3.383106e-32 -1.716586e-47
4.430000e+11 2.902954e-32 3.797422e-33 -2.878010e-32 -8.048450e-48
4.440000e+11 2.604205e-32 5.603590e-33 -2.543203e-32 -4.938165e-48
4.450000e+11 2.427688e-32 7.054243e-33 -2.322939e-32 -6.492965e-48
4.460000e+11 2.342753e-32 8.417756e-33 -2.186299e-32 -2.597106e-48
4.470000e+11 2.335741e-32 9.881950e-33 -2.116402e-32 -9.799586e-49
4.480000e+11 2.404706e-32 1.161827e-32 -2.105414e-32 -7.305887e-48
4.490000e+11 2.558445e-32 1.382866e-32 -2.152515e-32 -6.773349e-48
4.500000e+11 2.819038e-32 1.679979e-32 -2.263768e-32 -8.168080e-48
4.510000e+11 3.229276e-32 2.099186e-32 -2.453904e-32 -7.743733e-48
4.520000e+11 3.869737e-32 2.721587e-32 -2.750969e-32 -1.293402e-47
4.530000e+11 4.899045e-32 3.703678e-32 -3.206775e-32 -1.029721e-47
4.540000e+11 6.658863e-32 5.381839e-32 -3.921258e-32 -1.824258e-47
4.550000e+11 9.994830e-32 8.591971e-32 -5.106337e-32 -2.748658e-47
4.560000e+11 1.750188e-31 1.591217e-31 -7.288276e-32 -5.269269e-47
4.570000e+11 4.071596e-31 3.884903e-31 -1.218779e-31 -1.177697e-46
4.580000e+11 2.003329e-30 1.980452e-30 -3.018918e-31 -7.322316e-46
4.590000e+11 3.359099e-29 3.356143e-29 1.408863e-30 -1.228204e-44
4.600000e+11 9.339427e-31 8.930013e-31 2.734917e-31 -2.923265e-46
4.610000e+11 3.079636e-31 2.453935e-31 1.860742e-31 -1.540546e-46
4.620000e+11 1.903737e-31 7.877667e-32 1.733101e-31 -1.020190e-46
4.630000e+11 2.139741e-31 -5.164134e-32 2.076490e-31 -1.639601e-46
4.640000e+11 7.474739e-31 -6.363974e-31 3.920658e-31 -6.031166e-46
4.650000e+11 7.160921e-30 -7.078176e-30 -1.085457e-30 -6.341692e-45
4.660000e+11 2.907881e-31 -2.251668e-31 -1.840044e-31 -1.459911e-46
4.670000e+11 1.061656e-31 -5.150079e-32 -9.283748e-32 -1.891600e-47
4.680000e+11 6.164524e-32 -1.421842e-32 -5.998309e-32 -3.291580e-48
4.690000e+11 4.379120e-32 -1.177782e-33 -4.377536e-32 -1.808690e-47
4.700000e+11 3.481931e-32 4.684510e-33 -3.450275e-32 -2.851161e-48
4.710000e+11 2.981028e-32 7.880092e-33 -2.874990e-32 -5.338724e-48
4.720000e+11 2.695463e-32 1.000021e-32 -2.503094e-32 -2.688605e-49
4.730000e+11 2.547561e-32 1.173431e-32 -2.261222e-32 -9.262425e-48
4.740000e+11 2.502666e-32 1.345038e-32 -2.110500e-32 -5.662964e-48
4.750000e+11 2.548477e-32 1.540569e-32 -2.030119e-32 -7.583241e-48
4.760000e+11 2.688152e-32 1.784759e-32 -2.010173e-32 -6.454893e-48
4.770000e+11 2.940153e-32 2.108845e-32 -2.048724e-32 -9.588467e-48
4.780000e+11 3.343927e-32 2.559977e-32 -2.151364e-32 -6.839033e-48
4.790000e+11 3.974755e-32 3.217974e-32 -2.333094e-32 -1.335884e-47
4.800000e+11 4.978723e-32 4.231290e-32 -2.623712e-32 -6.999192e-48
4.810000e+11 6.660758e-32 5.905512e-32 -3.080686e-32 -1.527436e-47
4.820000e+11 9.738365e-32 8.957200e-32 -3.821561e-32 -1.303126e-47
4.830000e+11 1.623964e-31 1.541168e-31 -5.119194e-32 -1.958571e-47
4.840000e+11 3.391226e-31 3.301138e-31 -7.764681e-32 -9.111492e-47
4.850000e+11 1.170467e-30 1.160378e-30 -1.533528e-31 -2.012420e-46
4.860000e+11 7.270522e-29 7.269354e-29 -1.302964e-30 -2.047504e-44
4.870000e+11 2.122265e-30 2.108223e-30 2.437299e-31 -2.861307e-46
4.880000e+11 4.668804e-31 4.491832e-31 1.273254e-31 -1.359648e-46
4.890000e+11 2.107247e-31 1.870422e-31 9.705730e-32 -6.282368e-47
4.900000e+11 1.304225e-31 9.603360e-32 8.824729e-32 -6.675320e-47
4.910000e+11 1.029767e-31 4.660615e-32 9.182626e-32 -4.818678e-47
4.920000e+11 1.111252e-31 -2.340565e-33 1.111006e-31 -3.840716e-47
4.930000e+11 2.202901e-31 -1.355227e-31 1.736702e-31 -6.531608e-47
4.940000e+11 4.136055e-30 -4.066393e-30 7.559073e-31 -6.523221e-45
4.950000e+11 5.313975e-31 -4.716160e-31 -2.448705e-31 -1.718409e-46
4.960000e+11 1.170365e-31 -6.380833e-32 -9.811236e-32 -3.788685e-47
4.970000e+11 6.110960e-32 -1.214858e-32 -5.988986e-32 2.040256e-48
4.980000e+11 4.309656e-32 3.297280e-33 -4.297024e-32 -1.450469e-47
4.990000e+11 3.524026e-32 9.966526e-33 -3.380154e-32 -1.096352e-47
5.000000e+11 3.148738e-32 1.376937e-32 -2.831712e-32 -2.045979e-47
5.010000e+11 2.992873e-32 1.661149e-32 -2.489553e-32 -1.717957e-48
5.020000e+11 2.987135e-32 1.931951e-32 -2.278276e-32 -6.819402e-48
5.030000e+11 3.111593e-32 2.239497e-32 -2.160247e-32 -2.160961e-48
5.040000e+11 3.375762e-32 2.629152e-32 -2.117388e-32 -6.232879e-48
5.050000e+11 3.817647e-32 3.158699e-32 -2.144073e-32 -9.300679e-48
5.060000e+11 4.516749e-32 3.919156e-32 -2.245270e-32 -1.079126e-47
5.070000e+11 5.629659e-32 5.074046e-32 -2.438671e-32 -2.750792e-48
5.080000e+11 7.480451e-32 6.951642e-32 -2.762576e-32 -1.373684e-47
5.090000e+11 1.081542e-31 1.030066e-31 -3.296904e-32 -3.183520e-47
5.100000e+11 1.766879e-31 1.715650e-31 -4.223812e-32 -2.973823e-47
5.110000e+11 3.532836e-31 3.480704e-31 -6.046709e-32 -4.565575e-47
5.120000e+11 1.078842e-30 1.073414e-30 -1.080847e-31 -1.891881e-46
5.130000e+11 1.854439e-29 1.853860e-29 -4.633465e-31 -2.265071e-45
5.140000e+11 4.057197e-30 4.050859e-30 2.266846e-31 -4.963960e-46
5.150000e+11 6.833193e-31 6.761791e-31 9.852469e-32 -1.004938e-46
5.160000e+11 2.791504e-31 2.708379e-31 6.761494e-32 -5.322155e-47
5.170000e+11 1.564788e-31 1.464206e-31 5.519634e-32 -7.913064e-48
5.180000e+11 1.045158e-31 9.175558e-32 5.004472e-32 -8.422005e-48
5.190000e+11 7.908874e-32 6.188495e-32 4.924715e-32 -2.098716e-47
5.200000e+11 6.705785e-32 4.184667e-32 5.239858e-32 -7.607727e-48
5.210000e+11 6.539545e-32 2.354248e-32 6.101079e-32 1.957267e-49
5.220000e+11 8.100795e-32 -5.040372e-33 8.085099e-32 4.984345e-47
5.230000e+11 1.756897e-31 -1.082889e-31 1.383488e-31 -1.306113e-46
5.240000e+11 5.334462e-30 -5.272631e-30 8.098434e-31 -2.583470e-45
5.250000e+11 3.332280e-31 -2.747576e-31 -1.885448e-31 3.731755e-48
5.260000e+11 8.894864e-32 -3.205882e-32 -8.297043e-32 -8.127570e-47
5.270000e+11 5.367292e-32 3.221388e-33 -5.357616e-32 -2.867866e-48
5.280000e+11 4.313823e-32 1.533321e-32 -4.032120e-32 -1.923097e-47
5.290000e+11 3.980023e-32 2.198599e-32 -3.317641e-32 -8.723094e-48
5.300000e+11 3.989268e-32 2.732715e-32 -2.906291e-32 -3.548347e-48
5.310000e+11 4.247836e-32 3.299079e-32 -2.675854e-32 -3.466079e-48
5.320000e+11 4.764934e-32 4.010559e-32 -2.572937e-32 -1.002650e-47
5.330000e+11 5.625450e-32 5.000264e-32 -2.577412e-32 -1.120973e-47
5.340000e+11 7.022316e-32 6.485944e-32 -2.691737e-32 -8.876475e-48
5.350000e+11 9.368934e-32 8.894766e-32 -2.942798e-32 -1.610955e-47
5.360000e+11 1.363023e-31 1.319971e-31 -3.398686e-32 -1.705867e-47
5.370000e+11 2.246479e-31 2.206419e-31 -4.223504e-32 -3.313484e-47
5.380000e+11 4.554379e-31 4.516239e-31 -5.881808e-32 -6.782664e-47
5.390000e+11 1.433031e-30 1.429319e-30 -1.030835e-31 -9.849761e-47
5.400000e+11 3.042626e-29 3.042257e-29 -4.740212e-31 -4.202520e-45
5.410000e+11 4.530478e-30 4.526724e-30 1.843906e-31 -5.414565e-46
5.420000e+11 8.152580e-31 8.113557e-31 7.967135e-32 -8.384319e-47
5.430000e+11 3.374135e-31 3.332608e-31 5.277389e-32 -4.936747e-47
5.440000e+11 1.887510e-31 1.842193e-31 4.111163e-32 -1.404723e-47
5.450000e+11 1.241632e-31 1.190791e-31 3.516627e-32 -1.339407e-47
5.460000e+11 9.073838e-32 8.485270e-32 3.214767e-32 -6.751582e-48
5.470000e+11 7.165195e-32 6.458375e-32 3.103129e-32 1.223338e-48
5.480000e+11 6.028963e-32 5.141497e-32 3.148556e-32 7.518103e-49
5.490000e+11 5.378846e-32 4.199756e-32 3.360660e-32 6.767712e-48
5.500000e+11 5.111132e-32 3.420683e-32 3.797710e-32 -8.856952e-48
5.510000e+11 5.283368e-32 2.575193e-32 4.613281e-32 -3.672411e-49
5.520000e+11 6.335579e-32 1.127783e-32 6.234394e-32 -8.490305e-48
5.530000e+11 1.090277e-31 -3.607607e-32 1.028861e-31 -5.817938e-47
5.540000e+11 7.718062e-31 -6.984804e-31 3.283441e-31 1.202464e-46
5.550000e+11 5.376048e-31 -4.618243e-31 -2.752041e-31 -5.273047e-46
5.560000e+11 1.027123e-31 -2.213010e-32 -1.003000e-31 -7.138900e-47
5.570000e+11 6.732270e-32 2.098089e-32 -6.396990e-32 -2.213049e-49
5.580000e+11 6.209917e-32 3.788063e-32 -4.920737e-32 -2.191920e-47
5.590000e+11 6.624073e-32 5.119346e-32 -4.203645e-32 -4.102861e-47
