# #nu(Hz) #T #rho #c #s
0.000000e+00 1.000000e+00 2.220446e-16 1.000000e+00 0.000000e+00
1.000000e+09 9.730914e-01 -5.524690e-03 9.724967e-01 3.356409e-02
2.000000e+09 9.018625e-01 -1.862232e-02 8.998665e-01 5.700407e-02
3.000000e+09 8.074183e-01 -3.250575e-02 8.039593e-01 6.720978e-02
4.000000e+09 7.095172e-01 -4.259790e-02 7.050301e-01 6.732508e-02
5.000000e+09 6.201765e-01 -4.787383e-02 6.151995e-01 6.210170e-02
6.000000e+09 5.442875e-01 -4.928927e-02 5.392454e-01 5.508112e-02
7.000000e+09 4.824911e-01 -4.822486e-02 4.776512e-01 4.818104e-02
8.000000e+09 4.335391e-01 -4.579611e-02 4.290425e-01 4.220674e-02
9.000000e+09 3.956369e-01 -4.272576e-02 3.915426e-01 3.738302e-02
1.000000e+10 3.670614e-01 -3.941793e-02 3.633806e-01 3.368815e-02
1.100000e+10 3.463923e-01 -3.606060e-02 3.431103e-01 3.102575e-02
1.200000e+10 3.325674e-01 -3.270327e-02 3.296556e-01 2.930450e-02
1.300000e+10 3.248739e-01 -2.930420e-02 3.222941e-01 2.847447e-02
1.400000e+10 3.229246e-01 -2.575344e-02 3.206277e-01 2.854726e-02
1.500000e+10 3.266413e-01 -2.187829e-02 3.245594e-01 2.961532e-02
1.600000e+10 3.362538e-01 -1.743592e-02 3.342847e-01 3.188008e-02
1.700000e+10 3.523157e-01 -1.209617e-02 3.502937e-01 3.569836e-02
1.800000e+10 3.757331e-01 -5.419141e-03 3.733772e-01 4.165869e-02
1.900000e+10 4.077895e-01 3.161047e-03 4.046128e-01 5.070230e-02
2.000000e+10 4.501248e-01 1.431565e-02 4.452781e-01 6.430263e-02
2.100000e+10 5.045667e-01 2.868847e-02 4.965797e-01 8.469407e-02
2.200000e+10 5.726027e-01 4.649253e-02 5.589954e-01 1.150498e-01
2.300000e+10 6.541517e-01 6.658748e-02 6.309659e-01 1.592564e-01
2.400000e+10 7.453680e-01 8.491874e-02 7.069333e-01 2.204714e-01
2.500000e+10 8.361757e-01 9.316636e-02 7.758953e-01 2.974835e-01
2.600000e+10 9.104330e-01 8.046427e-02 8.234974e-01 3.798235e-01
2.700000e+10 9.520218e-01 4.080261e-02 8.393752e-01 4.473589e-01
2.800000e+10 9.535795e-01 -1.886729e-02 8.237521e-01 4.799898e-01
2.900000e+10 9.188096e-01 -8.066742e-02 7.849979e-01 4.706190e-01
3.000000e+10 8.576488e-01 -1.275640e-01 7.322424e-01 4.279136e-01
3.100000e+10 7.815285e-01 -1.523313e-01 6.723075e-01 3.682180e-01
3.200000e+10 7.009940e-01 -1.573166e-01 6.105963e-01 3.062944e-01
3.300000e+10 6.241515e-01 -1.491812e-01 5.516240e-01 2.510399e-01
3.400000e+10 5.558998e-01 -1.343848e-01 4.985933e-01 2.058397e-01
3.500000e+10 4.982814e-01 -1.173594e-01 4.531709e-01 1.707258e-01
3.600000e+10 4.514523e-01 -1.005251e-01 4.157862e-01 1.443111e-01
3.700000e+10 4.146254e-01 -8.491615e-02 3.861326e-01 1.249203e-01
3.800000e+10 3.867132e-01 -7.077193e-02 3.635921e-01 1.110820e-01
3.900000e+10 3.666797e-01 -5.792600e-02 3.475063e-01 1.016757e-01
4.000000e+10 3.537047e-01 -4.601839e-02 3.373207e-01 9.593776e-02
4.100000e+10 3.472479e-01 -3.459340e-02 3.326496e-01 9.342699e-02
4.200000e+10 3.470721e-01 -2.313140e-02 3.332989e-01 9.399893e-02
4.300000e+10 3.532553e-01 -1.104513e-02 3.392661e-01 9.780529e-02
4.400000e+10 3.662040e-01 2.341056e-03 3.507216e-01 1.053294e-01
4.500000e+10 3.866657e-01 1.781183e-02 3.679611e-01 1.174637e-01
4.600000e+10 4.157183e-01 3.625376e-02 3.912944e-01 1.356322e-01
4.700000e+10 4.546776e-01 5.856093e-02 4.208071e-01 1.619373e-01
4.800000e+10 5.047953e-01 8.533163e-02 4.558911e-01 1.992489e-01
4.900000e+10 5.665284e-01 1.161481e-01 4.944363e-01 2.509917e-01
5.000000e+10 6.381496e-01 1.482344e-01 5.317758e-01 3.201186e-01
5.100000e+10 7.139137e-01 1.747562e-01 5.601629e-01 4.066332e-01
5.200000e+10 7.833666e-01 1.844279e-01 5.706440e-01 5.039991e-01
5.300000e+10 8.345844e-01 1.653335e-01 5.586339e-01 5.975987e-01
5.400000e+10 8.610926e-01 1.128146e-01 5.295515e-01 6.695734e-01
5.500000e+10 8.655470e-01 3.443410e-02 4.970056e-01 7.077933e-01
5.600000e+10 8.551357e-01 -5.361056e-02 4.735813e-01 7.100026e-01
5.700000e+10 8.344932e-01 -1.341572e-01 4.635566e-01 6.808055e-01
5.800000e+10 8.038020e-01 -1.944833e-01 4.628774e-01 6.277089e-01
5.900000e+10 7.620217e-01 -2.286851e-01 4.638728e-01 5.596448e-01
6.000000e+10 7.104961e-01 -2.378558e-01 4.603331e-01 4.861305e-01
6.100000e+10 6.535794e-01 -2.279974e-01 4.500268e-01 4.155228e-01
6.200000e+10 5.967249e-01 -2.066391e-01 4.341854e-01 3.533609e-01
6.300000e+10 5.444159e-01 -1.801409e-01 4.155794e-01 3.020459e-01
6.400000e+10 4.993316e-01 -1.526538e-01 3.969266e-01 2.616832e-01
6.500000e+10 4.625700e-01 -1.263136e-01 3.802090e-01 2.312076e-01
6.600000e+10 4.342466e-01 -1.018662e-01 3.666310e-01 2.092250e-01
6.700000e+10 4.140374e-01 -7.924243e-02 3.568282e-01 1.944769e-01
6.800000e+10 4.015413e-01 -5.793897e-02 3.510939e-01 1.860417e-01
6.900000e+10 3.964869e-01 -3.722585e-02 3.495410e-01 1.834045e-01
7.000000e+10 3.988413e-01 -1.624036e-02 3.521867e-01 1.864811e-01
7.100000e+10 4.088577e-01 5.977182e-03 3.589609e-01 1.956425e-01
7.200000e+10 4.270767e-01 3.045719e-02 3.696324e-01 2.117516e-01
7.300000e+10 4.542540e-01 5.822606e-02 3.836243e-01 2.361966e-01
7.400000e+10 4.911429e-01 9.009213e-02 3.996784e-01 2.708540e-01
7.500000e+10 5.379934e-01 1.261504e-01 4.153461e-01 3.178217e-01
7.600000e+10 5.936183e-01 1.648524e-01 4.264263e-01 3.786383e-01
7.700000e+10 6.540872e-01 2.017113e-01 4.268580e-01 4.526973e-01
7.800000e+10 7.118695e-01 2.284715e-01 4.101184e-01 5.351278e-01
7.900000e+10 7.572424e-01 2.345873e-01 3.729040e-01 6.158957e-01
8.000000e+10 7.829798e-01 2.120635e-01 3.193252e-01 6.827283e-01
8.100000e+10 7.892068e-01 1.606103e-01 2.610379e-01 7.272626e-01
8.200000e+10 7.831208e-01 8.788420e-02 2.117347e-01 7.488144e-01
8.300000e+10 7.736286e-01 4.904375e-03 1.810007e-01 7.521408e-01
8.400000e+10 7.662107e-01 -7.817298e-02 1.722261e-01 7.424998e-01
8.500000e+10 7.612254e-01 -1.532049e-01 1.837298e-01 7.226588e-01
8.600000e+10 7.550611e-01 -2.136223e-01 2.104157e-01 6.929704e-01
8.700000e+10 7.427256e-01 -2.545262e-01 2.451521e-01 6.532673e-01
8.800000e+10 7.207209e-01 -2.737573e-01 2.804116e-01 6.048677e-01
8.900000e+10 6.888811e-01 -2.727549e-01 3.102398e-01 5.512833e-01
9.000000e+10 6.502307e-01 -2.559794e-01 3.316317e-01 4.972877e-01
9.100000e+10 6.093166e-01 -2.290879e-01 3.445288e-01 4.473091e-01
9.200000e+10 5.704230e-01 -1.971150e-01 3.507388e-01 4.043642e-01
9.300000e+10 5.366346e-01 -1.635442e-01 3.526841e-01 3.699242e-01
9.400000e+10 5.097630e-01 -1.302502e-01 3.525764e-01 3.443590e-01
9.500000e+10 4.907039e-01 -9.786536e-02 3.520772e-01 3.274971e-01
9.600000e+10 4.798581e-01 -6.620570e-02 3.522504e-01 3.190615e-01
9.700000e+10 4.774538e-01 -3.460376e-02 3.536132e-01 3.189395e-01
9.800000e+10 4.837306e-01 -2.139525e-03 3.561641e-01 3.273191e-01
9.900000e+10 4.989854e-01 3.217320e-02 3.593310e-01 3.447209e-01
1.000000e+11 5.234593e-01 6.915732e-02 3.618165e-01 3.719082e-01
1.010000e+11 5.570095e-01 1.090927e-01 3.613639e-01 4.096028e-01
1.020000e+11 5.984999e-01 1.510888e-01 3.545704e-01 4.578801e-01
1.030000e+11 6.449624e-01 1.922420e-01 3.370711e-01 5.151723e-01
1.040000e+11 6.909567e-01 2.270022e-01 3.046198e-01 5.771464e-01
1.050000e+11 7.291102e-01 2.477236e-01 2.553493e-01 6.364209e-01
1.060000e+11 7.526804e-01 2.472527e-01 1.922574e-01 6.844202e-01
1.070000e+11 7.591518e-01 2.225745e-01 1.235555e-01 7.151965e-01
1.080000e+11 7.518424e-01 1.765132e-01 5.961012e-02 7.283933e-01
1.090000e+11 7.378557e-01 1.158544e-01 8.734390e-03 7.286511e-01
1.100000e+11 7.243672e-01 4.791576e-02 -2.484435e-02 7.223536e-01
1.110000e+11 7.160840e-01 -2.156877e-02 -4.032030e-02 7.146225e-01
1.120000e+11 7.145793e-01 -8.857751e-02 -3.871108e-02 7.080106e-01
1.130000e+11 7.186851e-01 -1.499187e-01 -2.179637e-02 7.025365e-01
1.140000e+11 7.252340e-01 -2.024076e-01 8.086066e-03 6.963693e-01
1.150000e+11 7.300268e-01 -2.427004e-01 4.776604e-02 6.868435e-01
1.160000e+11 7.290997e-01 -2.679125e-01 9.308341e-02 6.716730e-01
1.170000e+11 7.200667e-01 -2.766407e-01 1.393040e-01 6.500464e-01
1.180000e+11 7.029380e-01 -2.696474e-01 1.820846e-01 6.231030e-01
1.190000e+11 6.799469e-01 -2.496418e-01 2.184437e-01 5.935395e-01
1.200000e+11 6.545650e-01 -2.202882e-01 2.471544e-01 5.646619e-01
1.210000e+11 6.303715e-01 -1.850828e-01 2.684433e-01 5.394911e-01
1.220000e+11 6.103233e-01 -1.466393e-01 2.833256e-01 5.203057e-01
1.230000e+11 5.965310e-01 -1.064958e-01 2.929524e-01 5.086126e-01
1.240000e+11 5.903520e-01 -6.527651e-02 2.981515e-01 5.053317e-01
1.250000e+11 5.925660e-01 -2.300985e-02 2.991555e-01 5.109902e-01
1.260000e+11 6.034670e-01 2.049491e-02 2.954497e-01 5.257964e-01
1.270000e+11 6.227858e-01 6.522006e-02 2.857073e-01 5.495270e-01
1.280000e+11 6.494111e-01 1.104346e-01 2.678595e-01 5.811972e-01
1.290000e+11 6.809748e-01 1.541464e-01 2.394559e-01 6.185681e-01
1.300000e+11 7.135500e-01 1.927277e-01 1.985025e-01 6.577282e-01
1.310000e+11 7.419352e-01 2.211668e-01 1.447726e-01 6.932488e-01
1.320000e+11 7.609562e-01 2.343587e-01 8.102721e-02 7.194198e-01
1.330000e+11 7.675028e-01 2.291474e-01 1.308631e-02 7.323802e-01
1.340000e+11 7.620212e-01 2.058384e-01 -5.183267e-02 7.318608e-01
1.350000e+11 7.482406e-01 1.679648e-01 -1.075968e-01 7.211621e-01
1.360000e+11 7.313770e-01 1.205572e-01 -1.507515e-01 7.054447e-01
1.370000e+11 7.161981e-01 6.831699e-02 -1.804843e-01 6.897085e-01
1.380000e+11 7.059526e-01 1.470775e-02 -1.975841e-01 6.775790e-01
1.390000e+11 7.021767e-01 -3.801251e-02 -2.033483e-01 6.710117e-01
1.400000e+11 7.049254e-01 -8.828491e-02 -1.989308e-01 6.704865e-01
1.410000e+11 7.130760e-01 -1.346849e-01 -1.851696e-01 6.753144e-01
1.420000e+11 7.246032e-01 -1.755301e-01 -1.627614e-01 6.839208e-01
1.430000e+11 7.368992e-01 -2.087780e-01 -1.326203e-01 6.941499e-01
1.440000e+11 7.472405e-01 -2.322590e-01 -9.624236e-02 7.036772e-01
1.450000e+11 7.534056e-01 -2.441770e-01 -5.588203e-02 7.105454e-01
1.460000e+11 7.542731e-01 -2.436594e-01 -1.440286e-02 7.136880e-01
1.470000e+11 7.501347e-01 -2.310584e-01 2.516785e-02 7.132185e-01
1.480000e+11 7.425576e-01 -2.078292e-01 6.016094e-02 7.103376e-01
1.490000e+11 7.338811e-01 -1.760655e-01 8.860107e-02 7.069174e-01
1.500000e+11 7.266001e-01 -1.379608e-01 1.092320e-01 7.049701e-01
1.510000e+11 7.228620e-01 -9.543990e-02 1.212959e-01 7.061926e-01
1.520000e+11 7.241538e-01 -5.006791e-02 1.242315e-01 7.116590e-01
1.530000e+11 7.311238e-01 -3.207224e-03 1.174451e-01 7.216220e-01
1.540000e+11 7.434547e-01 4.366786e-02 1.002673e-01 7.353669e-01
1.550000e+11 7.597613e-01 8.861990e-02 7.215815e-02 7.511171e-01
1.560000e+11 7.775901e-01 1.290231e-01 3.316631e-02 7.660936e-01
1.570000e+11 7.936960e-01 1.616665e-01 -1.548173e-02 7.769026e-01
1.580000e+11 8.047346e-01 1.833297e-01 -7.097195e-02 7.803531e-01
1.590000e+11 8.082693e-01 1.917168e-01 -1.290660e-01 7.745230e-01
1.600000e+11 8.036424e-01 1.862881e-01 -1.849836e-01 7.595518e-01
1.610000e+11 7.921865e-01 1.684572e-01 -2.346333e-01 7.376509e-01
1.620000e+11 7.766495e-01 1.410225e-01 -2.755152e-01 7.123121e-01
1.630000e+11 7.602293e-01 1.072250e-01 -3.068831e-01 6.872221e-01
1.640000e+11 7.457458e-01 6.996441e-02 -3.292877e-01 6.654407e-01
1.650000e+11 7.352132e-01 3.143764e-02 -3.439075e-01 6.490591e-01
1.660000e+11 7.297656e-01 -6.846785e-03 -3.519967e-01 6.392255e-01
1.670000e+11 7.297631e-01 -4.385150e-02 -3.545660e-01 6.363286e-01
1.680000e+11 7.349382e-01 -7.874354e-02 -3.522771e-01 6.401831e-01
1.690000e+11 7.445230e-01 -1.106671e-01 -3.454865e-01 6.501587e-01
1.700000e+11 7.573578e-01 -1.386012e-01 -3.343860e-01 6.652567e-01
1.710000e+11 7.720170e-01 -1.613269e-01 -3.191994e-01 6.841751e-01
1.720000e+11 7.869863e-01 -1.775176e-01 -3.003938e-01 7.054066e-01
1.730000e+11 8.008975e-01 -1.859366e-01 -2.788528e-01 7.273964e-01
1.740000e+11 8.127805e-01 -1.856877e-01 -2.559515e-01 7.487463e-01
1.750000e+11 8.222515e-01 -1.764356e-01 -2.334979e-01 7.684054e-01
1.760000e+11 8.295572e-01 -1.585127e-01 -2.135510e-01 7.857702e-01
1.770000e+11 8.354406e-01 -1.328863e-01 -1.981764e-01 8.006425e-01
1.780000e+11 8.408673e-01 -1.010268e-01 -1.892119e-01 8.130500e-01
1.790000e+11 8.466942e-01 -6.475620e-02 -1.880846e-01 8.229957e-01
1.800000e+11 8.533722e-01 -2.614105e-02 -1.956751e-01 8.302240e-01
1.810000e+11 8.607505e-01 1.256099e-02 -2.121977e-01 8.340898e-01
1.820000e+11 8.680353e-01 4.895015e-02 -2.370826e-01 8.335953e-01
1.830000e+11 8.739333e-01 8.060725e-02 -2.689012e-01 8.276195e-01
1.840000e+11 8.769808e-01 1.053418e-01 -3.054184e-01 8.153024e-01
1.850000e+11 8.759853e-01 1.215355e-01 -3.438552e-01 7.964565e-01
1.860000e+11 8.704283e-01 1.284542e-01 -3.813528e-01 7.718257e-01
1.870000e+11 8.606632e-01 1.263741e-01 -4.155003e-01 7.430546e-01
1.880000e+11 8.478274e-01 1.164436e-01 -4.447252e-01 7.123705e-01
1.890000e+11 8.335340e-01 1.003452e-01 -4.684101e-01 6.821303e-01
1.900000e+11 8.194964e-01 7.990873e-02 -4.867458e-01 6.544214e-01
1.910000e+11 8.072279e-01 5.681436e-02 -5.004389e-01 6.308327e-01
1.920000e+11 7.978755e-01 3.244333e-02 -5.104096e-01 6.124008e-01
1.930000e+11 7.921728e-01 7.859547e-03 -5.175611e-01 5.996720e-01
1.940000e+11 7.904677e-01 -1.612742e-02 -5.226463e-01 5.928068e-01
1.950000e+11 7.927786e-01 -3.886761e-02 -5.262163e-01 5.916786e-01
1.960000e+11 7.988533e-01 -5.977861e-02 -5.286275e-01 5.959414e-01
1.970000e+11 8.082230e-01 -7.827665e-02 -5.300856e-01 6.050673e-01
1.980000e+11 8.202526e-01 -9.374195e-02 -5.307124e-01 6.183616e-01
1.990000e+11 8.341956e-01 -1.055240e-01 -5.306230e-01 6.349695e-01
2.000000e+11 8.492596e-01 -1.129869e-01 -5.300033e-01 6.538902e-01
2.010000e+11 8.646781e-01 -1.155889e-01 -5.291725e-01 6.740058e-01
2.020000e+11 8.797808e-01 -1.129801e-01 -5.286146e-01 6.941300e-01
2.030000e+11 8.940436e-01 -1.050983e-01 -5.289642e-01 7.130675e-01
2.040000e+11 9.071014e-01 -9.223833e-02 -5.309419e-01 7.296752e-01
2.050000e+11 9.187186e-01 -7.508047e-02 -5.352447e-01 7.429131e-01
2.060000e+11 9.287253e-01 -5.466791e-02 -5.424140e-01 7.518837e-01
2.070000e+11 9.369456e-01 -3.233700e-02 -5.527084e-01 7.558669e-01
2.080000e+11 9.431484e-01 -9.606411e-03 -5.660138e-01 7.543640e-01
2.090000e+11 9.470468e-01 1.196533e-02 -5.818189e-01 7.471554e-01
2.100000e+11 9.483543e-01 3.094028e-02 -5.992719e-01 7.343649e-01
2.110000e+11 9.468812e-01 4.615751e-02 -6.173131e-01 7.165040e-01
2.120000e+11 9.426352e-01 5.685551e-02 -6.348580e-01 6.944666e-01
2.130000e+11 9.358863e-01 6.273161e-02 -6.509815e-01 6.694557e-01
2.140000e+11 9.271690e-01 6.392378e-02 -6.650556e-01 6.428508e-01
2.150000e+11 9.172219e-01 6.092408e-02 -6.768086e-01 6.160474e-01
2.160000e+11 9.068869e-01 5.445302e-02 -6.863026e-01 5.903112e-01
2.170000e+11 8.970012e-01 4.533106e-02 -6.938544e-01 5.666765e-01
2.180000e+11 8.883085e-01 3.437497e-02 -6.999310e-01 5.459002e-01
2.190000e+11 8.814016e-01 2.233233e-02 -7.050511e-01 5.284629e-01
2.200000e+11 8.766973e-01 9.852504e-03 -7.097095e-01 5.146002e-01
2.210000e+11 8.744351e-01 -2.514991e-03 -7.143289e-01 5.043458e-01
2.220000e+11 8.746914e-01 -1.430681e-02 -7.192367e-01 4.975731e-01
2.230000e+11 8.773998e-01 -2.512703e-02 -7.246616e-01 4.940290e-01
2.240000e+11 8.823739e-01 -3.463101e-02 -7.307413e-01 4.933575e-01
2.250000e+11 8.893310e-01 -4.251649e-02 -7.375382e-01 4.951155e-01
2.260000e+11 8.979144e-01 -4.852395e-02 -7.450574e-01 4.987837e-01
2.270000e+11 9.077163e-01 -5.244642e-02 -7.532642e-01 5.037771e-01
2.280000e+11 9.183006e-01 -5.414649e-02 -7.620995e-01 5.094590e-01
2.290000e+11 9.292242e-01 -5.357707e-02 -7.714893e-01 5.151615e-01
2.300000e+11 9.400568e-01 -5.080092e-02 -7.813485e-01 5.202120e-01
2.310000e+11 9.503974e-01 -4.600350e-02 -7.915784e-01 5.239681e-01
2.320000e+11 9.598872e-01 -3.949457e-02 -8.020598e-01 5.258552e-01
2.330000e+11 9.682201e-01 -3.169509e-02 -8.126461e-01 5.254063e-01
2.340000e+11 9.751500e-01 -2.310943e-02 -8.231589e-01 5.222957e-01
2.350000e+11 9.804995e-01 -1.428487e-02 -8.333918e-01 5.163654e-01
2.360000e+11 9.841675e-01 -5.764181e-03 -8.431240e-01 5.076361e-01
2.370000e+11 9.861365e-01 1.962180e-03 -8.521413e-01 4.963030e-01
2.380000e+11 9.864769e-01 8.496606e-03 -8.602628e-01 4.827136e-01
2.390000e+11 9.853450e-01 1.356188e-02 -8.673651e-01 4.673312e-01
2.400000e+11 9.829735e-01 1.701244e-02 -8.734000e-01 4.506882e-01
2.410000e+11 9.796546e-01 1.882965e-02 -8.784006e-01 4.333371e-01
2.420000e+11 9.757163e-01 1.910417e-02 -8.824756e-01 4.158053e-01
2.430000e+11 9.714961e-01 1.801039e-02 -8.857939e-01 3.985591e-01
2.440000e+11 9.673167e-01 1.577836e-02 -8.885628e-01 3.819801e-01
2.450000e+11 9.634644e-01 1.266737e-02 -8.910044e-01 3.663528e-01
2.460000e+11 9.601746e-01 8.944062e-03 -8.933346e-01 3.518643e-01
2.470000e+11 9.576225e-01 4.866038e-03 -8.957459e-01 3.386095e-01
2.480000e+11 9.559207e-01 6.707940e-04 -8.983954e-01 3.266030e-01
2.490000e+11 9.551212e-01 -3.431110e-03 -9.013992e-01 3.157913e-01
2.500000e+11 9.552210e-01 -7.259847e-03 -9.048301e-01 3.060668e-01
2.510000e+11 9.561701e-01 -1.066825e-02 -9.087198e-01 2.972807e-01
2.520000e+11 9.578809e-01 -1.354275e-02 -9.130630e-01 2.892548e-01
2.530000e+11 9.602380e-01 -1.580363e-02 -9.178234e-01 2.817932e-01
2.540000e+11 9.631086e-01 -1.740498e-02 -9.229406e-01 2.746924e-01
2.550000e+11 9.663514e-01 -1.833387e-02 -9.283363e-01 2.677509e-01
2.560000e+11 9.698251e-01 -1.860876e-02 -9.339214e-01 2.607782e-01
2.570000e+11 9.733959e-01 -1.827676e-02 -9.396016e-01 2.536028e-01
2.580000e+11 9.769430e-01 -1.740963e-02 -9.452829e-01 2.460788e-01
2.590000e+11 9.803629e-01 -1.609851e-02 -9.508758e-01 2.380912e-01
2.600000e+11 9.835720e-01 -1.444771e-02 -9.562991e-01 2.295585e-01
2.610000e+11 9.865079e-01 -1.256791e-02 -9.614825e-01 2.204342e-01
2.620000e+11 9.891292e-01 -1.056934e-02 -9.663686e-01 2.107052e-01
2.630000e+11 9.914139e-01 -8.555490e-03 -9.709133e-01 2.003890e-01
2.640000e+11 9.933573e-01 -6.617863e-03 -9.750866e-01 1.895282e-01
2.650000e+11 9.949688e-01 -4.832090e-03 -9.788716e-01 1.781850e-01
2.660000e+11 9.962687e-01 -3.255651e-03 -9.822628e-01 1.664348e-01
2.670000e+11 9.972848e-01 -1.927150e-03 -9.852647e-01 1.543594e-01
2.680000e+11 9.980488e-01 -8.670308e-04 -9.878891e-01 1.420414e-01
2.690000e+11 9.985933e-01 -7.944338e-05 -9.901530e-01 1.295593e-01
2.700000e+11 9.989498e-01 4.450461e-04 -9.920763e-01 1.169838e-01
2.710000e+11 9.991464e-01 7.262562e-04 -9.936795e-01 1.043750e-01
2.720000e+11 9.992071e-01 7.910168e-04 -9.949826e-01 9.178170e-02
2.730000e+11 9.991512e-01 6.698999e-04 -9.960038e-01 7.924072e-02
2.740000e+11 9.989934e-01 3.942770e-04 -9.967589e-01 6.677804e-02
2.750000e+11 9.987445e-01 -6.130194e-06 -9.972613e-01 5.441008e-02
2.760000e+11 9.984119e-01 -5.050961e-04 -9.975218e-01 4.214575e-02
2.770000e+11 9.980007e-01 -1.081073e-03 -9.975494e-01 2.998863e-02
2.780000e+11 9.975142e-01 -1.717694e-03 -9.973514e-01 1.793926e-02
2.790000e+11 9.969551e-01 -2.403622e-03 -9.969341e-01 5.997264e-03
2.800000e+11 9.963250e-01 -3.131816e-03 -9.963030e-01 -5.836750e-03
2.810000e+11 9.956255e-01 -3.898305e-03 -9.954631e-01 -1.755973e-02
2.820000e+11 9.948579e-01 -4.700603e-03 -9.944192e-01 -2.916523e-02
2.830000e+11 9.940228e-01 -5.535914e-03 -9.931761e-01 -4.064298e-02
2.840000e+11 9.931209e-01 -6.399282e-03 -9.917390e-01 -5.197917e-02
2.850000e+11 9.921523e-01 -7.281869e-03 -9.901133e-01 -6.315721e-02
2.860000e+11 9.911175e-01 -8.169518e-03 -9.883054e-01 -7.415920e-02
2.870000e+11 9.900175e-01 -9.041754e-03 -9.863232e-01 -8.496780e-02
2.880000e+11 9.888549e-01 -9.871362e-03 -9.841764e-01 -9.556860e-02
2.890000e+11 9.876350e-01 -1.062464e-02 -9.818778e-01 -1.059527e-01
2.900000e+11 9.863671e-01 -1.126237e-02 -9.794435e-01 -1.161191e-01
2.910000e+11 9.850658e-01 -1.174151e-02 -9.768937e-01 -1.260778e-01
2.920000e+11 9.837524e-01 -1.201755e-02 -9.742530e-01 -1.358510e-01
2.930000e+11 9.824555e-01 -1.204744e-02 -9.715506e-01 -1.454754e-01
2.940000e+11 9.812117e-01 -1.179279e-02 -9.688197e-01 -1.550023e-01
2.950000e+11 9.800652e-01 -1.122334e-02 -9.660964e-01 -1.644975e-01
2.960000e+11 9.790663e-01 -1.032034e-02 -9.634181e-01 -1.740402e-01
2.970000e+11 9.782698e-01 -9.079573e-03 -9.608207e-01 -1.837200e-01
2.980000e+11 9.777313e-01 -7.514065e-03 -9.583361e-01 -1.936337e-01
2.990000e+11 9.775031e-01 -5.656078e-03 -9.559880e-01 -2.038806e-01
3.000000e+11 9.776294e-01 -3.558449e-03 -9.537883e-01 -2.145566e-01
3.010000e+11 9.781409e-01 -1.295116e-03 -9.517330e-01 -2.257480e-01
3.020000e+11 9.790487e-01 1.039283e-03 -9.497987e-01 -2.375242e-01
3.030000e+11 9.803397e-01 3.330882e-03 -9.479397e-01 -2.499300e-01
3.040000e+11 9.819713e-01 5.449349e-03 -9.460871e-01 -2.629776e-01
3.050000e+11 9.838695e-01 7.252235e-03 -9.441490e-01 -2.766392e-01
3.060000e+11 9.859270e-01 8.591213e-03 -9.420140e-01 -2.908402e-01
3.070000e+11 9.880061e-01 9.320420e-03 -9.395567e-01 -3.054546e-01
3.080000e+11 9.899428e-01 9.306955e-03 -9.366461e-01 -3.203032e-01
3.090000e+11 9.915551e-01 8.443177e-03 -9.331561e-01 -3.351566e-01
3.100000e+11 9.926537e-01 6.659969e-03 -9.289765e-01 -3.497424e-01
3.110000e+11 9.930550e-01 3.939588e-03 -9.240247e-01 -3.637597e-01
3.120000e+11 9.925942e-01 3.262392e-04 -9.182546e-01 -3.768974e-01
3.130000e+11 9.911387e-01 -4.067637e-03 -9.116626e-01 -3.888582e-01
3.140000e+11 9.885987e-01 -9.061191e-03 -9.042885e-01 -3.993840e-01
3.150000e+11 9.849359e-01 -1.441217e-02 -8.962131e-01 -4.082806e-01
3.160000e+11 9.801680e-01 -1.983111e-02 -8.875509e-01 -4.154388e-01
3.170000e+11 9.743705e-01 -2.500142e-02 -8.784415e-01 -4.208484e-01
3.180000e+11 9.676755e-01 -2.960303e-02 -8.690401e-01 -4.246044e-01
3.190000e+11 9.602677e-01 -3.333651e-02 -8.595089e-01 -4.269043e-01
3.200000e+11 9.523791e-01 -3.594462e-02 -8.500105e-01 -4.280374e-01
3.210000e+11 9.442809e-01 -3.722878e-02 -8.407032e-01 -4.283672e-01
3.220000e+11 9.362743e-01 -3.705908e-02 -8.317365e-01 -4.283113e-01
3.230000e+11 9.286786e-01 -3.537750e-02 -8.232470e-01 -4.283185e-01
3.240000e+11 9.218180e-01 -3.219570e-02 -8.153534e-01 -4.288480e-01
3.250000e+11 9.160059e-01 -2.758900e-02 -8.081490e-01 -4.303497e-01
3.260000e+11 9.115295e-01 -2.168918e-02 -8.016929e-01 -4.332484e-01
3.270000e+11 9.086326e-01 -1.467830e-02 -7.959997e-01 -4.379294e-01
3.280000e+11 9.074982e-01 -6.785286e-03 -7.910285e-01 -4.447256e-01
3.290000e+11 9.082314e-01 1.713715e-03 -7.866723e-01 -4.539030e-01
3.300000e+11 9.108427e-01 1.049153e-02 -7.827513e-01 -4.656445e-01
3.310000e+11 9.152326e-01 1.916434e-02 -7.790103e-01 -4.800275e-01
3.320000e+11 9.211800e-01 2.728733e-02 -7.751259e-01 -4.969987e-01
3.330000e+11 9.283375e-01 3.435646e-02 -7.707252e-01 -5.163456e-01
3.340000e+11 9.362384e-01 3.982194e-02 -7.654198e-01 -5.376700e-01
3.350000e+11 9.443184e-01 4.311887e-02 -7.588546e-01 -5.603729e-01
3.360000e+11 9.519566e-01 4.371821e-02 -7.507678e-01 -5.836590e-01
3.370000e+11 9.585312e-01 4.119586e-02 -7.410512e-01 -6.065708e-01
3.380000e+11 9.634841e-01 3.531069e-02 -7.297950e-01 -6.280557e-01
3.390000e+11 9.663790e-01 2.607563e-02 -7.173017e-01 -6.470601e-01
3.400000e+11 9.669399e-01 1.380284e-02 -7.040558e-01 -6.626370e-01
3.410000e+11 9.650581e-01 -8.921553e-04 -6.906524e-01 -6.740442e-01
3.420000e+11 9.607706e-01 -1.713306e-02 -6.776987e-01 -6.808165e-01
3.430000e+11 9.542194e-01 -3.386592e-02 -6.657122e-01 -6.827994e-01
3.440000e+11 9.456105e-01 -4.996731e-02 -6.550436e-01 -6.801473e-01
3.450000e+11 9.351883e-01 -6.435836e-02 -6.458407e-01 -6.732941e-01
3.460000e+11 9.232317e-01 -7.610669e-02 -6.380575e-01 -6.629081e-01
3.470000e+11 9.100680e-01 -8.450246e-02 -6.315013e-01 -6.498378e-01
3.480000e+11 8.960934e-01 -8.910015e-02 -6.258996e-01 -6.350545e-01
3.490000e+11 8.817864e-01 -8.972337e-02 -6.209676e-01 -6.195936e-01
3.500000e+11 8.677041e-01 -8.643674e-02 -6.164598e-01 -6.044968e-01
3.510000e+11 8.544607e-01 -7.949410e-02 -6.121958e-01 -5.907623e-01
3.520000e+11 8.426909e-01 -6.927643e-02 -6.080578e-01 -5.793051e-01
3.530000e+11 8.330068e-01 -5.623362e-02 -6.039664e-01 -5.709314e-01
3.540000e+11 8.259539e-01 -4.084130e-02 -5.998393e-01 -5.663256e-01
3.550000e+11 8.219711e-01 -2.358035e-02 -5.955451e-01 -5.660446e-01
3.560000e+11 8.213517e-01 -4.941832e-03 -5.908574e-01 -5.705101e-01
3.570000e+11 8.242057e-01 1.454386e-02 -5.854168e-01 -5.799920e-01
3.580000e+11 8.304191e-01 3.425842e-02 -5.787107e-01 -5.945723e-01
3.590000e+11 8.396130e-01 5.343751e-02 -5.700803e-01 -6.140870e-01
3.600000e+11 8.511125e-01 7.111949e-02 -5.587713e-01 -6.380510e-01
3.610000e+11 8.639450e-01 8.612639e-02 -5.440419e-01 -6.655837e-01
3.620000e+11 8.768952e-01 9.710769e-02 -5.253334e-01 -6.953705e-01
3.630000e+11 8.886388e-01 1.026725e-01 -5.024828e-01 -7.257054e-01
3.640000e+11 8.979532e-01 1.016101e-01 -4.759206e-01 -7.546488e-01
3.650000e+11 9.039594e-01 9.315495e-02 -4.467728e-01 -7.802940e-01
3.660000e+11 9.063093e-01 7.721208e-02 -4.167911e-01 -8.010743e-01
3.670000e+11 9.052322e-01 5.445520e-02 -3.881019e-01 -8.160006e-01
3.680000e+11 9.014061e-01 2.625974e-02 -3.628407e-01 -8.247363e-01
3.690000e+11 8.956997e-01 -5.493776e-03 -3.427919e-01 -8.274910e-01
3.700000e+11 8.888866e-01 -3.866368e-02 -3.291325e-01 -8.248007e-01
3.710000e+11 8.814317e-01 -7.106518e-02 -3.223187e-01 -8.173019e-01
3.720000e+11 8.734102e-01 -1.006345e-01 -3.220974e-01 -8.055876e-01
3.730000e+11 8.645672e-01 -1.255532e-01 -3.276057e-01 -7.901818e-01
3.740000e+11 8.544868e-01 -1.443592e-01 -3.375267e-01 -7.716112e-01
3.750000e+11 8.428142e-01 -1.560508e-01 -3.502858e-01 -7.505224e-01
3.760000e+11 8.294593e-01 -1.601626e-01 -3.642672e-01 -7.277775e-01
3.770000e+11 8.147213e-01 -1.567787e-01 -3.780171e-01 -7.044816e-01
3.780000e+11 7.993004e-01 -1.464586e-01 -3.903923e-01 -6.819273e-01
3.790000e+11 7.842050e-01 -1.300895e-01 -4.006188e-01 -6.614822e-01
3.800000e+11 7.705989e-01 -1.087058e-01 -4.082567e-01 -6.444627e-01
3.810000e+11 7.596374e-01 -8.332965e-02 -4.130890e-01 -6.320306e-01
3.820000e+11 7.523303e-01 -5.487377e-02 -4.149731e-01 -6.251297e-01
3.830000e+11 7.494384e-01 -2.412304e-02 -4.136899e-01 -6.244490e-01
3.840000e+11 7.513893e-01 8.203640e-03 -4.088168e-01 -6.303867e-01
3.850000e+11 7.581926e-01 4.132402e-02 -3.996486e-01 -6.429847e-01
3.860000e+11 7.693381e-01 7.421600e-02 -3.851951e-01 -6.618141e-01
3.870000e+11 7.836935e-01 1.054333e-01 -3.642952e-01 -6.858195e-01
3.880000e+11 7.994571e-01 1.329854e-01 -3.358918e-01 -7.131782e-01
3.890000e+11 8.142684e-01 1.543906e-01 -2.994731e-01 -7.412911e-01
3.900000e+11 8.255786e-01 1.670051e-01 -2.555837e-01 -7.670504e-01
3.910000e+11 8.312765e-01 1.686262e-01 -2.061759e-01 -7.874499e-01
3.920000e+11 8.303697e-01 1.581672e-01 -1.545243e-01 -8.003869e-01
3.930000e+11 8.233698e-01 1.360562e-01 -1.046142e-01 -8.052840e-01
3.940000e+11 8.121357e-01 1.041162e-01 -6.024569e-02 -8.031779e-01
3.950000e+11 7.992477e-01 6.500466e-02 -2.429643e-02 -7.962292e-01
3.960000e+11 7.872438e-01 2.155254e-02 1.560952e-03 -7.869472e-01
3.970000e+11 7.780338e-01 -2.368151e-02 1.671305e-02 -7.774937e-01
3.980000e+11 7.726033e-01 -6.853243e-02 2.126679e-02 -7.692638e-01
3.990000e+11 7.709595e-01 -1.111092e-01 1.575249e-02 -7.627484e-01
4.000000e+11 7.722250e-01 -1.495915e-01 9.888800e-04 -7.575968e-01
4.010000e+11 7.748382e-01 -1.820923e-01 -2.188722e-02 -7.528198e-01
4.020000e+11 7.768684e-01 -2.066887e-01 -5.130689e-02 -7.471090e-01
4.030000e+11 7.764494e-01 -2.216520e-01 -8.519531e-02 -7.392468e-01
4.040000e+11 7.722712e-01 -2.258051e-01 -1.210545e-01 -7.285332e-01
4.050000e+11 7.639772e-01 -2.188400e-01 -1.562398e-01 -7.150939e-01
4.060000e+11 7.523037e-01 -2.014131e-01 -1.883431e-01 -6.999432e-01
4.070000e+11 7.388973e-01 -1.749494e-01 -2.155088e-01 -6.847758e-01
4.080000e+11 7.259055e-01 -1.412485e-01 -2.365402e-01 -6.715924e-01
4.090000e+11 7.155164e-01 -1.020836e-01 -2.507679e-01 -6.623127e-01
4.100000e+11 7.095878e-01 -5.895678e-02 -2.577635e-01 -6.584808e-01
4.110000e+11 7.093925e-01 -1.308172e-02 -2.570238e-01 -6.610638e-01
4.120000e+11 7.154254e-01 3.441552e-02 -2.477362e-01 -6.702804e-01
4.130000e+11 7.271966e-01 8.212801e-02 -2.287236e-01 -6.853871e-01
4.140000e+11 7.429977e-01 1.279275e-01 -1.986736e-01 -7.044210e-01
4.150000e+11 7.597678e-01 1.686398e-01 -1.567412e-01 -7.240442e-01
4.160000e+11 7.733485e-01 2.001507e-01 -1.034701e-01 -7.397983e-01
4.170000e+11 7.794227e-01 2.182384e-01 -4.163883e-02 -7.470863e-01
4.180000e+11 7.750393e-01 2.200286e-01 2.367669e-02 -7.427737e-01
4.190000e+11 7.599465e-01 2.052843e-01 8.628406e-02 -7.265893e-01
4.200000e+11 7.367703e-01 1.765615e-01 1.408013e-01 -7.013071e-01
4.210000e+11 7.098840e-01 1.380726e-01 1.841093e-01 -6.715468e-01
4.220000e+11 6.838167e-01 9.410774e-02 2.155516e-01 -6.420954e-01
4.230000e+11 6.621406e-01 4.795834e-02 2.361420e-01 -6.167391e-01
4.240000e+11 6.471137e-01 1.633967e-03 2.475273e-01 -5.978994e-01
4.250000e+11 6.398125e-01 -4.387462e-02 2.512123e-01 -5.867942e-01
4.260000e+11 6.403957e-01 -8.812228e-02 2.481635e-01 -5.837431e-01
4.270000e+11 6.482848e-01 -1.307243e-01 2.387064e-01 -5.883906e-01
4.280000e+11 6.622054e-01 -1.709319e-01 2.226256e-01 -5.997801e-01
4.290000e+11 6.801455e-01 -2.073078e-01 1.994297e-01 -6.163191e-01
4.300000e+11 6.993682e-01 -2.375833e-01 1.687799e-01 -6.357542e-01
4.310000e+11 7.166651e-01 -2.588317e-01 1.310305e-01 -6.553213e-01
4.320000e+11 7.289820e-01 -2.680534e-01 8.771175e-02 -6.722119e-01
4.330000e+11 7.343204e-01 -2.630584e-01 4.167359e-02 -6.843172e-01
4.340000e+11 7.325125e-01 -2.432374e-01 -3.305941e-03 -6.909408e-01
4.350000e+11 7.253933e-01 -2.097500e-01 -4.331103e-02 -6.930545e-01
4.360000e+11 7.162239e-01 -1.650119e-01 -7.503087e-02 -6.929055e-01
4.370000e+11 7.086910e-01 -1.118526e-01 -9.605165e-02 -6.931855e-01
4.380000e+11 7.059391e-01 -5.288630e-02 -1.046537e-01 -6.961326e-01
4.390000e+11 7.098471e-01 9.570773e-03 -9.940121e-02 -7.027878e-01
4.400000e+11 7.204772e-01 7.302039e-02 -7.892970e-02 -7.124083e-01
4.410000e+11 7.355920e-01 1.339691e-01 -4.229263e-02 -7.220521e-01
4.420000e+11 7.504483e-01 1.872895e-01 9.955574e-03 -7.266334e-01
4.430000e+11 7.585207e-01 2.265679e-01 7.429951e-02 -7.200696e-01
4.440000e+11 7.537249e-01 2.460577e-01 1.436450e-01 -6.977987e-01
4.450000e+11 7.334145e-01 2.435026e-01 2.089208e-01 -6.595115e-01
4.460000e+11 6.999142e-01 2.215669e-01 2.625108e-01 -6.098165e-01
4.470000e+11 6.591638e-01 1.864214e-01 3.009699e-01 -5.560226e-01
4.480000e+11 6.177757e-01 1.447704e-01 3.251090e-01 -5.049678e-01
4.490000e+11 5.808422e-01 1.016426e-01 3.381625e-01 -4.611860e-01
4.500000e+11 5.513521e-01 5.980289e-02 3.438486e-01 -4.268266e-01
4.510000e+11 5.306355e-01 2.020197e-02 3.452634e-01 -4.024414e-01
4.520000e+11 5.190473e-01 -1.731509e-02 3.445376e-01 -3.878197e-01
4.530000e+11 5.164904e-01 -5.342638e-02 3.428761e-01 -3.825492e-01
4.540000e+11 5.226921e-01 -8.893294e-02 3.406947e-01 -3.862966e-01
4.550000e+11 5.372632e-01 -1.244665e-01 3.377235e-01 -3.988768e-01
4.560000e+11 5.595810e-01 -1.602121e-01 3.330577e-01 -4.201614e-01
4.570000e+11 5.885258e-01 -1.955818e-01 3.251999e-01 -4.498393e-01
4.580000e+11 6.221346e-01 -2.288458e-01 3.122042e-01 -4.870416e-01
4.590000e+11 6.573370e-01 -2.568581e-01 2.920787e-01 -5.299113e-01
4.600000e+11 6.900882e-01 -2.751784e-01 2.635608e-01 -5.753558e-01
4.610000e+11 7.162285e-01 -2.789227e-01 2.271417e-01 -6.193481e-01
4.620000e+11 7.330147e-01 -2.642980e-01 1.858133e-01 -6.579746e-01
4.630000e+11 7.405348e-01 -2.300744e-01 1.448794e-01 -6.888160e-01
4.640000e+11 7.419210e-01 -1.779884e-01 1.107463e-01 -7.116896e-01
4.650000e+11 7.420224e-01 -1.118894e-01 8.944244e-02 -7.280646e-01
4.660000e+11 7.452543e-01 -3.657663e-02 8.567365e-02 -7.394093e-01
4.670000e+11 7.535419e-01 4.255452e-02 1.023724e-01 -7.453418e-01
4.680000e+11 7.648508e-01 1.188366e-01 1.399706e-01 -7.424843e-01
4.690000e+11 7.728526e-01 1.836506e-01 1.949164e-01 -7.249697e-01
4.700000e+11 7.688574e-01 2.276115e-01 2.584652e-01 -6.874085e-01
4.710000e+11 7.463868e-01 2.444430e-01 3.182454e-01 -6.293336e-01
4.720000e+11 7.055458e-01 2.348566e-01 3.633790e-01 -5.573086e-01
4.730000e+11 6.529675e-01 2.061957e-01 3.893382e-01 -4.819395e-01
4.740000e+11 5.975455e-01 1.680051e-01 3.982627e-01 -4.125794e-01
4.750000e+11 5.463382e-01 1.278544e-01 3.956435e-01 -3.544078e-01
4.760000e+11 5.032339e-01 8.996736e-02 3.870489e-01 -3.087772e-01
4.770000e+11 4.696112e-01 5.586602e-02 3.766363e-01 -2.748796e-01
4.780000e+11 4.454705e-01 2.549483e-02 3.670269e-01 -2.511677e-01
4.790000e+11 4.302891e-01 -1.929117e-03 3.596955e-01 -2.361442e-01
4.800000e+11 4.235006e-01 -2.743874e-02 3.553888e-01 -2.286890e-01
4.810000e+11 4.247115e-01 -5.209237e-02 3.544188e-01 -2.281524e-01
4.820000e+11 4.337661e-01 -7.687334e-02 3.568202e-01 -2.343562e-01
4.830000e+11 4.507202e-01 -1.026212e-01 3.623934e-01 -2.475655e-01
4.840000e+11 4.757340e-01 -1.299263e-01 3.706532e-01 -2.684366e-01
4.850000e+11 5.088601e-01 -1.589245e-01 3.806979e-01 -2.979106e-01
4.860000e+11 5.496878e-01 -1.889390e-01 3.910311e-01 -3.369769e-01
4.870000e+11 5.968388e-01 -2.179580e-01 3.994402e-01 -3.862102e-01
4.880000e+11 6.474552e-01 -2.420972e-01 4.031569e-01 -4.450301e-01
4.890000e+11 6.970980e-01 -2.554839e-01 3.996307e-01 -5.108512e-01
4.900000e+11 7.406560e-01 -2.512210e-01 3.880580e-01 -5.786798e-01
4.910000e+11 7.743938e-01 -2.236797e-01 3.710776e-01 -6.418369e-01
4.920000e+11 7.979291e-01 -1.711585e-01 3.552407e-01 -6.936855e-01
4.930000e+11 8.140914e-01 -9.724057e-02 3.492177e-01 -7.289281e-01
4.940000e+11 8.259426e-01 -1.042891e-02 3.602274e-01 -7.431748e-01
4.950000e+11 8.327711e-01 7.684343e-02 3.900877e-01 -7.317338e-01
4.960000e+11 8.283853e-01 1.497489e-01 4.324294e-01 -6.905088e-01
4.970000e+11 8.045061e-01 1.951262e-01 4.736500e-01 -6.203318e-01
4.980000e+11 7.579050e-01 2.077897e-01 4.995998e-01 -5.307009e-01
4.990000e+11 6.942777e-01 1.932529e-01 5.037916e-01 -4.368855e-01
5.000000e+11 6.245159e-01 1.630893e-01 4.892790e-01 -3.521760e-01
5.010000e+11 5.583152e-01 1.279758e-01 4.638576e-01 -2.831505e-01
5.020000e+11 5.011599e-01 9.437222e-02 4.348958e-01 -2.304795e-01
5.030000e+11 4.548544e-01 6.491168e-02 4.072577e-01 -1.918860e-01
5.040000e+11 4.191470e-01 3.996791e-02 3.834817e-01 -1.644036e-01
5.050000e+11 3.930038e-01 1.891244e-02 3.646180e-01 -1.454237e-01
5.060000e+11 3.753021e-01 8.052478e-04 3.509495e-01 -1.329869e-01
5.070000e+11 3.651299e-01 -1.530614e-02 3.424462e-01 -1.257625e-01
5.080000e+11 3.618870e-01 -3.028939e-02 3.390117e-01 -1.229464e-01
5.090000e+11 3.653040e-01 -4.491567e-02 3.406048e-01 -1.241691e-01
5.100000e+11 3.754322e-01 -5.987371e-02 3.472891e-01 -1.294401e-01
5.110000e+11 3.926233e-01 -7.577684e-02 3.592407e-01 -1.391298e-01
5.120000e+11 4.174913e-01 -9.313736e-02 3.767146e-01 -1.539822e-01
5.130000e+11 4.508307e-01 -1.122744e-01 3.999618e-01 -1.751381e-01
5.140000e+11 4.934394e-01 -1.331042e-01 4.290684e-01 -2.041224e-01
5.150000e+11 5.457695e-01 -1.547475e-01 4.636957e-01 -2.427011e-01
5.160000e+11 6.073407e-01 -1.749172e-01 5.027451e-01 -2.924279e-01
5.170000e+11 6.759700e-01 -1.892234e-01 5.441165e-01 -3.536483e-01
5.180000e+11 7.471842e-01 -1.909470e-01 5.849479e-01 -4.238624e-01
5.190000e+11 8.145076e-01 -1.723451e-01 6.227136e-01 -4.959309e-01
5.200000e+11 8.709050e-01 -1.283245e-01 6.566773e-01 -5.574794e-01
5.210000e+11 9.101183e-01 -6.144220e-02 6.876519e-01 -5.930219e-01
5.220000e+11 9.261699e-01 1.532556e-02 7.144416e-01 -5.891765e-01
5.230000e+11 9.127644e-01 8.204229e-02 7.300097e-01 -5.417506e-01
5.240000e+11 8.668937e-01 1.219284e-01 7.241282e-01 -4.607347e-01
5.250000e+11 7.943887e-01 1.310137e-01 6.923787e-01 -3.667432e-01
5.260000e+11 7.088678e-01 1.177227e-01 6.407250e-01 -2.794754e-01
5.270000e+11 6.242093e-01 9.413755e-02 5.805148e-01 -2.092318e-01
5.280000e+11 5.490903e-01 6.906784e-02 5.215082e-01 -1.573498e-01
5.290000e+11 4.867619e-01 4.675114e-02 4.692212e-01 -1.207598e-01
5.300000e+11 4.371883e-01 2.837102e-02 4.256835e-01 -9.551030e-02
5.310000e+11 3.989763e-01 1.367959e-02 3.909855e-01 -7.826411e-02
5.320000e+11 3.704609e-01 1.955235e-03 3.644199e-01 -6.660022e-02
5.330000e+11 3.501719e-01 -7.570916e-03 3.451026e-01 -5.888316e-02
5.340000e+11 3.369832e-01 -1.556914e-02 3.322552e-01 -5.405371e-02
5.350000e+11 3.301327e-01 -2.258522e-02 3.253151e-01 -5.145510e-02
5.360000e+11 3.292013e-01 -2.905625e-02 3.239713e-01 -5.071351e-02
5.370000e+11 3.340907e-01 -3.533491e-02 3.281749e-01 -5.166489e-02
5.380000e+11 3.450129e-01 -4.170868e-02 3.381480e-01 -5.431597e-02
5.390000e+11 3.624935e-01 -4.840708e-02 3.543971e-01 -5.883011e-02
5.400000e+11 3.873827e-01 -5.558928e-02 3.777314e-01 -6.552973e-02
5.410000e+11 4.208583e-01 -6.329989e-02 4.092727e-01 -7.490454e-02
5.420000e+11 4.643833e-01 -7.137194e-02 4.504258e-01 -8.760393e-02
5.430000e+11 5.195409e-01 -7.924841e-02 5.027432e-01 -1.043631e-01
5.440000e+11 5.876091e-01 -8.570391e-02 5.675600e-01 -1.257572e-01
5.450000e+11 6.686549e-01 -8.852646e-02 6.451980e-01 -1.515983e-01
5.460000e+11 7.599322e-01 -8.446280e-02 7.335127e-01 -1.797833e-01
5.470000e+11 8.536819e-01 -7.016173e-02 8.257785e-01 -2.047926e-01
5.480000e+11 9.354699e-01 -4.491184e-02 9.087703e-01 -2.173097e-01
5.490000e+11 9.858758e-01 -1.408842e-02 9.636196e-01 -2.078217e-01
5.500000e+11 9.884171e-01 1.143062e-02 9.728335e-01 -1.744499e-01
5.510000e+11 9.405670e-01 2.278614e-02 9.316497e-01 -1.271850e-01
5.520000e+11 8.566755e-01 1.995920e-02 8.526055e-01 -8.098440e-02
5.530000e+11 7.582675e-01 9.438475e-03 7.568490e-01 -4.538733e-02
5.540000e+11 6.625714e-01 -2.349532e-03 6.622025e-01 -2.197919e-02
5.550000e+11 5.786173e-01 -1.207735e-02 5.784344e-01 -8.105644e-03
5.560000e+11 5.091459e-01 -1.894358e-02 5.087932e-01 -4.470908e-04
5.570000e+11 4.536244e-01 -2.331129e-02 4.530112e-01 3.543547e-03
5.580000e+11 4.103120e-01 -2.583715e-02 4.094608e-01 5.497092e-03
5.590000e+11 3.772980e-01 -2.711288e-02 3.762686e-01 6.374751e-03
