# #nu(Hz) #T #rho #c #s
0.000000e+00 1.208333e+00 2.083326e-01 1.190237e+00 0.000000e+00
1.000000e+09 1.629848e-31 1.588132e-31 3.663890e-32 -9.223823e-48
2.000000e+09 9.512362e-32 9.329171e-32 1.857844e-32 -3.096936e-49
3.000000e+09 3.287196e-31 3.261722e-31 4.084444e-32 -7.709479e-48
4.000000e+09 9.684737e-31 9.458780e-31 -2.079807e-31 3.660830e-46
5.000000e+09 1.063420e-31 9.544758e-32 4.688701e-32 -1.156280e-47
6.000000e+09 1.030981e-31 1.008114e-31 2.159367e-32 1.678110e-48
7.000000e+09 1.195167e-30 1.193080e-30 7.061258e-32 1.557544e-46
8.000000e+09 2.432638e-31 2.365706e-31 -5.667137e-32 3.885053e-47
9.000000e+09 1.235136e-31 2.135492e-32 1.216535e-31 1.702262e-48
1.000000e+10 1.217424e-31 1.180877e-31 2.960592e-32 6.215927e-48
1.100000e+10 2.884247e-26 2.884247e-26 1.115646e-29 1.378250e-42
1.200000e+10 1.092122e-31 1.052638e-31 -2.910044e-32 3.169297e-47
1.300000e+10 1.207425e-31 -7.429647e-33 -1.205137e-31 2.157922e-46
1.400000e+10 1.587947e-31 1.507660e-31 4.985352e-32 8.355281e-48
1.500000e+10 1.080813e-30 1.078072e-30 -7.692181e-32 9.969318e-47
1.600000e+10 6.261917e-32 5.931750e-32 -2.006476e-32 4.862912e-48
1.700000e+10 5.630474e-32 3.769326e-32 -4.182633e-32 4.162338e-48
1.800000e+10 2.383772e-31 2.085044e-31 1.155404e-31 5.587603e-47
1.900000e+10 2.609934e-31 2.567543e-31 -4.684807e-32 3.823465e-47
2.000000e+10 4.148634e-32 3.797575e-32 -1.670207e-32 3.895569e-48
2.100000e+10 4.565221e-32 3.574536e-32 -2.839706e-32 -1.329725e-48
2.200000e+10 6.838457e-31 6.526186e-32 6.807245e-31 4.520133e-46
2.300000e+10 1.171522e-31 1.091867e-31 -4.246058e-32 2.635287e-47
2.400000e+10 3.062803e-32 2.613362e-32 -1.597216e-32 8.240342e-49
2.500000e+10 4.059746e-32 3.229866e-32 -2.459574e-32 3.571662e-49
2.600000e+10 9.338168e-31 6.522744e-31 -6.682454e-31 -2.427994e-46
2.700000e+10 7.313405e-32 5.504150e-32 -4.815623e-32 1.867857e-47
2.800000e+10 2.505050e-32 1.841143e-32 -1.698666e-32 -1.014488e-48
2.900000e+10 3.810437e-32 2.907785e-32 -2.462563e-32 -1.386604e-48
3.000000e+10 2.757737e-30 2.680395e-30 -6.485336e-31 -1.631445e-45
3.100000e+10 6.634525e-32 1.821822e-32 -6.379489e-32 3.265085e-48
3.200000e+10 2.299967e-32 1.224266e-32 -1.947054e-32 -8.816017e-49
3.300000e+10 3.761713e-32 2.599350e-32 -2.719166e-32 7.776271e-48
3.400000e+10 9.142409e-29 9.136478e-29 -3.292442e-30 -2.047996e-44
3.500000e+10 9.749961e-32 -3.548172e-32 -9.081421e-32 -1.527297e-47
3.600000e+10 2.392717e-32 6.132193e-33 -2.312803e-32 3.145509e-48
3.700000e+10 3.920987e-32 2.271955e-32 -3.195678e-32 1.731323e-48
3.800000e+10 7.418490e-30 7.350232e-30 1.004034e-30 -3.868135e-45
3.900000e+10 1.666767e-31 -1.173619e-31 -1.183525e-31 -3.089162e-47
4.000000e+10 2.713541e-32 -2.678297e-34 -2.713409e-32 2.260184e-48
4.100000e+10 4.306715e-32 1.910723e-32 -3.859655e-32 -7.798857e-49
4.200000e+10 1.600976e-30 1.501257e-30 5.561953e-31 -1.694188e-45
4.300000e+10 1.911554e-31 -1.492686e-31 -1.194122e-31 -1.506391e-46
4.400000e+10 3.056311e-32 -5.444603e-33 -3.007424e-32 -5.891162e-49
4.500000e+10 4.887039e-32 1.579864e-32 -4.624628e-32 1.211960e-47
4.600000e+10 7.824362e-31 6.116582e-31 4.879350e-31 -9.077924e-46
4.700000e+10 1.427286e-31 -1.050948e-31 -9.657407e-32 5.319233e-47
4.800000e+10 3.160001e-32 -7.052546e-33 -3.080296e-32 -2.671627e-48
4.900000e+10 5.529429e-32 1.484069e-32 -5.326549e-32 -1.834338e-47
5.000000e+10 5.750987e-31 2.520481e-31 5.169238e-31 -6.880534e-46
5.100000e+10 9.239132e-32 -5.686707e-32 -7.281684e-32 1.314635e-47
5.200000e+10 2.964885e-32 -4.563164e-33 -2.929559e-32 -1.163508e-48
5.300000e+10 6.069633e-32 1.929145e-32 -5.754898e-32 -3.715726e-48
5.400000e+10 5.783599e-31 -1.268110e-32 5.782209e-31 -5.313341e-46
5.500000e+10 6.237020e-32 -2.731470e-32 -5.607093e-32 -1.981338e-47
5.600000e+10 2.644443e-32 3.975314e-34 -2.644144e-32 -3.125306e-48
5.700000e+10 6.565792e-32 3.139266e-32 -5.766683e-32 -1.369924e-47
5.800000e+10 5.621999e-31 -1.415934e-31 5.440772e-31 -6.785222e-46
5.900000e+10 4.737221e-32 -1.134142e-32 -4.599455e-32 -1.975681e-47
6.000000e+10 2.414001e-32 6.003932e-33 -2.338146e-32 -3.728338e-48
6.100000e+10 7.534544e-32 5.205379e-32 -5.447328e-32 1.852699e-48
6.200000e+10 3.457259e-31 -1.566261e-32 3.453710e-31 -4.644888e-46
6.300000e+10 4.176418e-32 -3.291767e-33 -4.163426e-32 4.010867e-48
6.400000e+10 2.404706e-32 1.161827e-32 -2.105414e-32 -4.664408e-48
6.500000e+10 9.994830e-32 8.591971e-32 -5.106337e-32 -2.599197e-47
6.600000e+10 1.903737e-31 7.877667e-32 1.733101e-31 -1.210671e-46
6.700000e+10 4.379120e-32 -1.177782e-33 -4.377536e-32 -1.990679e-47
6.800000e+10 2.688152e-32 1.784759e-32 -2.010173e-32 -7.047811e-48
6.900000e+10 1.623964e-31 1.541168e-31 -5.119194e-32 -2.382923e-47
7.000000e+10 1.304225e-31 9.603360e-32 8.824729e-32 -7.323115e-47
7.100000e+10 6.110960e-32 -1.214858e-32 -5.988986e-32 1.243873e-47
7.200000e+10 3.375762e-32 2.629152e-32 -2.117388e-32 -6.423584e-48
7.300000e+10 3.532836e-31 3.480704e-31 -6.046709e-32 -6.086440e-47
7.400000e+10 1.045158e-31 9.175558e-32 5.004472e-32 -1.468778e-48
7.500000e+10 3.332280e-31 -2.747576e-31 -1.885448e-31 -4.445161e-46
7.600000e+10 4.764934e-32 4.010559e-32 -2.572937e-32 -6.664998e-48
7.700000e+10 1.433031e-30 1.429319e-30 -1.030835e-31 -1.629185e-46
7.800000e+10 9.073838e-32 8.485270e-32 3.214767e-32 -7.152124e-48
7.900000e+10 1.090277e-31 -3.607607e-32 1.028861e-31 -6.543269e-47
