# #nu(Hz) #T #rho #c #s
0.000000e+00 1.000000e+00 0.000000e+00 1.000000e+00 0.000000e+00
1.000000e+09 9.725000e-01 1.418557e-02 9.703305e-01 -6.335468e-02
2.000000e+09 9.013071e-01 4.811610e-02 8.938991e-01 -1.048035e-01
3.000000e+09 8.098381e-01 8.521443e-02 7.965726e-01 -1.185259e-01
4.000000e+09 7.174775e-01 1.144022e-01 6.993923e-01 -1.119664e-01
5.000000e+09 6.343486e-01 1.328925e-01 6.129243e-01 -9.519180e-02
6.000000e+09 5.638425e-01 1.424781e-01 5.403210e-01 -7.530973e-02
7.000000e+09 5.060053e-01 1.461074e-01 4.812056e-01 -5.599236e-02
8.000000e+09 4.596044e-01 1.463463e-01 4.339649e-01 -3.864507e-02
9.000000e+09 4.231067e-01 1.450235e-01 3.967815e-01 -2.349280e-02
1.000000e+10 3.950802e-01 1.433258e-01 3.680233e-01 -1.024107e-02
1.100000e+10 3.743359e-01 1.419896e-01 3.463579e-01 1.591501e-03
1.200000e+10 3.599587e-01 1.414667e-01 3.307574e-01 1.253015e-02
1.300000e+10 3.512968e-01 1.420418e-01 3.204686e-01 2.309706e-02
1.400000e+10 3.479404e-01 1.439074e-01 3.149762e-01 3.381021e-02
1.500000e+10 3.497003e-01 1.472075e-01 3.139696e-01 4.520386e-02
1.600000e+10 3.565920e-01 1.520568e-01 3.173151e-01 5.785969e-02
1.700000e+10 3.688227e-01 1.585394e-01 3.250343e-01 7.244435e-02
1.800000e+10 3.867790e-01 1.666838e-01 3.372824e-01 8.975030e-02
1.900000e+10 4.110065e-01 1.764045e-01 3.543243e-01 1.107344e-01
2.000000e+10 4.421675e-01 1.873949e-01 3.764996e-01 1.365405e-01
2.100000e+10 4.809598e-01 1.989485e-01 4.041748e-01 1.684770e-01
2.200000e+10 5.279730e-01 2.096922e-01 4.376839e-01 2.078882e-01
2.300000e+10 5.834706e-01 2.172442e-01 4.772834e-01 2.558190e-01
2.400000e+10 6.471024e-01 2.179096e-01 5.231720e-01 3.123268e-01
2.500000e+10 7.175758e-01 2.067285e-01 5.756144e-01 3.752950e-01
2.600000e+10 7.922094e-01 1.784941e-01 6.349970e-01 4.387645e-01
2.700000e+10 8.659733e-01 1.305375e-01 7.010389e-01 4.913391e-01
2.800000e+10 9.294834e-01 6.739234e-02 7.697887e-01 5.165490e-01
2.900000e+10 9.673969e-01 4.439785e-03 8.288608e-01 4.988255e-01
3.000000e+10 9.631021e-01 -3.680871e-02 8.579000e-01 4.361404e-01
3.100000e+10 9.119798e-01 -4.404346e-02 8.419962e-01 3.475771e-01
3.200000e+10 8.283285e-01 -2.372569e-02 7.857702e-01 2.610181e-01
3.300000e+10 7.343978e-01 8.090131e-03 7.083110e-01 1.938305e-01
3.400000e+10 6.465471e-01 3.905013e-02 6.279958e-01 1.487265e-01
3.500000e+10 5.719414e-01 6.409308e-02 5.552913e-01 1.210809e-01
3.600000e+10 5.117819e-01 8.280548e-02 4.939398e-01 1.052968e-01
3.700000e+10 4.647422e-01 9.653751e-02 4.441042e-01 9.714570e-02
3.800000e+10 4.288618e-01 1.069129e-01 4.045574e-01 9.394388e-02
3.900000e+10 4.023154e-01 1.153151e-01 3.737614e-01 9.414109e-02
4.000000e+10 3.836427e-01 1.228036e-01 3.502967e-01 9.691883e-02
4.100000e+10 3.717713e-01 1.301683e-01 3.329904e-01 1.019188e-01
4.200000e+10 3.659737e-01 1.380081e-01 3.209223e-01 1.090841e-01
4.300000e+10 3.658148e-01 1.467948e-01 3.133870e-01 1.185763e-01
4.400000e+10 3.711029e-01 1.569148e-01 3.098431e-01 1.307379e-01
4.500000e+10 3.818457e-01 1.686855e-01 3.098564e-01 1.460835e-01
4.600000e+10 3.982041e-01 1.823418e-01 3.130383e-01 1.653026e-01
4.700000e+10 4.204303e-01 1.979840e-01 3.189727e-01 1.892628e-01
4.800000e+10 4.487759e-01 2.154705e-01 3.271305e-01 2.189930e-01
4.900000e+10 4.833499e-01 2.342393e-01 3.367773e-01 2.556173e-01
5.000000e+10 5.239222e-01 2.530473e-01 3.469036e-01 3.001990e-01
5.100000e+10 5.696999e-01 2.696581e-01 3.562485e-01 3.534536e-01
5.200000e+10 6.191793e-01 2.805896e-01 3.635408e-01 4.153198e-01
5.300000e+10 6.702592e-01 2.811494e-01 3.680951e-01 4.844671e-01
5.400000e+10 7.207725e-01 2.660411e-01 3.707743e-01 5.579082e-01
5.500000e+10 7.692801e-01 2.307037e-01 3.749818e-01 6.308378e-01
5.600000e+10 8.153498e-01 1.732741e-01 3.868702e-01 6.964933e-01
5.700000e+10 8.581448e-01 9.695343e-02 4.136102e-01 7.456132e-01
5.800000e+10 8.930192e-01 1.239503e-02 4.587633e-01 7.660717e-01
5.900000e+10 9.089610e-01 -6.198685e-02 5.158665e-01 7.458213e-01
6.000000e+10 8.929702e-01 -1.064866e-01 5.666931e-01 6.818470e-01
6.100000e+10 8.416449e-01 -1.127867e-01 5.916740e-01 5.878497e-01
6.200000e+10 7.664642e-01 -8.936854e-02 5.845005e-01 4.876882e-01
6.300000e+10 6.849667e-01 -5.229372e-02 5.534440e-01 4.001806e-01
6.400000e+10 6.100886e-01 -1.401887e-02 5.113009e-01 3.325402e-01
6.500000e+10 5.475282e-01 1.968345e-02 4.677501e-01 2.839182e-01
6.600000e+10 4.981823e-01 4.759986e-02 4.279309e-01 2.505893e-01
6.700000e+10 4.608772e-01 7.053829e-02 3.938049e-01 2.288009e-01
6.800000e+10 4.339338e-01 8.987238e-02 3.656581e-01 2.156748e-01
6.900000e+10 4.158216e-01 1.069440e-01 3.430476e-01 2.092582e-01
7.000000e+10 4.053554e-01 1.228901e-01 3.252780e-01 2.083392e-01
7.100000e+10 4.017062e-01 1.386326e-01 3.116034e-01 2.122550e-01
7.200000e+10 4.043512e-01 1.549091e-01 3.012874e-01 2.207463e-01
7.300000e+10 4.130026e-01 1.722967e-01 2.935925e-01 2.338556e-01
7.400000e+10 4.275259e-01 1.912069e-01 2.877317e-01 2.518506e-01
7.500000e+10 4.478377e-01 2.118349e-01 2.828008e-01 2.751513e-01
7.600000e+10 4.737704e-01 2.340527e-01 2.777039e-01 3.042339e-01
7.700000e+10 5.048944e-01 2.572373e-01 2.711000e-01 3.394879e-01
7.800000e+10 5.403105e-01 2.800490e-01 2.614188e-01 3.810093e-01
7.900000e+10 5.784771e-01 3.002222e-01 2.470215e-01 4.283490e-01
8.000000e+10 6.172044e-01 3.145042e-01 2.265851e-01 4.802995e-01
8.100000e+10 6.539905e-01 3.189238e-01 1.997213e-01 5.348856e-01
8.200000e+10 6.867756e-01 3.094845e-01 1.676745e-01 5.897163e-01
8.300000e+10 7.148881e-01 2.831240e-01 1.337820e-01 6.426572e-01
8.400000e+10 7.396203e-01 2.385290e-01 1.034170e-01 6.924211e-01
8.500000e+10 7.638208e-01 1.765275e-01 8.341203e-02 7.384461e-01
8.600000e+10 7.902370e-01 1.003456e-01 8.110601e-02 7.796327e-01
8.700000e+10 8.188249e-01 1.641340e-02 1.027458e-01 8.121872e-01
8.800000e+10 8.440324e-01 -6.433569e-02 1.504176e-01 8.280255e-01
8.900000e+10 8.547137e-01 -1.269659e-01 2.178038e-01 8.166864e-01
9.000000e+10 8.398281e-01 -1.581751e-01 2.890214e-01 7.725015e-01
9.100000e+10 7.972889e-01 -1.547757e-01 3.456942e-01 7.015765e-01
9.200000e+10 7.362688e-01 -1.255870e-01 3.776899e-01 6.194110e-01
9.300000e+10 6.702089e-01 -8.410598e-02 3.862749e-01 5.412004e-01
9.400000e+10 6.093457e-01 -4.080061e-02 3.788078e-01 4.755441e-01
9.500000e+10 5.586654e-01 -9.167800e-04 3.628542e-01 4.247858e-01
9.600000e+10 5.194075e-01 3.410132e-02 3.437154e-01 3.879188e-01
9.700000e+10 4.910100e-01 6.470822e-02 3.243823e-01 3.628771e-01
9.800000e+10 4.723449e-01 9.203383e-02 3.062276e-01 3.476552e-01
9.900000e+10 4.622936e-01 1.172982e-01 2.896436e-01 3.406803e-01
1.000000e+11 4.599419e-01 1.415812e-01 2.744502e-01 3.408496e-01
1.010000e+11 4.645940e-01 1.657414e-01 2.601118e-01 3.474467e-01
1.020000e+11 4.757008e-01 1.903720e-01 2.458350e-01 3.600208e-01
1.030000e+11 4.927422e-01 2.157406e-01 2.306030e-01 3.782501e-01
1.040000e+11 5.150724e-01 2.416898e-01 2.131987e-01 4.017859e-01
1.050000e+11 5.417434e-01 2.674997e-01 1.922614e-01 4.300760e-01
1.060000e+11 5.713434e-01 2.917465e-01 1.664306e-01 4.621884e-01
1.070000e+11 6.019299e-01 3.122397e-01 1.346171e-01 4.966933e-01
1.080000e+11 6.311737e-01 3.261521e-01 9.639096e-02 5.317084e-01
1.090000e+11 6.568019e-01 3.304362e-01 5.238332e-02 5.652049e-01
1.100000e+11 6.772857e-01 3.224775e-01 4.504013e-03 5.955703e-01
1.110000e+11 6.925050e-01 3.007334e-01 -4.419511e-02 6.222294e-01
1.120000e+11 7.040187e-01 2.650273e-01 -8.997717e-02 6.459930e-01
1.130000e+11 7.147289e-01 2.163731e-01 -1.289174e-01 6.688800e-01
1.140000e+11 7.280131e-01 1.565745e-01 -1.571241e-01 6.933971e-01
1.150000e+11 7.465301e-01 8.808620e-02 -1.706319e-01 7.214102e-01
1.160000e+11 7.708219e-01 1.453556e-02 -1.653443e-01 7.527393e-01
1.170000e+11 7.978820e-01 -5.814892e-02 -1.377786e-01 7.837420e-01
1.180000e+11 8.204957e-01 -1.209766e-01 -8.728117e-02 8.068209e-01
1.190000e+11 8.290397e-01 -1.634138e-01 -1.900074e-02 8.125526e-01
1.200000e+11 8.164425e-01 -1.780442e-01 5.547465e-02 7.948593e-01
1.210000e+11 7.830111e-01 -1.651487e-01 1.224760e-01 7.555342e-01
1.220000e+11 7.361947e-01 -1.322954e-01 1.727206e-01 7.033123e-01
1.230000e+11 6.857289e-01 -8.937081e-02 2.040159e-01 6.485480e-01
1.240000e+11 6.392141e-01 -4.409542e-02 2.191694e-01 5.988448e-01
1.250000e+11 6.008074e-01 -6.849222e-04 2.226035e-01 5.580473e-01
1.260000e+11 5.719924e-01 3.938194e-02 2.182262e-01 5.272586e-01
1.270000e+11 5.527639e-01 7.615668e-02 2.087344e-01 5.061404e-01
1.280000e+11 5.424777e-01 1.103229e-01 1.956609e-01 4.937891e-01
1.290000e+11 5.402871e-01 1.426756e-01 1.796400e-01 4.891659e-01
1.300000e+11 5.452966e-01 1.738415e-01 1.606677e-01 4.912366e-01
1.310000e+11 5.565521e-01 2.041141e-01 1.383132e-01 4.989561e-01
1.320000e+11 5.729505e-01 2.333322e-01 1.119025e-01 5.111812e-01
1.330000e+11 5.931263e-01 2.607825e-01 8.071249e-02 5.265708e-01
1.340000e+11 6.153793e-01 2.851536e-01 4.420673e-02 5.435300e-01
1.350000e+11 6.377166e-01 3.046003e-01 2.303797e-03 5.602641e-01
1.360000e+11 6.580736e-01 3.169775e-01 -4.438020e-02 5.749926e-01
1.370000e+11 6.747182e-01 3.202474e-01 -9.442427e-02 5.863194e-01
1.380000e+11 6.867277e-01 3.129517e-01 -1.457286e-01 5.936492e-01
1.390000e+11 6.943338e-01 2.945529e-01 -1.958699e-01 5.974721e-01
1.400000e+11 6.989548e-01 2.654764e-01 -2.425354e-01 5.993635e-01
1.410000e+11 7.028825e-01 2.268512e-01 -2.838167e-01 6.016897e-01
1.420000e+11 7.087488e-01 1.801285e-01 -3.182113e-01 6.071410e-01
1.430000e+11 7.189294e-01 1.268289e-01 -3.443442e-01 6.182241e-01
1.440000e+11 7.349507e-01 6.860825e-02 -3.605551e-01 6.367460e-01
1.450000e+11 7.568642e-01 7.706603e-03 -3.645974e-01 6.632140e-01
1.460000e+11 7.826063e-01 -5.234189e-02 -3.537812e-01 6.961119e-01
1.470000e+11 8.076465e-01 -1.061746e-01 -3.259105e-01 7.313017e-01
1.480000e+11 8.256186e-01 -1.470295e-01 -2.810305e-01 7.622665e-01
1.490000e+11 8.304812e-01 -1.687343e-01 -2.230749e-01 7.819625e-01
1.500000e+11 8.194554e-01 -1.685167e-01 -1.597345e-01 7.858716e-01
1.510000e+11 7.945610e-01 -1.484565e-01 -9.988606e-02 7.741515e-01
1.520000e+11 7.613948e-01 -1.142161e-01 -5.032459e-02 7.510953e-01
1.530000e+11 7.263603e-01 -7.225043e-02 -1.418931e-02 7.226187e-01
1.540000e+11 6.945169e-01 -2.766214e-02 8.466296e-03 6.939141e-01
1.550000e+11 6.688979e-01 1.645131e-02 1.919583e-02 6.684200e-01
1.560000e+11 6.508152e-01 5.863861e-02 1.991823e-02 6.478620e-01
1.570000e+11 6.404347e-01 9.843615e-02 1.226166e-02 6.327058e-01
1.580000e+11 6.372413e-01 1.357925e-01 -2.633479e-03 6.225993e-01
1.590000e+11 6.403063e-01 1.706684e-01 -2.405916e-02 6.166730e-01
1.600000e+11 6.484050e-01 2.027900e-01 -5.157010e-02 6.137148e-01
1.610000e+11 6.600623e-01 2.315197e-01 -8.477024e-02 6.122866e-01
1.620000e+11 6.736040e-01 2.558370e-01 -1.230969e-01 6.108494e-01
1.630000e+11 6.872757e-01 2.744368e-01 -1.656469e-01 6.079420e-01
1.640000e+11 6.994570e-01 2.859436e-01 -2.111003e-01 6.024226e-01
1.650000e+11 7.089433e-01 2.892011e-01 -2.577879e-01 5.937245e-01
1.660000e+11 7.152108e-01 2.835469e-01 -3.039039e-01 5.820396e-01
1.670000e+11 7.185543e-01 2.689621e-01 -3.477941e-01 5.683475e-01
1.680000e+11 7.200328e-01 2.460385e-01 -3.882006e-01 5.542676e-01
1.690000e+11 7.212374e-01 2.157876e-01 -4.243591e-01 5.417918e-01
1.700000e+11 7.239653e-01 1.793986e-01 -4.559137e-01 5.329960e-01
1.710000e+11 7.298868e-01 1.380623e-01 -4.826858e-01 5.297999e-01
1.720000e+11 7.402442e-01 9.294511e-02 -5.043777e-01 5.337844e-01
1.730000e+11 7.555742e-01 4.533853e-02 -5.202970e-01 5.460108e-01
1.740000e+11 7.754306e-01 -3.044197e-03 -5.291979e-01 5.667741e-01
1.750000e+11 7.981435e-01 -4.972972e-02 -5.293586e-01 5.952642e-01
1.760000e+11 8.207670e-01 -9.131121e-02 -5.190207e-01 6.292362e-01
1.770000e+11 8.394671e-01 -1.237243e-01 -4.972133e-01 6.649633e-01
1.780000e+11 8.505046e-01 -1.431421e-01 -4.646945e-01 6.978019e-01
1.790000e+11 8.515573e-01 -1.472364e-01 -4.244301e-01 7.234158e-01
1.800000e+11 8.426643e-01 -1.360871e-01 -3.811107e-01 7.391334e-01
1.810000e+11 8.261555e-01 -1.120987e-01 -3.398520e-01 7.446257e-01
1.820000e+11 8.056429e-01 -7.900007e-02 -3.048539e-01 7.415414e-01
1.830000e+11 7.847758e-01 -4.062633e-02 -2.787136e-01 7.324897e-01
1.840000e+11 7.663926e-01 -1.170356e-04 -2.624872e-01 7.200404e-01
1.850000e+11 7.522306e-01 4.031278e-02 -2.561466e-01 7.061265e-01
1.860000e+11 7.430091e-01 7.921594e-02 -2.590630e-01 6.918625e-01
1.870000e+11 7.386542e-01 1.156171e-01 -2.703313e-01 6.776162e-01
1.880000e+11 7.385255e-01 1.487369e-01 -2.889184e-01 6.631918e-01
1.890000e+11 7.416050e-01 1.778070e-01 -3.136883e-01 6.480450e-01
1.900000e+11 7.466640e-01 2.019938e-01 -3.433766e-01 6.315047e-01
1.910000e+11 7.524318e-01 2.204260e-01 -3.765744e-01 6.129908e-01
1.920000e+11 7.577785e-01 2.323025e-01 -4.117667e-01 5.922093e-01
1.930000e+11 7.618953e-01 2.370379e-01 -4.474386e-01 5.692944e-01
1.940000e+11 7.644322e-01 2.343893e-01 -4.822286e-01 5.448612e-01
1.950000e+11 7.655511e-01 2.245168e-01 -5.150793e-01 5.199558e-01
1.960000e+11 7.658762e-01 2.079526e-01 -5.453299e-01 4.959207e-01
1.970000e+11 7.663541e-01 1.854997e-01 -5.727146e-01 4.742219e-01
1.980000e+11 7.680666e-01 1.581051e-01 -5.972690e-01 4.562881e-01
1.990000e+11 7.720364e-01 1.267607e-01 -6.191728e-01 4.433926e-01
2.000000e+11 7.790517e-01 9.246800e-02 -6.385693e-01 4.365781e-01
2.010000e+11 7.895175e-01 5.627914e-02 -6.554022e-01 4.365987e-01
2.020000e+11 8.033299e-01 1.939871e-02 -6.693008e-01 4.438459e-01
2.030000e+11 8.197846e-01 -1.669168e-02 -6.795494e-01 4.582366e-01
2.040000e+11 8.375530e-01 -5.015157e-02 -6.851785e-01 4.790722e-01
2.050000e+11 8.547881e-01 -7.882417e-02 -6.852016e-01 5.049240e-01
2.060000e+11 8.694129e-01 -1.004693e-01 -6.789778e-01 5.336420e-01
2.070000e+11 8.795755e-01 -1.131775e-01 -6.665954e-01 5.625785e-01
2.080000e+11 8.841423e-01 -1.158366e-01 -6.491027e-01 5.890290e-01
2.090000e+11 8.830168e-01 -1.084408e-01 -6.284423e-01 6.107532e-01
2.100000e+11 8.771291e-01 -9.208269e-02 -6.070823e-01 6.263603e-01
2.110000e+11 8.681064e-01 -6.864038e-02 -5.875063e-01 6.354003e-01
2.120000e+11 8.577988e-01 -4.032903e-02 -5.717758e-01 6.381729e-01
2.130000e+11 8.478567e-01 -9.311528e-03 -5.612929e-01 6.353932e-01
2.140000e+11 8.394749e-01 2.252433e-02 -5.567634e-01 6.278736e-01
2.150000e+11 8.333083e-01 5.362469e-02 -5.582850e-01 6.163156e-01
2.160000e+11 8.295103e-01 8.272694e-02 -5.654787e-01 6.012298e-01
2.170000e+11 8.278371e-01 1.087850e-01 -5.776151e-01 5.829588e-01
2.180000e+11 8.277812e-01 1.309112e-01 -5.937242e-01 5.617611e-01
2.190000e+11 8.287127e-01 1.483570e-01 -6.126962e-01 5.379203e-01
2.200000e+11 8.300170e-01 1.605322e-01 -6.333829e-01 5.118435e-01
2.210000e+11 8.312148e-01 1.670475e-01 -6.547027e-01 4.841255e-01
2.220000e+11 8.320486e-01 1.677559e-01 -6.757400e-01 4.555637e-01
2.230000e+11 8.325213e-01 1.627725e-01 -6.958193e-01 4.271210e-01
2.240000e+11 8.328810e-01 1.524617e-01 -7.145381e-01 3.998518e-01
2.250000e+11 8.335582e-01 1.373944e-01 -7.317494e-01 3.748130e-01
2.260000e+11 8.350719e-01 1.182910e-01 -7.475004e-01 3.529809e-01
2.270000e+11 8.379239e-01 9.596900e-02 -7.619418e-01 3.351883e-01
2.280000e+11 8.424983e-01 7.130988e-02 -7.752292e-01 3.220837e-01
2.290000e+11 8.489786e-01 4.525100e-02 -7.874365e-01 3.141031e-01
2.300000e+11 8.572897e-01 1.879651e-02 -7.984951e-01 3.114450e-01
2.310000e+11 8.670724e-01 -6.968024e-03 -8.081741e-01 3.140392e-01
2.320000e+11 8.776984e-01 -3.087827e-02 -8.161072e-01 3.215123e-01
2.330000e+11 8.883367e-01 -5.173202e-02 -8.218691e-01 3.331624e-01
2.340000e+11 8.980711e-01 -6.837931e-02 -8.250922e-01 3.479637e-01
2.350000e+11 9.060568e-01 -7.985388e-02 -8.255974e-01 3.646248e-01
2.360000e+11 9.116819e-01 -8.551552e-02 -8.235004e-01 3.817041e-01
2.370000e+11 9.146867e-01 -8.515841e-02 -8.192560e-01 3.977679e-01
2.380000e+11 9.152031e-01 -7.904678e-02 -8.136184e-01 4.115500e-01
2.390000e+11 9.137022e-01 -6.786523e-02 -8.075287e-01 4.220703e-01
2.400000e+11 9.108710e-01 -5.260361e-02 -8.019651e-01 4.286849e-01
2.410000e+11 9.074615e-01 -3.441674e-02 -7.977984e-01 4.310678e-01
2.420000e+11 9.041547e-01 -1.449834e-02 -7.956865e-01 4.291486e-01
2.430000e+11 9.014670e-01 6.008203e-03 -7.960186e-01 4.230379e-01
2.440000e+11 8.997059e-01 2.605912e-02 -7.989066e-01 4.129646e-01
2.450000e+11 8.989709e-01 4.473016e-02 -8.042117e-01 3.992385e-01
2.460000e+11 8.991874e-01 6.122237e-02 -8.115928e-01 3.822393e-01
2.470000e+11 9.001598e-01 7.486639e-02 -8.205687e-01 3.624219e-01
2.480000e+11 9.016345e-01 8.513198e-02 -8.305866e-01 3.403282e-01
2.490000e+11 9.033612e-01 9.164340e-02 -8.410897e-01 3.165928e-01
2.500000e+11 9.051428e-01 9.419599e-02 -8.515778e-01 2.919345e-01
2.510000e+11 9.068686e-01 9.276791e-02 -8.616528e-01 2.671315e-01
2.520000e+11 9.085234e-01 8.752150e-02 -8.710425e-01 2.429810e-01
2.530000e+11 9.101753e-01 7.879219e-02 -8.796020e-01 2.202525e-01
2.540000e+11 9.119439e-01 6.706643e-02 -8.872926e-01 1.996388e-01
2.550000e+11 9.139594e-01 5.295249e-02 -8.941461e-01 1.817156e-01
2.560000e+11 9.163196e-01 3.714882e-02 -9.002236e-01 1.669098e-01
2.570000e+11 9.190555e-01 2.041249e-02 -9.055787e-01 1.554785e-01
2.580000e+11 9.221120e-01 3.528380e-03 -9.102320e-01 1.474985e-01
2.590000e+11 9.253462e-01 -1.272279e-02 -9.141630e-01 1.428629e-01
2.600000e+11 9.285475e-01 -2.759967e-02 -9.173203e-01 1.412875e-01
2.610000e+11 9.314723e-01 -4.043948e-02 -9.196458e-01 1.423265e-01
2.620000e+11 9.338903e-01 -5.069883e-02 -9.211077e-01 1.454008e-01
2.630000e+11 9.356306e-01 -5.799091e-02 -9.217324e-01 1.498372e-01
2.640000e+11 9.366181e-01 -6.211173e-02 -9.216268e-01 1.549181e-01
2.650000e+11 9.368918e-01 -6.304945e-02 -9.209844e-01 1.599331e-01
2.660000e+11 9.366013e-01 -6.097413e-02 -9.200726e-01 1.642272e-01
2.670000e+11 9.359839e-01 -5.621025e-02 -9.192051e-01 1.672374e-01
2.680000e+11 9.353265e-01 -4.919797e-02 -9.187047e-01 1.685142e-01
2.690000e+11 9.349238e-01 -4.045122e-02 -9.188651e-01 1.677292e-01
2.700000e+11 9.350384e-01 -3.051925e-02 -9.199180e-01 1.646703e-01
2.710000e+11 9.358700e-01 -1.995594e-02 -9.220086e-01 1.592315e-01
2.720000e+11 9.375355e-01 -9.297750e-03 -9.251832e-01 1.514014e-01
2.730000e+11 9.400608e-01 9.511617e-04 -9.293874e-01 1.412534e-01
2.740000e+11 9.433840e-01 1.032963e-02 -9.344737e-01 1.289398e-01
2.750000e+11 9.473659e-01 1.842894e-02 -9.402176e-01 1.146885e-01
2.760000e+11 9.518080e-01 2.490330e-02 -9.463386e-01 9.880069e-02
2.770000e+11 9.564740e-01 2.948221e-02 -9.525268e-01 8.164607e-02
2.780000e+11 9.611122e-01 3.198391e-02 -9.584685e-01 6.365347e-02
2.790000e+11 9.654775e-01 3.232807e-02 -9.638725e-01 4.529467e-02
2.800000e+11 9.693493e-01 3.054480e-02 -9.684900e-01 2.706122e-02
2.810000e+11 9.725442e-01 2.677722e-02 -9.721297e-01 9.435639e-03
2.820000e+11 9.749230e-01 2.127556e-02 -9.746647e-01 -7.140099e-03
2.830000e+11 9.763930e-01 1.438186e-02 -9.760325e-01 -2.229487e-02
2.840000e+11 9.769066e-01 6.506288e-03 -9.762304e-01 -3.575357e-02
2.850000e+11 9.764580e-01 -1.902969e-03 -9.753073e-01 -4.735393e-02
2.860000e+11 9.750819e-01 -1.039280e-02 -9.733559e-01 -5.705291e-02
2.870000e+11 9.728513e-01 -1.853762e-02 -9.705056e-01 -6.492236e-02
2.880000e+11 9.698778e-01 -2.596749e-02 -9.669170e-01 -7.113499e-02
2.890000e+11 9.663111e-01 -3.238907e-02 -9.627776e-01 -7.594289e-02
2.900000e+11 9.623363e-01 -3.759750e-02 -9.582970e-01 -7.965185e-02
2.910000e+11 9.581689e-01 -4.147890e-02 -9.537008e-01 -8.259479e-02
2.920000e+11 9.540458e-01 -4.400439e-02 -9.492227e-01 -8.510729e-02
2.930000e+11 9.502135e-01 -4.521770e-02 -9.450945e-01 -8.750749e-02
2.940000e+11 9.469145e-01 -4.521909e-02 -9.415347e-01 -9.008169e-02
2.950000e+11 9.443730e-01 -4.414807e-02 -9.387376e-01 -9.307555e-02
2.960000e+11 9.427815e-01 -4.216733e-02 -9.368617e-01 -9.669044e-02
2.970000e+11 9.422894e-01 -3.944926e-02 -9.360210e-01 -1.010834e-01
2.980000e+11 9.429937e-01 -3.616577e-02 -9.362770e-01 -1.063692e-01
2.990000e+11 9.449319e-01 -3.248147e-02 -9.376337e-01 -1.126240e-01
3.000000e+11 9.480778e-01 -2.854982e-02 -9.400337e-01 -1.198879e-01
3.010000e+11 9.523395e-01 -2.451139e-02 -9.433571e-01 -1.281676e-01
3.020000e+11 9.575594e-01 -2.049357e-02 -9.474233e-01 -1.374379e-01
3.030000e+11 9.635181e-01 -1.661102e-02 -9.519943e-01 -1.476420e-01
3.040000e+11 9.699406e-01 -1.296610e-02 -9.567829e-01 -1.586921e-01
3.050000e+11 9.765072e-01 -9.649099e-03 -9.614640e-01 -1.704704e-01
3.060000e+11 9.828685e-01 -6.737849e-03 -9.656905e-01 -1.828306e-01
3.070000e+11 9.886650e-01 -4.296899e-03 -9.691129e-01 -1.956022e-01
3.080000e+11 9.935498e-01 -2.376392e-03 -9.714026e-01 -2.085965e-01
3.090000e+11 9.972138e-01 -1.010994e-03 -9.722762e-01 -2.216155e-01
3.100000e+11 9.994106e-01 -2.192612e-04 -9.715188e-01 -2.344625e-01
3.110000e+11 9.999770e-01 -3.753630e-06 -9.690036e-01 -2.469533e-01
3.120000e+11 9.988489e-01 -3.520714e-04 -9.647048e-01 -2.589280e-01
3.130000e+11 9.960675e-01 -1.238743e-03 -9.587016e-01 -2.702595e-01
3.140000e+11 9.917767e-01 -2.627722e-03 -9.511739e-01 -2.808602e-01
3.150000e+11 9.862113e-01 -4.475098e-03 -9.423881e-01 -2.906842e-01
3.160000e+11 9.796777e-01 -6.731589e-03 -9.326777e-01 -2.997255e-01
3.170000e+11 9.725309e-01 -9.344429e-03 -9.224189e-01 -3.080136e-01
3.180000e+11 9.651488e-01 -1.225841e-02 -9.120060e-01 -3.156058e-01
3.190000e+11 9.579085e-01 -1.541594e-02 -9.018281e-01 -3.225788e-01
3.200000e+11 9.511651e-01 -1.875613e-02 -8.922494e-01 -3.290202e-01
3.210000e+11 9.452345e-01 -2.221297e-02 -8.835929e-01 -3.350202e-01
3.220000e+11 9.403809e-01 -2.571287e-02 -8.761291e-01 -3.406653e-01
3.230000e+11 9.368075e-01 -2.917172e-02 -8.700679e-01 -3.460334e-01
3.240000e+11 9.346505e-01 -3.249179e-02 -8.655524e-01 -3.511907e-01
3.250000e+11 9.339761e-01 -3.555901e-02 -8.626555e-01 -3.561916e-01
3.260000e+11 9.347783e-01 -3.824123e-02 -8.613767e-01 -3.610793e-01
3.270000e+11 9.369788e-01 -4.038810e-02 -8.616395e-01 -3.658901e-01
3.280000e+11 9.404297e-01 -4.183370e-02 -8.632906e-01 -3.706581e-01
3.290000e+11 9.449172e-01 -4.240274e-02 -8.660996e-01 -3.754226e-01
3.300000e+11 9.501695e-01 -4.192113e-02 -8.697619e-01 -3.802352e-01
3.310000e+11 9.558680e-01 -4.023140e-02 -8.739057e-01 -3.851673e-01
3.320000e+11 9.616631e-01 -3.721219e-02 -8.781036e-01 -3.903143e-01
3.330000e+11 9.671926e-01 -3.280049e-02 -8.818906e-01 -3.957962e-01
3.340000e+11 9.721028e-01 -2.701338e-02 -8.847876e-01 -4.017525e-01
3.350000e+11 9.760699e-01 -1.996566e-02 -8.863298e-01 -4.083297e-01
3.360000e+11 9.788182e-01 -1.187893e-02 -8.860968e-01 -4.156637e-01
3.370000e+11 9.801361e-01 -3.078934e-03 -8.837434e-01 -4.238570e-01
3.380000e+11 9.798861e-01 6.020752e-03 -8.790264e-01 -4.329585e-01
3.390000e+11 9.780112e-01 1.494766e-02 -8.718261e-01 -4.429465e-01
3.400000e+11 9.745366e-01 2.320858e-02 -8.621596e-01 -4.537221e-01
3.410000e+11 9.695700e-01 3.033152e-02 -8.501847e-01 -4.651150e-01
3.420000e+11 9.632981e-01 3.590510e-02 -8.361945e-01 -4.768992e-01
3.430000e+11 9.559810e-01 3.960987e-02 -8.206013e-01 -4.888192e-01
3.440000e+11 9.479420e-01 4.123756e-02 -8.039125e-01 -5.006177e-01
3.450000e+11 9.395536e-01 4.069706e-02 -7.866999e-01 -5.120625e-01
3.460000e+11 9.312189e-01 3.800842e-02 -7.695657e-01 -5.229653e-01
3.470000e+11 9.233492e-01 3.328834e-02 -7.531089e-01 -5.331909e-01
3.480000e+11 9.163403e-01 2.673167e-02 -7.378952e-01 -5.426561e-01
3.490000e+11 9.105490e-01 1.859330e-02 -7.244316e-01 -5.513191e-01
3.500000e+11 9.062703e-01 9.174248e-03 -7.131467e-01 -5.591632e-01
3.510000e+11 9.037175e-01 -1.186137e-03 -7.043761e-01 -5.661786e-01
3.520000e+11 9.030050e-01 -1.211133e-02 -6.983499e-01 -5.723450e-01
3.530000e+11 9.041341e-01 -2.318346e-02 -6.951816e-01 -5.776189e-01
3.540000e+11 9.069826e-01 -3.393682e-02 -6.948555e-01 -5.819293e-01
3.550000e+11 9.113016e-01 -4.385335e-02 -6.972146e-01 -5.851831e-01
3.560000e+11 9.167202e-01 -5.236589e-02 -7.019489e-01 -5.872832e-01
3.570000e+11 9.227651e-01 -5.887469e-02 -7.085898e-01 -5.881578e-01
3.580000e+11 9.288943e-01 -6.278204e-02 -7.165157e-01 -5.877995e-01
3.590000e+11 9.345484e-01 -6.354580e-02 -7.249746e-01 -5.863059e-01
3.600000e+11 9.392116e-01 -6.074722e-02 -7.331265e-01 -5.839124e-01
3.610000e+11 9.424725e-01 -5.416201e-02 -7.401044e-01 -5.810047e-01
3.620000e+11 9.440708e-01 -4.381897e-02 -7.450832e-01 -5.781008e-01
3.630000e+11 9.439146e-01 -3.003108e-02 -7.473457e-01 -5.758014e-01
3.640000e+11 9.420648e-01 -1.338953e-02 -7.463321e-01 -5.747132e-01
3.650000e+11 9.386895e-01 5.278854e-03 -7.416655e-01 -5.753629e-01
3.660000e+11 9.340036e-01 2.498182e-02 -7.331561e-01 -5.781184e-01
3.670000e+11 9.282137e-01 4.464609e-02 -7.207917e-01 -5.831353e-01
3.680000e+11 9.214824e-01 6.320320e-02 -7.047243e-01 -5.903378e-01
3.690000e+11 9.139225e-01 7.966778e-02 -6.852608e-01 -5.994373e-01
3.700000e+11 9.056191e-01 9.320303e-02 -6.628576e-01 -6.099828e-01
3.710000e+11 8.966689e-01 1.031696e-01 -6.381143e-01 -6.214349e-01
3.720000e+11 8.872245e-01 1.091549e-01 -6.117599e-01 -6.332474e-01
3.730000e+11 8.775283e-01 1.109794e-01 -5.846252e-01 -6.449440e-01
3.740000e+11 8.679264e-01 1.086808e-01 -5.576022e-01 -6.561741e-01
3.750000e+11 8.588595e-01 1.024781e-01 -5.315957e-01 -6.667412e-01
3.760000e+11 8.508330e-01 9.272456e-02 -5.074765e-01 -6.765993e-01
3.770000e+11 8.443738e-01 7.985848e-02 -4.860426e-01 -6.858224e-01
3.780000e+11 8.399815e-01 6.436405e-02 -4.679949e-01 -6.945553e-01
3.790000e+11 8.380790e-01 4.674868e-02 -4.539246e-01 -7.029533e-01
3.800000e+11 8.389645e-01 2.754227e-02 -4.443081e-01 -7.111211e-01
3.810000e+11 8.427657e-01 7.318595e-03 -4.394991e-01 -7.190556e-01
3.820000e+11 8.493940e-01 -1.326505e-02 -4.397096e-01 -7.266015e-01
3.830000e+11 8.585031e-01 -3.341885e-02 -4.449714e-01 -7.334242e-01
3.840000e+11 8.694597e-01 -5.217763e-02 -4.550754e-01 -7.390155e-01
3.850000e+11 8.813448e-01 -6.838708e-02 -4.694965e-01 -7.427415e-01
3.860000e+11 8.930079e-01 -8.074601e-02 -4.873256e-01 -7.439469e-01
3.870000e+11 9.031929e-01 -8.792634e-02 -5.072451e-01 -7.421111e-01
3.880000e+11 9.107329e-01 -8.876986e-02 -5.275831e-01 -7.370281e-01
3.890000e+11 9.147749e-01 -8.252362e-02 -5.464703e-01 -7.289535e-01
3.900000e+11 9.149607e-01 -6.904106e-02 -5.620728e-01 -7.186519e-01
3.910000e+11 9.114880e-01 -4.887176e-02 -5.728377e-01 -7.073039e-01
3.920000e+11 9.050176e-01 -2.320268e-02 -5.776699e-01 -6.962873e-01
3.930000e+11 8.964598e-01 6.322486e-03 -5.759884e-01 -6.869043e-01
3.940000e+11 8.867199e-01 3.783413e-02 -5.676720e-01 -6.801391e-01
3.950000e+11 8.764915e-01 6.944551e-02 -5.529468e-01 -6.765090e-01
3.960000e+11 8.661480e-01 9.940218e-02 -5.322775e-01 -6.760268e-01
3.970000e+11 8.557449e-01 1.261742e-01 -5.063019e-01 -6.782609e-01
3.980000e+11 8.451093e-01 1.485140e-01 -4.758113e-01 -6.824638e-01
3.990000e+11 8.339814e-01 1.654997e-01 -4.417553e-01 -6.877406e-01
4.000000e+11 8.221659e-01 1.765689e-01 -4.052377e-01 -6.932263e-01
4.010000e+11 8.096537e-01 1.815316e-01 -3.674820e-01 -6.982424e-01
4.020000e+11 7.966888e-01 1.805482e-01 -3.297607e-01 -7.024054e-01
4.030000e+11 7.837699e-01 1.740659e-01 -2.933038e-01 -7.056693e-01
4.040000e+11 7.715975e-01 1.627218e-01 -2.592158e-01 -7.083019e-01
4.050000e+11 7.609909e-01 1.472338e-01 -2.284216e-01 -7.108115e-01
4.060000e+11 7.527975e-01 1.283039e-01 -2.016570e-01 -7.138464e-01
4.070000e+11 7.478158e-01 1.065535e-01 -1.794991e-01 -7.180912e-01
4.080000e+11 7.467330e-01 8.250032e-02 -1.624236e-01 -7.241702e-01
4.090000e+11 7.500730e-01 5.658104e-02 -1.508708e-01 -7.325613e-01
4.100000e+11 7.581388e-01 2.921874e-02 -1.452999e-01 -7.435110e-01
4.110000e+11 7.709353e-01 9.339285e-04 -1.462089e-01 -7.569434e-01
4.120000e+11 7.880626e-01 -2.750720e-02 -1.540954e-01 -7.723604e-01
4.130000e+11 8.085902e-01 -5.492689e-02 -1.693284e-01 -7.887516e-01
4.140000e+11 8.309550e-01 -7.960196e-02 -1.919139e-01 -8.045612e-01
4.150000e+11 8.529685e-01 -9.925186e-02 -2.211758e-01 -8.177931e-01
4.160000e+11 8.720443e-01 -1.112601e-01 -2.554482e-01 -8.263345e-01
4.170000e+11 8.857007e-01 -1.131872e-01 -2.919633e-01 -8.284998e-01
4.180000e+11 8.922322e-01 -1.034693e-01 -3.271151e-01 -8.236311e-01
4.190000e+11 8.912519e-01 -8.200584e-02 -3.571174e-01 -8.124482e-01
4.200000e+11 8.837808e-01 -5.031090e-02 -3.788024e-01 -7.968977e-01
4.210000e+11 8.718014e-01 -1.114066e-02 -3.901845e-01 -7.795317e-01
4.220000e+11 8.575191e-01 3.217302e-02 -3.905702e-01 -7.627312e-01
4.230000e+11 8.426974e-01 7.633965e-02 -3.802988e-01 -7.481203e-01
4.240000e+11 8.283019e-01 1.184775e-01 -3.603617e-01 -7.363331e-01
4.250000e+11 8.144798e-01 1.562421e-01 -3.321094e-01 -7.270963e-01
4.260000e+11 8.007789e-01 1.878373e-01 -2.971079e-01 -7.195074e-01
4.270000e+11 7.864808e-01 2.120147e-01 -2.570930e-01 -7.123938e-01
4.280000e+11 7.709435e-01 2.280993e-01 -2.139345e-01 -7.046678e-01
4.290000e+11 7.538673e-01 2.360104e-01 -1.695453e-01 -6.956072e-01
4.300000e+11 7.354268e-01 2.362273e-01 -1.257300e-01 -6.850118e-01
4.310000e+11 7.162580e-01 2.296702e-01 -8.401672e-02 -6.732149e-01
4.320000e+11 6.973332e-01 2.175125e-01 -4.553370e-02 -6.609755e-01
4.330000e+11 6.797907e-01 2.009728e-01 -1.097034e-02 -6.493111e-01
4.340000e+11 6.647795e-01 1.811398e-01 1.937340e-02 -6.393316e-01
4.350000e+11 6.533578e-01 1.588590e-01 4.547594e-02 -6.321172e-01
4.360000e+11 6.464480e-01 1.346894e-01 6.745503e-02 -6.286522e-01
4.370000e+11 6.448329e-01 1.089149e-01 8.542677e-02 -6.298010e-01
4.380000e+11 6.491644e-01 8.160113e-02 9.937439e-02 -6.363021e-01
4.390000e+11 6.599532e-01 5.269084e-02 1.090298e-01 -6.487483e-01
4.400000e+11 6.775090e-01 2.214773e-02 1.137712e-01 -6.675208e-01
4.410000e+11 7.017945e-01 -9.828786e-03 1.125563e-01 -6.926398e-01
4.420000e+11 7.321692e-01 -4.249762e-02 1.039439e-01 -7.235063e-01
4.430000e+11 7.670381e-01 -7.419480e-02 8.630683e-02 -7.585471e-01
4.440000e+11 8.035247e-01 -1.019982e-01 5.836543e-02 -7.948848e-01
4.450000e+11 8.374603e-01 -1.217291e-01 2.008715e-02 -8.283226e-01
4.460000e+11 8.640680e-01 -1.286740e-01 -2.631082e-02 -8.540282e-01
4.470000e+11 8.794384e-01 -1.191249e-01 -7.594300e-02 -8.680171e-01
4.480000e+11 8.821426e-01 -9.208788e-02 -1.221176e-01 -8.687823e-01
4.490000e+11 8.738175e-01 -4.999325e-02 -1.583206e-01 -8.578999e-01
4.500000e+11 8.581787e-01 2.153076e-03 -1.801287e-01 -8.390588e-01
4.510000e+11 8.391951e-01 5.847662e-02 -1.859428e-01 -8.162439e-01
4.520000e+11 8.196347e-01 1.136525e-01 -1.765285e-01 -7.922890e-01
4.530000e+11 8.005710e-01 1.635279e-01 -1.541132e-01 -7.683890e-01
4.540000e+11 7.816892e-01 2.051722e-01 -1.216509e-01 -7.444081e-01
4.550000e+11 7.619725e-01 2.367638e-01 -8.238705e-02 -7.195536e-01
4.560000e+11 7.404156e-01 2.575224e-01 -3.957692e-02 -6.930593e-01
4.570000e+11 7.165443e-01 2.676665e-01 3.789302e-03 -6.646623e-01
4.580000e+11 6.906293e-01 2.682875e-01 4.527195e-02 -6.347764e-01
4.590000e+11 6.636039e-01 2.610836e-01 8.319702e-02 -6.043871e-01
4.600000e+11 6.367964e-01 2.480047e-01 1.167191e-01 -5.747869e-01
4.610000e+11 6.116290e-01 2.309130e-01 1.457224e-01 -5.472971e-01
4.620000e+11 5.893953e-01 2.113466e-01 1.706179e-01 -5.230764e-01
4.630000e+11 5.711584e-01 1.904093e-01 1.921184e-01 -5.030474e-01
4.640000e+11 5.577499e-01 1.687625e-01 2.110454e-01 -4.879180e-01
4.650000e+11 5.498302e-01 1.466741e-01 2.281891e-01 -4.782569e-01
4.660000e+11 5.479699e-01 1.240884e-01 2.442120e-01 -4.745878e-01
4.670000e+11 5.527255e-01 1.006963e-01 2.595744e-01 -4.774797e-01
4.680000e+11 5.646865e-01 7.600663e-02 2.744534e-01 -4.876158e-01
4.690000e+11 5.844713e-01 4.943591e-02 2.886273e-01 -5.058231e-01
4.700000e+11 6.126319e-01 2.045953e-02 3.013063e-01 -5.330233e-01
4.710000e+11 6.494032e-01 -1.110875e-02 3.109077e-01 -5.700329e-01
4.720000e+11 6.942163e-01 -4.462525e-02 3.148498e-01 -6.171017e-01
4.730000e+11 7.449484e-01 -7.788688e-02 3.095830e-01 -6.730826e-01
4.740000e+11 7.971306e-01 -1.063892e-01 2.912927e-01 -7.343345e-01
4.750000e+11 8.438378e-01 -1.233053e-01 2.577026e-01 -7.940072e-01
4.760000e+11 8.773043e-01 -1.212372e-01 2.106160e-01 -8.429741e-01
4.770000e+11 8.922947e-01 -9.577372e-02 1.572669e-01 -8.730889e-01
4.780000e+11 8.889154e-01 -4.852484e-02 1.083110e-01 -8.809567e-01
4.790000e+11 8.720638e-01 1.322118e-02 7.324846e-02 -8.688816e-01
4.800000e+11 8.479797e-01 7.985869e-02 5.689476e-02 -8.422916e-01
4.810000e+11 8.210815e-01 1.428134e-01 5.899746e-02 -8.064108e-01
4.820000e+11 7.930335e-01 1.960554e-01 7.591026e-02 -7.646581e-01
4.830000e+11 7.635966e-01 2.361937e-01 1.025130e-01 -7.188764e-01
4.840000e+11 7.320059e-01 2.621090e-01 1.336231e-01 -6.702808e-01
4.850000e+11 6.980069e-01 2.745271e-01 1.649044e-01 -6.202056e-01
4.860000e+11 6.622372e-01 2.755063e-01 1.933698e-01 -5.703179e-01
4.870000e+11 6.260518e-01 2.678104e-01 2.174956e-01 -5.224118e-01
4.880000e+11 5.910901e-01 2.542856e-01 2.370045e-01 -4.780745e-01
4.890000e+11 5.588759e-01 2.374011e-01 2.524680e-01 -4.384552e-01
4.900000e+11 5.305953e-01 2.190234e-01 2.649008e-01 -4.042124e-01
4.910000e+11 5.070551e-01 2.003896e-01 2.754536e-01 -3.755984e-01
4.920000e+11 4.887555e-01 1.821932e-01 2.852350e-01 -3.526026e-01
4.930000e+11 4.760072e-01 1.647061e-01 2.952354e-01 -3.350983e-01
4.940000e+11 4.690492e-01 1.478894e-01 3.063156e-01 -3.229654e-01
4.950000e+11 4.681499e-01 1.314729e-01 3.192236e-01 -3.161890e-01
4.960000e+11 4.736878e-01 1.150030e-01 3.346140e-01 -3.149412e-01
4.970000e+11 4.862111e-01 9.786410e-02 3.530472e-01 -3.196585e-01
4.980000e+11 5.064724e-01 7.929212e-02 3.749462e-01 -3.311229e-01
4.990000e+11 5.354160e-01 5.840699e-02 4.004731e-01 -3.505427e-01
5.000000e+11 5.740615e-01 3.432464e-02 4.292731e-01 -3.795958e-01
5.010000e+11 6.231710e-01 6.458930e-03 4.600217e-01 -4.203338e-01
5.020000e+11 6.825175e-01 -2.481347e-02 4.897628e-01 -4.747072e-01
5.030000e+11 7.496009e-01 -5.698697e-02 5.132746e-01 -5.433261e-01
5.040000e+11 8.180929e-01 -8.405659e-02 5.232958e-01 -6.231949e-01
5.050000e+11 8.774363e-01 -9.638169e-02 5.130279e-01 -7.052712e-01
5.060000e+11 9.159068e-01 -8.407215e-02 4.811554e-01 -7.747945e-01
5.070000e+11 9.268883e-01 -4.357209e-02 4.354921e-01 -8.170496e-01
5.080000e+11 9.127142e-01 1.838719e-02 3.897650e-01 -8.251014e-01
5.090000e+11 8.815261e-01 8.826172e-02 3.553692e-01 -8.018796e-01
5.100000e+11 8.411492e-01 1.527858e-01 3.362038e-01 -7.557482e-01
5.110000e+11 7.961311e-01 2.033909e-01 3.296664e-01 -6.955407e-01
5.120000e+11 7.484994e-01 2.367990e-01 3.304086e-01 -6.284964e-01
5.130000e+11 6.995237e-01 2.537405e-01 3.334369e-01 -5.601509e-01
5.140000e+11 6.506943e-01 2.572739e-01 3.355538e-01 -4.945875e-01
5.150000e+11 6.037602e-01 2.512959e-01 3.354776e-01 -4.345475e-01
5.160000e+11 5.603658e-01 2.394894e-01 3.333003e-01 -3.815306e-01
5.170000e+11 5.217450e-01 2.247794e-01 3.298233e-01 -3.360188e-01
5.180000e+11 4.886305e-01 2.092029e-01 3.260597e-01 -2.977902e-01
5.190000e+11 4.613308e-01 1.940178e-01 3.229644e-01 -2.662277e-01
5.200000e+11 4.398763e-01 1.798960e-01 3.213396e-01 -2.405607e-01
5.210000e+11 4.241646e-01 1.671098e-01 3.218393e-01 -2.200213e-01
5.220000e+11 4.140777e-01 1.556731e-01 3.250183e-01 -2.039345e-01
5.230000e+11 4.095668e-01 1.454337e-01 3.313919e-01 -1.917639e-01
5.240000e+11 4.107138e-01 1.361230e-01 3.414930e-01 -1.831362e-01
5.250000e+11 4.177794e-01 1.273718e-01 3.559231e-01 -1.778618e-01
5.260000e+11 4.312454e-01 1.187006e-01 3.753914e-01 -1.759661e-01
5.270000e+11 4.518535e-01 1.094882e-01 4.007379e-01 -1.777444e-01
5.280000e+11 4.806330e-01 9.893053e-02 4.329181e-01 -1.838553e-01
5.290000e+11 5.188890e-01 8.600814e-02 4.729068e-01 -1.954675e-01
5.300000e+11 5.680762e-01 6.952537e-02 5.214269e-01 -2.144545e-01
5.310000e+11 6.293960e-01 4.835931e-02 5.783390e-01 -2.435666e-01
5.320000e+11 7.028184e-01 2.219059e-02 6.414747e-01 -2.863067e-01
5.330000e+11 7.851882e-01 -6.961414e-03 7.048950e-01 -3.458252e-01
5.340000e+11 8.676830e-01 -3.263649e-02 7.575448e-01 -4.218229e-01
5.350000e+11 9.349586e-01 -4.346783e-02 7.851859e-01 -5.057087e-01
5.360000e+11 9.702175e-01 -2.830416e-02 7.781830e-01 -5.787504e-01
5.370000e+11 9.655144e-01 1.414119e-02 7.399950e-01 -6.200204e-01
5.380000e+11 9.266738e-01 7.191775e-02 6.851391e-01 -6.197876e-01
5.390000e+11 8.669005e-01 1.282320e-01 6.279726e-01 -5.837151e-01
5.400000e+11 7.981758e-01 1.714578e-01 5.757407e-01 -5.255564e-01
5.410000e+11 7.282974e-01 1.979752e-01 5.298593e-01 -4.587722e-01
5.420000e+11 6.617908e-01 2.096837e-01 4.895947e-01 -3.928063e-01
5.430000e+11 6.012232e-01 2.106756e-01 4.541716e-01 -3.328863e-01
5.440000e+11 5.479283e-01 2.050705e-01 4.232494e-01 -2.811254e-01
5.450000e+11 5.023859e-01 1.961004e-01 3.967564e-01 -2.377407e-01
5.460000e+11 4.645069e-01 1.859634e-01 3.746809e-01 -2.019864e-01
5.470000e+11 4.338787e-01 1.760047e-01 3.569760e-01 -1.727461e-01
5.480000e+11 4.099591e-01 1.669699e-01 3.435542e-01 -1.488556e-01
5.490000e+11 3.922105e-01 1.592224e-01 3.343224e-01 -1.292512e-01
5.500000e+11 3.801831e-01 1.528979e-01 3.292236e-01 -1.130190e-01
5.510000e+11 3.735624e-01 1.480030e-01 3.282754e-01 -9.939436e-02
5.520000e+11 3.721963e-01 1.444701e-01 3.316021e-01 -8.774087e-02
5.530000e+11 3.761139e-01 1.421821e-01 3.394643e-01 -7.752329e-02
5.540000e+11 3.855418e-01 1.409727e-01 3.522878e-01 -6.828272e-02
5.550000e+11 4.009231e-01 1.406050e-01 3.706955e-01 -5.961932e-02
5.560000e+11 4.229374e-01 1.407256e-01 3.955401e-01 -5.118970e-02
5.570000e+11 4.525178e-01 1.407892e-01 4.279307e-01 -4.273257e-02
5.580000e+11 4.908477e-01 1.399466e-01 4.692337e-01 -3.414848e-02
5.590000e+11 5.392976e-01 1.369048e-01 5.209985e-01 -2.568134e-02
