# #nu(Hz) #T #rho #c #s
0.000000e+00 1.000000e+00 -2.220446e-16 1.000000e+00 0.000000e+00
1.000000e+09 9.580490e-01 -5.655805e-03 9.575605e-01 3.006156e-02
2.000000e+09 8.538639e-01 -1.734946e-02 8.523724e-01 4.737079e-02
3.000000e+09 7.294636e-01 -2.683644e-02 7.271726e-01 5.115533e-02
4.000000e+09 6.149557e-01 -3.112461e-02 6.123218e-01 4.757892e-02
5.000000e+09 5.219305e-01 -3.128075e-02 5.193065e-01 4.187798e-02
6.000000e+09 4.511121e-01 -2.913422e-02 4.486819e-01 3.657709e-02
7.000000e+09 3.993679e-01 -2.595523e-02 3.971958e-01 3.250394e-02
8.000000e+09 3.630941e-01 -2.238222e-02 3.611771e-01 2.978938e-02
9.000000e+09 3.393726e-01 -1.863451e-02 3.376703e-01 2.837730e-02
1.000000e+10 3.262108e-01 -1.468243e-02 3.246546e-01 2.823623e-02
1.100000e+10 3.225039e-01 -1.033272e-02 3.209900e-01 2.945171e-02
1.200000e+10 3.279662e-01 -5.250276e-03 3.263301e-01 3.229458e-02
1.300000e+10 3.431121e-01 1.062767e-03 3.410751e-01 3.731724e-02
1.400000e+10 3.693004e-01 9.312516e-03 3.663656e-01 4.552216e-02
1.500000e+10 4.088031e-01 2.044754e-02 4.040562e-01 5.865531e-02
1.600000e+10 4.647541e-01 3.557098e-02 4.564901e-01 7.967295e-02
1.700000e+10 5.405484e-01 5.541303e-02 5.256266e-01 1.133077e-01
1.800000e+10 6.377088e-01 7.865548e-02 6.106562e-01 1.660869e-01
1.900000e+10 7.508739e-01 9.835966e-02 7.034206e-01 2.435907e-01
2.000000e+10 8.611800e-01 9.869455e-02 7.844269e-01 3.414160e-01
2.100000e+10 9.377899e-01 6.193820e-02 8.292067e-01 4.336240e-01
2.200000e+10 9.563964e-01 -9.360366e-03 8.268232e-01 4.805932e-01
2.300000e+10 9.156276e-01 -8.436404e-02 7.855406e-01 4.627987e-01
2.400000e+10 8.322265e-01 -1.316937e-01 7.192615e-01 3.973922e-01
2.500000e+10 7.295970e-01 -1.443068e-01 6.410021e-01 3.171807e-01
2.600000e+10 6.285833e-01 -1.336225e-01 5.629892e-01 2.455710e-01
2.700000e+10 5.415368e-01 -1.131728e-01 4.940132e-01 1.908010e-01
2.800000e+10 4.725260e-01 -9.119272e-02 4.379690e-01 1.521440e-01
2.900000e+10 4.209059e-01 -7.103084e-02 3.952324e-01 1.261261e-01
3.000000e+10 3.844067e-01 -5.336032e-02 3.646163e-01 1.094356e-01
3.100000e+10 3.607487e-01 -3.771909e-02 3.446359e-01 9.971439e-02
3.200000e+10 3.482623e-01 -2.323405e-02 3.340855e-01 9.557047e-02
3.300000e+10 3.460619e-01 -8.872196e-03 3.322329e-01 9.644369e-02
3.400000e+10 3.540804e-01 6.527322e-03 3.388445e-01 1.025414e-01
3.500000e+10 3.730868e-01 2.430439e-02 3.541174e-01 1.149083e-01
3.600000e+10 4.046867e-01 4.601362e-02 3.784864e-01 1.356545e-01
3.700000e+10 4.511710e-01 7.327786e-02 4.121364e-01 1.683128e-01
3.800000e+10 5.148117e-01 1.070665e-01 4.538754e-01 2.180939e-01
3.900000e+10 5.957951e-01 1.456311e-01 4.989895e-01 2.911578e-01
4.000000e+10 6.880764e-01 1.805065e-01 5.367404e-01 3.908660e-01
4.100000e+10 7.755144e-01 1.932179e-01 5.518124e-01 5.095022e-01
4.200000e+10 8.369903e-01 1.619471e-01 5.360610e-01 6.220647e-01
4.300000e+10 8.629458e-01 8.129041e-02 5.022174e-01 6.970258e-01
4.400000e+10 8.610492e-01 -2.745407e-02 4.752916e-01 7.174607e-01
4.500000e+10 8.401719e-01 -1.303385e-01 4.680852e-01 6.854174e-01
4.600000e+10 7.999918e-01 -1.999467e-01 4.728534e-01 6.135290e-01
4.700000e+10 7.393661e-01 -2.262221e-01 4.737699e-01 5.206034e-01
4.800000e+10 6.654646e-01 -2.169160e-01 4.621242e-01 4.268862e-01
4.900000e+10 5.905996e-01 -1.878372e-01 4.398186e-01 3.465323e-01
5.000000e+10 5.245913e-01 -1.523212e-01 4.134121e-01 2.847538e-01
5.100000e+10 4.720207e-01 -1.175885e-01 3.886109e-01 2.407448e-01
5.200000e+10 4.337112e-01 -8.608624e-02 3.686993e-01 2.115547e-01
5.300000e+10 4.088912e-01 -5.770815e-02 3.550989e-01 1.943362e-01
5.400000e+10 3.965831e-01 -3.123897e-02 3.482361e-01 1.871733e-01
5.500000e+10 3.962607e-01 -5.016829e-03 3.481007e-01 1.892703e-01
5.600000e+10 4.080986e-01 2.283588e-02 3.544419e-01 2.009824e-01
5.700000e+10 4.329878e-01 5.430895e-02 3.666234e-01 2.238665e-01
5.800000e+10 4.722648e-01 9.123421e-02 3.830716e-01 2.607039e-01
5.900000e+10 5.268148e-01 1.344105e-01 4.001846e-01 3.151506e-01
6.000000e+10 5.949559e-01 1.815017e-01 4.108619e-01 3.901565e-01
6.100000e+10 6.690567e-01 2.236688e-01 4.041500e-01 4.840165e-01
6.200000e+10 7.338832e-01 2.439900e-01 3.697285e-01 5.851105e-01
6.300000e+10 7.733055e-01 2.244328e-01 3.086321e-01 6.725902e-01
6.400000e+10 7.839903e-01 1.602721e-01 2.392700e-01 7.291800e-01
6.500000e+10 7.784574e-01 6.475877e-02 1.864888e-01 7.530101e-01
6.600000e+10 7.715816e-01 -4.156782e-02 1.657976e-01 7.524105e-01
6.700000e+10 7.680958e-01 -1.402253e-01 1.790211e-01 7.336617e-01
6.800000e+10 7.615223e-01 -2.160408e-01 2.174129e-01 6.971186e-01
6.900000e+10 7.415282e-01 -2.582140e-01 2.657696e-01 6.423053e-01
7.000000e+10 7.034498e-01 -2.645554e-01 3.085819e-01 5.741334e-01
7.100000e+10 6.521776e-01 -2.427708e-01 3.369253e-01 5.028710e-01
7.200000e+10 5.977606e-01 -2.051208e-01 3.504248e-01 4.386863e-01
7.300000e+10 5.490854e-01 -1.618618e-01 3.536852e-01 3.875594e-01
7.400000e+10 5.112942e-01 -1.186548e-01 3.520121e-01 3.513264e-01
7.500000e+10 4.864884e-01 -7.730053e-02 3.493209e-01 3.296520e-01
7.600000e+10 4.752695e-01 -3.730870e-02 3.477998e-01 3.217521e-01
7.700000e+10 4.778583e-01 2.914404e-03 3.481373e-01 3.273233e-01
7.800000e+10 4.945762e-01 4.531863e-02 3.496223e-01 3.468661e-01
7.900000e+10 5.256995e-01 9.153407e-02 3.498823e-01 3.815282e-01
8.000000e+10 5.705490e-01 1.417748e-01 3.443250e-01 4.322805e-01
8.100000e+10 6.256269e-01 1.929320e-01 3.258758e-01 4.979872e-01
8.200000e+10 6.824162e-01 2.363809e-01 2.865732e-01 5.724437e-01
8.300000e+10 7.277078e-01 2.583365e-01 2.227426e-01 6.428115e-01
8.400000e+10 7.500428e-01 2.463637e-01 1.414204e-01 6.941682e-01
8.500000e+10 7.487653e-01 1.986007e-01 5.977287e-02 7.194681e-01
8.600000e+10 7.347590e-01 1.248975e-01 -4.793792e-03 7.240500e-01
8.700000e+10 7.215949e-01 3.880242e-02 -4.287346e-02 7.192743e-01
8.800000e+10 7.175101e-01 -4.897742e-02 -5.267517e-02 7.138959e-01
8.900000e+10 7.232278e-01 -1.307657e-01 -3.612711e-02 7.103897e-01
9.000000e+10 7.332094e-01 -1.993507e-01 2.894274e-03 7.055827e-01
9.100000e+10 7.385283e-01 -2.470256e-01 5.786320e-02 6.935808e-01
9.200000e+10 7.313690e-01 -2.678908e-01 1.191936e-01 6.700209e-01
9.300000e+10 7.095175e-01 -2.613836e-01 1.765207e-01 6.355582e-01
9.400000e+10 6.773605e-01 -2.329412e-01 2.225661e-01 5.958356e-01
9.500000e+10 6.427265e-01 -1.907632e-01 2.550471e-01 5.582632e-01
9.600000e+10 6.129618e-01 -1.419019e-01 2.754168e-01 5.288966e-01
9.700000e+10 5.930732e-01 -9.047781e-02 2.863588e-01 5.114178e-01
9.800000e+10 5.858115e-01 -3.794784e-02 2.898924e-01 5.076391e-01
9.900000e+10 5.923427e-01 1.576653e-02 2.864312e-01 5.182456e-01
1.000000e+11 6.125488e-01 7.096481e-02 2.744326e-01 5.430164e-01
1.010000e+11 6.445890e-01 1.267157e-01 2.504833e-01 5.802554e-01
1.020000e+11 6.838445e-01 1.792778e-01 2.102167e-01 6.255491e-01
1.030000e+11 7.222032e-01 2.211525e-01 1.507720e-01 6.707734e-01
1.040000e+11 7.496388e-01 2.425823e-01 7.447476e-02 7.053833e-01
1.050000e+11 7.590515e-01 2.363903e-01 -9.260957e-03 7.212441e-01
1.060000e+11 7.510230e-01 2.027904e-01 -8.728011e-02 7.178397e-01
1.070000e+11 7.333083e-01 1.490124e-01 -1.492023e-01 7.023354e-01
1.080000e+11 7.156543e-01 8.438389e-02 -1.908383e-01 6.845591e-01
1.090000e+11 7.052227e-01 1.623369e-02 -2.126726e-01 6.721949e-01
1.100000e+11 7.051028e-01 -5.081999e-02 -2.167270e-01 6.690416e-01
1.110000e+11 7.146863e-01 -1.134732e-01 -2.046544e-01 6.752903e-01
1.120000e+11 7.304326e-01 -1.681142e-01 -1.775873e-01 6.882820e-01
1.130000e+11 7.468220e-01 -2.101212e-01 -1.371790e-01 7.034018e-01
1.140000e+11 7.579945e-01 -2.346208e-01 -8.690436e-02 7.155113e-01
1.150000e+11 7.600600e-01 -2.384103e-01 -3.246821e-02 7.209699e-01
1.160000e+11 7.528974e-01 -2.216287e-01 1.934336e-02 7.192781e-01
1.170000e+11 7.400681e-01 -1.876815e-01 6.264043e-02 7.131288e-01
1.180000e+11 7.269661e-01 -1.415167e-01 9.368118e-02 7.068781e-01
1.190000e+11 7.186659e-01 -8.776059e-02 1.106878e-01 7.046466e-01
1.200000e+11 7.185691e-01 -2.991939e-02 1.128194e-01 7.090262e-01
1.210000e+11 7.278405e-01 2.924335e-02 9.926942e-02 7.204458e-01
1.220000e+11 7.451475e-01 8.666873e-02 6.911544e-02 7.368557e-01
1.230000e+11 7.665489e-01 1.379828e-01 2.215690e-02 7.537022e-01
1.240000e+11 7.860108e-01 1.773254e-01 -3.950673e-02 7.647273e-01
1.250000e+11 7.972431e-01 1.987626e-01 -1.102346e-01 7.641585e-01
1.260000e+11 7.965574e-01 1.989235e-01 -1.815294e-01 7.496534e-01
1.270000e+11 7.848277e-01 1.788724e-01 -2.449619e-01 7.238458e-01
1.280000e+11 7.668188e-01 1.434423e-01 -2.952429e-01 6.930130e-01
1.290000e+11 7.485911e-01 9.872276e-02 -3.311006e-01 6.640895e-01
1.300000e+11 7.351457e-01 4.987654e-02 -3.539708e-01 6.423832e-01
1.310000e+11 7.294287e-01 4.213627e-04 -3.661191e-01 6.308906e-01
1.320000e+11 7.323587e-01 -4.735165e-02 -3.693812e-01 6.306065e-01
1.330000e+11 7.431833e-01 -9.156919e-02 -3.647397e-01 6.410159e-01
1.340000e+11 7.598253e-01 -1.300881e-01 -3.525232e-01 6.604081e-01
1.350000e+11 7.792632e-01 -1.602041e-01 -3.329986e-01 6.860741e-01
1.360000e+11 7.981414e-01 -1.789062e-01 -3.071274e-01 7.146293e-01
1.370000e+11 8.136670e-01 -1.836351e-01 -2.771658e-01 7.426380e-01
1.380000e+11 8.245071e-01 -1.731971e-01 -2.467488e-01 7.674176e-01
1.390000e+11 8.311745e-01 -1.482964e-01 -2.203355e-01 7.875986e-01
1.400000e+11 8.355943e-01 -1.113922e-01 -2.022980e-01 8.030474e-01
1.410000e+11 8.400604e-01 -6.610224e-02 -1.961106e-01 8.141699e-01
1.420000e+11 8.461071e-01 -1.663556e-02 -2.038555e-01 8.210136e-01
1.430000e+11 8.537482e-01 3.247818e-02 -2.259306e-01 8.226704e-01
1.440000e+11 8.613328e-01 7.651819e-02 -2.607984e-01 8.173270e-01
1.450000e+11 8.661199e-01 1.109454e-01 -3.048920e-01 8.030540e-01
1.460000e+11 8.654683e-01 1.322239e-01 -3.530554e-01 7.790405e-01
1.470000e+11 8.581439e-01 1.387834e-01 -3.997333e-01 7.465678e-01
1.480000e+11 8.449979e-01 1.314457e-01 -4.404964e-01 7.090179e-01
1.490000e+11 8.286192e-01 1.129302e-01 -4.730590e-01 6.708738e-01
1.500000e+11 8.123040e-01 8.676397e-02 -4.972872e-01 6.364081e-01
1.510000e+11 7.990387e-01 5.627870e-02 -5.144444e-01 6.088041e-01
1.520000e+11 7.909255e-01 2.411085e-02 -5.262769e-01 5.899275e-01
1.530000e+11 7.890473e-01 -7.810538e-03 -5.343559e-01 5.805157e-01
1.540000e+11 7.935674e-01 -3.801371e-02 -5.397734e-01 5.804730e-01
1.550000e+11 8.038930e-01 -6.518426e-02 -5.431151e-01 5.890849e-01
1.560000e+11 8.188413e-01 -8.794939e-02 -5.446096e-01 6.051168e-01
1.570000e+11 8.368227e-01 -1.048194e-01 -5.443804e-01 6.268453e-01
1.580000e+11 8.560786e-01 -1.143162e-01 -5.427345e-01 6.521056e-01
1.590000e+11 8.749718e-01 -1.152640e-01 -5.404030e-01 6.784205e-01
1.600000e+11 8.922568e-01 -1.071502e-01 -5.386293e-01 7.032209e-01
1.610000e+11 9.072175e-01 -9.041626e-02 -5.390290e-01 7.240968e-01
1.620000e+11 9.195900e-01 -6.656183e-02 -5.432319e-01 7.389955e-01
1.630000e+11 9.293086e-01 -3.802311e-02 -5.524150e-01 7.463286e-01
1.640000e+11 9.362202e-01 -7.864238e-03 -5.668926e-01 7.450363e-01
1.650000e+11 9.399463e-01 2.065404e-02 -5.859213e-01 7.346895e-01
1.660000e+11 9.399918e-01 4.456718e-02 -6.078199e-01 7.156489e-01
1.670000e+11 9.360488e-01 6.167843e-02 -6.303965e-01 6.891904e-01
1.680000e+11 9.283182e-01 7.088446e-02 -6.515435e-01 6.574505e-01
1.690000e+11 9.176542e-01 7.223780e-02 -6.697688e-01 6.231218e-01
1.700000e+11 9.054514e-01 6.672853e-02 -6.844593e-01 5.889865e-01
1.710000e+11 8.933476e-01 5.589639e-02 -6.958255e-01 5.574698e-01
1.720000e+11 8.828958e-01 4.144117e-02 -7.046275e-01 5.303657e-01
1.730000e+11 8.753237e-01 2.495255e-02 -7.118466e-01 5.087664e-01
1.740000e+11 8.714193e-01 7.790359e-03 -7.184209e-01 4.931351e-01
1.750000e+11 8.715176e-01 -8.920712e-03 -7.250896e-01 4.834340e-01
1.760000e+11 8.755455e-01 -2.424073e-02 -7.323376e-01 4.792431e-01
1.770000e+11 8.830921e-01 -3.735939e-02 -7.404092e-01 4.798440e-01
1.780000e+11 8.934894e-01 -4.756927e-02 -7.493622e-01 4.842692e-01
1.790000e+11 9.058977e-01 -5.428198e-02 -7.591380e-01 4.913385e-01
1.800000e+11 9.193964e-01 -5.708512e-02 -7.696288e-01 4.997023e-01
1.810000e+11 9.330710e-01 -5.582267e-02 -7.807243e-01 5.079123e-01
1.820000e+11 9.460869e-01 -5.067024e-02 -7.923249e-01 5.145233e-01
1.830000e+11 9.577391e-01 -4.217310e-02 -8.043212e-01 5.182209e-01
1.840000e+11 9.674758e-01 -3.122266e-02 -8.165512e-01 5.179563e-01
1.850000e+11 9.749047e-01 -1.896392e-02 -8.287610e-01 5.130639e-01
1.860000e+11 9.797964e-01 -6.647660e-03 -8.405988e-01 5.033392e-01
1.870000e+11 9.820954e-01 4.542113e-03 -8.516541e-01 4.890562e-01
1.880000e+11 9.819350e-01 1.364601e-02 -8.615373e-01 4.709177e-01
1.890000e+11 9.796414e-01 2.003746e-02 -8.699706e-01 4.499411e-01
1.900000e+11 9.757134e-01 2.346143e-02 -8.768563e-01 4.273047e-01
1.910000e+11 9.707697e-01 2.400533e-02 -8.822988e-01 4.041861e-01
1.920000e+11 9.654749e-01 2.202204e-02 -8.865767e-01 3.816262e-01
1.930000e+11 9.604601e-01 1.803326e-02 -8.900794e-01 3.604399e-01
1.940000e+11 9.562555e-01 1.263819e-02 -8.932318e-01 3.411770e-01
1.950000e+11 9.532471e-01 6.442251e-03 -8.964269e-01 3.241257e-01
1.960000e+11 9.516583e-01 9.390630e-06 -8.999784e-01 3.093419e-01
1.970000e+11 9.515541e-01 -6.165948e-03 -9.040970e-01 2.966912e-01
1.980000e+11 9.528616e-01 -1.167407e-02 -9.088863e-01 2.858928e-01
1.990000e+11 9.554008e-01 -1.619876e-02 -9.143530e-01 2.765627e-01
2.000000e+11 9.589192e-01 -1.952306e-02 -9.204267e-01 2.682527e-01
2.010000e+11 9.631271e-01 -2.153302e-02 -9.269824e-01 2.604877e-01
2.020000e+11 9.677294e-01 -2.221807e-02 -9.338620e-01 2.528009e-01
2.030000e+11 9.724514e-01 -2.166583e-02 -9.408939e-01 2.447670e-01
2.040000e+11 9.770571e-01 -2.004968e-02 -9.479074e-01 2.360301e-01
2.050000e+11 9.813608e-01 -1.760893e-02 -9.547437e-01 2.263260e-01
2.060000e+11 9.852301e-01 -1.462293e-02 -9.612631e-01 2.154941e-01
2.070000e+11 9.885847e-01 -1.138244e-02 -9.673501e-01 2.034795e-01
2.080000e+11 9.913903e-01 -8.161875e-03 -9.729157e-01 1.903243e-01
2.090000e+11 9.936504e-01 -5.196186e-03 -9.778983e-01 1.761504e-01
2.100000e+11 9.953961e-01 -2.664777e-03 -9.822634e-01 1.611366e-01
2.110000e+11 9.966767e-01 -6.837707e-04 -9.859999e-01 1.454928e-01
2.120000e+11 9.975500e-01 6.937450e-04 -9.891166e-01 1.294364e-01
2.130000e+11 9.980740e-01 1.470818e-03 -9.916359e-01 1.131713e-01
2.140000e+11 9.983018e-01 1.695113e-03 -9.935890e-01 9.687334e-02
2.150000e+11 9.982774e-01 1.444948e-03 -9.950106e-01 8.068125e-02
2.160000e+11 9.980355e-01 8.149377e-04 -9.959362e-01 6.469386e-02
2.170000e+11 9.976025e-01 -9.709485e-05 -9.963998e-01 4.897207e-02
2.180000e+11 9.969993e-01 -1.200688e-03 -9.964341e-01 3.354476e-02
2.190000e+11 9.962445e-01 -2.419993e-03 -9.960713e-01 1.841701e-02
2.200000e+11 9.953570e-01 -3.697351e-03 -9.953437e-01 3.579246e-03
2.210000e+11 9.943586e-01 -4.993266e-03 -9.942854e-01 -1.098397e-02
2.220000e+11 9.932735e-01 -6.283224e-03 -9.929317e-01 -2.528654e-02
2.230000e+11 9.921282e-01 -7.552139e-03 -9.913193e-01 -3.933578e-02
2.240000e+11 9.909495e-01 -8.787457e-03 -9.894852e-01 -5.313018e-02
2.250000e+11 9.897625e-01 -9.972067e-03 -9.874648e-01 -6.666010e-02
2.260000e+11 9.885888e-01 -1.107817e-02 -9.852915e-01 -7.991135e-02
2.270000e+11 9.874460e-01 -1.206313e-02 -9.829949e-01 -9.287114e-02
2.280000e+11 9.863481e-01 -1.286814e-02 -9.806014e-01 -1.055357e-01
2.290000e+11 9.853073e-01 -1.342021e-02 -9.781338e-01 -1.179183e-01
2.300000e+11 9.843376e-01 -1.363750e-02 -9.756124e-01 -1.300574e-01
2.310000e+11 9.834579e-01 -1.343787e-02 -9.730563e-01 -1.420222e-01
2.320000e+11 9.826960e-01 -1.274967e-02 -9.704837e-01 -1.539159e-01
2.330000e+11 9.820900e-01 -1.152383e-02 -9.679119e-01 -1.658749e-01
2.340000e+11 9.816884e-01 -9.745744e-03 -9.653552e-01 -1.780632e-01
2.350000e+11 9.815460e-01 -7.445723e-03 -9.628213e-01 -1.906627e-01
2.360000e+11 9.817166e-01 -4.706534e-03 -9.603058e-01 -2.038578e-01
2.370000e+11 9.822418e-01 -1.667163e-03 -9.577848e-01 -2.178172e-01
2.380000e+11 9.831382e-01 1.478083e-03 -9.552079e-01 -2.326720e-01
2.390000e+11 9.843836e-01 4.485769e-03 -9.524928e-01 -2.484923e-01
2.400000e+11 9.859058e-01 7.075508e-03 -9.495235e-01 -2.652646e-01
2.410000e+11 9.875760e-01 8.948790e-03 -9.461552e-01 -2.828720e-01
2.420000e+11 9.892096e-01 9.814889e-03 -9.422259e-01 -3.010807e-01
2.430000e+11 9.905757e-01 9.423407e-03 -9.375750e-01 -3.195378e-01
2.440000e+11 9.914154e-01 7.601411e-03 -9.320671e-01 -3.377834e-01
2.450000e+11 9.914669e-01 4.290863e-03 -9.256153e-01 -3.552810e-01
2.460000e+11 9.904931e-01 -4.202251e-04 -9.181992e-01 -3.714654e-01
2.470000e+11 9.883082e-01 -6.280649e-03 -9.098726e-01 -3.858050e-01
2.480000e+11 9.847997e-01 -1.287982e-02 -9.007577e-01 -3.978694e-01
2.490000e+11 9.799429e-01 -1.967612e-02 -8.910285e-01 -4.073933e-01
2.500000e+11 9.738103e-01 -2.604827e-02 -8.808881e-01 -4.143238e-01
2.510000e+11 9.665758e-01 -3.136237e-02 -8.705481e-01 -4.188451e-01
2.520000e+11 9.585159e-01 -3.504334e-02 -8.602142e-01 -4.213741e-01
2.530000e+11 9.500054e-01 -3.663798e-02 -8.500799e-01 -4.225306e-01
2.540000e+11 9.415060e-01 -3.585928e-02 -8.403248e-01 -4.230862e-01
2.550000e+11 9.335429e-01 -3.260707e-02 -8.311114e-01 -4.239022e-01
2.560000e+11 9.266691e-01 -2.696634e-02 -8.225740e-01 -4.258642e-01
2.570000e+11 9.214175e-01 -1.919101e-02 -8.147981e-01 -4.298208e-01
2.580000e+11 9.182459e-01 -9.683024e-03 -8.077896e-01 -4.365292e-01
2.590000e+11 9.174779e-01 1.023267e-03 -8.014414e-01 -4.466055e-01
2.600000e+11 9.192457e-01 1.226678e-02 -7.955046e-01 -4.604721e-01
2.610000e+11 9.234408e-01 2.325747e-02 -7.895770e-01 -4.782992e-01
2.620000e+11 9.296824e-01 3.307717e-02 -7.831222e-01 -4.999350e-01
2.630000e+11 9.373155e-01 4.070258e-02 -7.755328e-01 -5.248357e-01
2.640000e+11 9.454551e-01 4.507286e-02 -7.662444e-01 -5.520175e-01
2.650000e+11 9.530860e-01 4.521778e-02 -7.548869e-01 -5.800639e-01
2.660000e+11 9.592091e-01 4.044156e-02 -7.414368e-01 -6.072216e-01
2.670000e+11 9.630000e-01 3.052560e-02 -7.263086e-01 -6.315957e-01
2.680000e+11 9.639260e-01 1.588599e-02 -7.103274e-01 -6.514108e-01
2.690000e+11 9.617748e-01 -2.379375e-03 -6.945621e-01 -6.652733e-01
2.700000e+11 9.565916e-01 -2.258754e-02 -6.800631e-01 -6.723626e-01
2.710000e+11 9.485710e-01 -4.269497e-02 -6.675978e-01 -6.725157e-01
2.720000e+11 9.379748e-01 -6.059541e-02 -6.574807e-01 -6.662162e-01
2.730000e+11 9.251252e-01 -7.442315e-02 -6.495544e-01 -6.545204e-01
2.740000e+11 9.104710e-01 -8.279932e-02 -6.433113e-01 -6.389462e-01
2.750000e+11 8.946739e-01 -8.497362e-02 -6.380944e-01 -6.213344e-01
2.760000e+11 8.786514e-01 -8.083767e-02 -6.332932e-01 -6.036830e-01
2.770000e+11 8.635364e-01 -7.082191e-02 -6.284615e-01 -5.879757e-01
2.780000e+11 8.505606e-01 -5.572367e-02 -6.233283e-01 -5.760296e-01
2.790000e+11 8.408970e-01 -3.653345e-02 -6.177133e-01 -5.693885e-01
2.800000e+11 8.354989e-01 -1.431939e-02 -6.113891e-01 -5.692598e-01
2.810000e+11 8.349562e-01 9.796772e-03 -6.039352e-01 -5.764704e-01
2.820000e+11 8.393665e-01 3.457070e-02 -5.946309e-01 -5.914010e-01
2.830000e+11 8.482225e-01 5.850369e-02 -5.824327e-01 -6.138654e-01
2.840000e+11 8.603397e-01 7.971268e-02 -5.660926e-01 -6.429381e-01
2.850000e+11 8.738929e-01 9.590429e-02 -5.444669e-01 -6.767916e-01
2.860000e+11 8.866539e-01 1.045714e-01 -5.170114e-01 -7.126845e-01
2.870000e+11 8.964761e-01 1.034738e-01 -4.843279e-01 -7.472544e-01
2.880000e+11 9.019105e-01 9.130078e-02 -4.484814e-01 -7.771559e-01
2.890000e+11 9.026565e-01 6.822835e-02 -4.128089e-01 -7.998265e-01
2.900000e+11 8.995447e-01 3.606763e-02 -3.811878e-01 -8.139875e-01
2.910000e+11 8.940081e-01 -2.059047e-03 -3.570704e-01 -8.196018e-01
2.920000e+11 8.873251e-01 -4.229385e-02 -3.426983e-01 -8.173831e-01
2.930000e+11 8.800333e-01 -8.059255e-02 -3.387220e-01 -8.082270e-01
2.940000e+11 8.717768e-01 -1.131458e-01 -3.442048e-01 -7.929161e-01
2.950000e+11 8.616250e-01 -1.367473e-01 -3.569051e-01 -7.722154e-01
2.960000e+11 8.487044e-01 -1.491793e-01 -3.737757e-01 -7.472192e-01
2.970000e+11 8.328474e-01 -1.495343e-01 -3.916101e-01 -7.196637e-01
2.980000e+11 8.149446e-01 -1.382843e-01 -4.076756e-01 -6.919629e-01
2.990000e+11 7.968437e-01 -1.169891e-01 -4.201070e-01 -6.669210e-01
3.000000e+11 7.808951e-01 -8.776090e-02 -4.279175e-01 -6.472880e-01
3.010000e+11 7.693919e-01 -5.274540e-02 -4.306757e-01 -6.353741e-01
3.020000e+11 7.641057e-01 -1.384950e-02 -4.280288e-01 -6.328168e-01
3.030000e+11 7.659544e-01 2.720187e-02 -4.192674e-01 -6.404382e-01
3.040000e+11 7.747347e-01 6.852349e-02 -4.030828e-01 -6.580597e-01
3.050000e+11 7.888711e-01 1.075784e-01 -3.776606e-01 -6.841907e-01
3.060000e+11 8.052952e-01 1.407897e-01 -3.412646e-01 -7.156934e-01
3.070000e+11 8.197786e-01 1.636524e-01 -2.933510e-01 -7.477968e-01
3.080000e+11 8.280564e-01 1.717047e-01 -2.358372e-01 -7.749682e-01
3.090000e+11 8.275614e-01 1.621847e-01 -1.736179e-01 -7.927237e-01
3.100000e+11 8.187616e-01 1.353648e-01 -1.135489e-01 -7.994708e-01
3.110000e+11 8.050042e-01 9.448352e-02 -6.230381e-02 -7.970086e-01
3.120000e+11 7.909151e-01 4.434883e-02 -2.457120e-02 -7.892884e-01
3.130000e+11 7.805011e-01 -1.020290e-02 -2.602608e-03 -7.804301e-01
3.140000e+11 7.759275e-01 -6.500806e-02 3.181180e-03 -7.731929e-01
3.150000e+11 7.771170e-01 -1.163797e-01 -6.559262e-03 -7.683252e-01
3.160000e+11 7.819128e-01 -1.605673e-01 -3.035319e-02 -7.646466e-01
3.170000e+11 7.867014e-01 -1.935212e-01 -6.566812e-02 -7.596949e-01
3.180000e+11 7.875798e-01 -2.113861e-01 -1.085594e-01 -7.508747e-01
3.190000e+11 7.819213e-01 -2.116380e-01 -1.538326e-01 -7.368486e-01
3.200000e+11 7.696511e-01 -1.941256e-01 -1.960012e-01 -7.185135e-01
3.210000e+11 7.534042e-01 -1.611369e-01 -2.305689e-01 -6.989212e-01
3.220000e+11 7.374559e-01 -1.163723e-01 -2.547496e-01 -6.822033e-01
3.230000e+11 7.261735e-01 -6.361993e-02 -2.671928e-01 -6.722265e-01
3.240000e+11 7.227685e-01 -6.032525e-03 -2.670620e-01 -6.715920e-01
3.250000e+11 7.285145e-01 5.365746e-02 -2.531434e-01 -6.810086e-01
3.260000e+11 7.421666e-01 1.121843e-01 -2.235759e-01 -6.987416e-01
3.270000e+11 7.595027e-01 1.646069e-01 -1.766522e-01 -7.200992e-01
3.280000e+11 7.736028e-01 2.039670e-01 -1.128209e-01 -7.376518e-01
3.290000e+11 7.769438e-01 2.229444e-01 -3.693950e-02 -7.433524e-01
3.300000e+11 7.652179e-01 2.174054e-01 4.157255e-02 -7.325060e-01
3.310000e+11 7.401665e-01 1.890873e-01 1.121354e-01 -7.067660e-01
3.320000e+11 7.085813e-01 1.445368e-01 1.675674e-01 -6.731402e-01
3.330000e+11 6.785242e-01 9.133753e-02 2.058679e-01 -6.400554e-01
3.340000e+11 6.562198e-01 3.510499e-02 2.286433e-01 -6.140963e-01
3.350000e+11 6.451311e-01 -2.118133e-02 2.385277e-01 -5.990409e-01
3.360000e+11 6.463454e-01 -7.627312e-02 2.374093e-01 -5.963066e-01
3.370000e+11 6.590553e-01 -1.292724e-01 2.257622e-01 -6.055361e-01
3.380000e+11 6.806163e-01 -1.783064e-01 2.028239e-01 -6.247463e-01
3.390000e+11 7.063629e-01 -2.195518e-01 1.675053e-01 -6.501442e-01
3.400000e+11 7.299212e-01 -2.471558e-01 1.199941e-01 -6.762399e-01
3.410000e+11 7.449016e-01 -2.547532e-01 6.348773e-02 -6.971000e-01
3.420000e+11 7.478394e-01 -2.383446e-01 4.687575e-03 -7.088256e-01
3.430000e+11 7.403944e-01 -1.985245e-01 -4.792444e-02 -7.116707e-01
3.440000e+11 7.286621e-01 -1.399855e-01 -8.687877e-02 -7.097920e-01
3.450000e+11 7.200433e-01 -6.894214e-02 -1.072061e-01 -7.086722e-01
3.460000e+11 7.199663e-01 8.860243e-03 -1.058922e-01 -7.120813e-01
3.470000e+11 7.296915e-01 8.792231e-02 -8.079860e-02 -7.198548e-01
3.480000e+11 7.450033e-01 1.610703e-01 -3.104674e-02 -7.267203e-01
3.490000e+11 7.562730e-01 2.180768e-01 4.027343e-02 -7.230280e-01
3.500000e+11 7.520148e-01 2.479743e-01 1.230629e-01 -6.992070e-01
3.510000e+11 7.261127e-01 2.454942e-01 2.018195e-01 -6.528715e-01
3.520000e+11 6.826312e-01 2.154517e-01 2.633487e-01 -5.917883e-01
3.530000e+11 6.325203e-01 1.692470e-01 3.032459e-01 -5.286580e-01
3.540000e+11 5.864661e-01 1.176231e-01 3.249694e-01 -4.738167e-01
3.550000e+11 5.510643e-01 6.680138e-02 3.348619e-01 -4.325239e-01
3.560000e+11 5.291265e-01 1.879297e-02 3.384764e-01 -4.062701e-01
3.570000e+11 5.213628e-01 -2.684283e-02 3.393398e-01 -3.949015e-01
3.580000e+11 5.276521e-01 -7.148900e-02 3.389656e-01 -3.980054e-01
3.590000e+11 5.475030e-01 -1.164209e-01 3.370869e-01 -4.154252e-01
3.600000e+11 5.797755e-01 -1.618687e-01 3.317551e-01 -4.470757e-01
3.610000e+11 6.217766e-01 -2.058706e-01 3.194602e-01 -4.921064e-01
3.620000e+11 6.681139e-01 -2.430415e-01 2.958758e-01 -5.475076e-01
3.630000e+11 7.105016e-01 -2.643438e-01 2.580381e-01 -6.069195e-01
3.640000e+11 7.403299e-01 -2.596518e-01 2.077821e-01 -6.614348e-01
3.650000e+11 7.538342e-01 -2.230369e-01 1.538148e-01 -7.034639e-01
3.660000e+11 7.553706e-01 -1.565399e-01 1.093876e-01 -7.308312e-01
3.670000e+11 7.544800e-01 -6.867562e-02 8.707278e-02 -7.462856e-01
3.680000e+11 7.588322e-01 2.938307e-02 9.509471e-02 -7.522765e-01
3.690000e+11 7.681268e-01 1.247265e-01 1.356271e-01 -7.456992e-01
3.700000e+11 7.721526e-01 2.013878e-01 2.021127e-01 -7.175047e-01
3.710000e+11 7.561525e-01 2.433524e-01 2.772254e-01 -6.600699e-01
3.720000e+11 7.130615e-01 2.444291e-01 3.391405e-01 -5.776633e-01
3.730000e+11 6.505359e-01 2.137990e-01 3.750003e-01 -4.866844e-01
3.740000e+11 5.837893e-01 1.681204e-01 3.864250e-01 -4.040064e-01
3.750000e+11 5.248797e-01 1.205116e-01 3.827531e-01 -3.383426e-01
3.760000e+11 4.793685e-01 7.710313e-02 3.731060e-01 -2.909315e-01
3.770000e+11 4.483971e-01 3.907846e-02 3.634780e-01 -2.596470e-01
3.780000e+11 4.313423e-01 5.309598e-03 3.570901e-01 -2.418979e-01
3.790000e+11 4.273756e-01 -2.609551e-02 3.554473e-01 -2.358519e-01
3.800000e+11 4.361031e-01 -5.712385e-02 3.590936e-01 -2.407790e-01
3.810000e+11 4.576849e-01 -8.955892e-02 3.679165e-01 -2.570839e-01
3.820000e+11 4.925925e-01 -1.246521e-01 3.810418e-01 -2.862103e-01
3.830000e+11 5.409123e-01 -1.624160e-01 3.963729e-01 -3.302964e-01
3.840000e+11 6.009845e-01 -2.002370e-01 4.099620e-01 -3.911760e-01
3.850000e+11 6.675371e-01 -2.309632e-01 4.159767e-01 -4.682149e-01
3.860000e+11 7.308886e-01 -2.421347e-01 4.088822e-01 -5.553236e-01
3.870000e+11 7.802542e-01 -2.196891e-01 3.887602e-01 -6.398428e-01
3.880000e+11 8.109855e-01 -1.566996e-01 3.659598e-01 -7.065523e-01
3.890000e+11 8.274523e-01 -6.018174e-02 3.577914e-01 -7.436671e-01
3.900000e+11 8.348853e-01 4.992046e-02 3.769517e-01 -7.432690e-01
3.910000e+11 8.284789e-01 1.461446e-01 4.200087e-01 -6.990076e-01
3.920000e+11 7.952712e-01 2.028705e-01 4.655519e-01 -6.120142e-01
3.930000e+11 7.306871e-01 2.113399e-01 4.891636e-01 -4.999580e-01
3.940000e+11 6.476044e-01 1.847770e-01 4.831222e-01 -3.896690e-01
3.950000e+11 5.649572e-01 1.441054e-01 4.569310e-01 -2.993731e-01
3.960000e+11 4.948662e-01 1.036185e-01 4.239233e-01 -2.333340e-01
3.970000e+11 4.411323e-01 6.889059e-02 3.930555e-01 -1.880403e-01
3.980000e+11 4.031051e-01 4.047163e-02 3.684959e-01 -1.583242e-01
3.990000e+11 3.788534e-01 1.703104e-02 3.516441e-01 -1.399511e-01
4.000000e+11 3.666453e-01 -3.159119e-03 3.427653e-01 -1.301182e-01
4.010000e+11 3.654458e-01 -2.173713e-02 3.418706e-01 -1.272896e-01
4.020000e+11 3.750294e-01 -4.016965e-02 3.491110e-01 -1.309771e-01
4.030000e+11 3.959720e-01 -5.977299e-02 3.649110e-01 -1.416369e-01
4.040000e+11 4.295771e-01 -8.167296e-02 3.899251e-01 -1.606998e-01
4.050000e+11 4.776313e-01 -1.065329e-01 4.247702e-01 -1.906636e-01
4.060000e+11 5.417076e-01 -1.337719e-01 4.693850e-01 -2.350106e-01
4.070000e+11 6.215688e-01 -1.599233e-01 5.218955e-01 -2.973170e-01
4.080000e+11 7.125150e-01 -1.762975e-01 5.774287e-01 -3.783820e-01
4.090000e+11 8.032070e-01 -1.683384e-01 6.287158e-01 -4.706592e-01
4.100000e+11 8.776598e-01 -1.221011e-01 6.703711e-01 -5.531552e-01
4.110000e+11 9.213623e-01 -3.920937e-02 7.022734e-01 -5.951329e-01
4.120000e+11 9.235009e-01 5.360660e-02 7.224758e-01 -5.727207e-01
4.130000e+11 8.771905e-01 1.187658e-01 7.185846e-01 -4.888700e-01
4.140000e+11 7.891794e-01 1.381506e-01 6.799466e-01 -3.760200e-01
4.150000e+11 6.828661e-01 1.230943e-01 6.145515e-01 -2.710726e-01
4.160000e+11 5.821054e-01 9.465874e-02 5.414171e-01 -1.917132e-01
4.170000e+11 4.990158e-01 6.643841e-02 4.749774e-01 -1.378375e-01
4.180000e+11 4.357267e-01 4.323379e-02 4.211812e-01 -1.029321e-01
4.190000e+11 3.900272e-01 2.535261e-02 3.807451e-01 -8.069468e-02
4.200000e+11 3.588719e-01 1.167263e-02 3.524263e-01 -6.669652e-02
4.210000e+11 3.397332e-01 9.121907e-04 3.347141e-01 -5.817456e-02
4.220000e+11 3.309376e-01 -8.009297e-03 3.264837e-01 -5.351553e-02
4.230000e+11 3.316723e-01 -1.593890e-02 3.272047e-01 -5.186080e-02
4.240000e+11 3.419411e-01 -2.354169e-02 3.370072e-01 -5.287378e-02
4.250000e+11 3.625578e-01 -3.134828e-02 3.567326e-01 -5.663296e-02
4.260000e+11 3.951836e-01 -3.975719e-02 3.879986e-01 -6.361198e-02
4.270000e+11 4.423444e-01 -4.894227e-02 4.332346e-01 -7.470606e-02
4.280000e+11 5.072344e-01 -5.857114e-02 4.955160e-01 -9.121390e-02
4.290000e+11 5.928181e-01 -6.719371e-02 5.777586e-01 -1.145134e-01
4.300000e+11 6.992653e-01 -7.129482e-02 6.803854e-01 -1.447918e-01
4.310000e+11 8.186079e-01 -6.492087e-02 7.963961e-01 -1.779254e-01
4.320000e+11 9.279330e-01 -4.288872e-02 9.047739e-01 -2.015053e-01
4.330000e+11 9.901034e-01 -9.500680e-03 9.701040e-01 -1.977695e-01
4.340000e+11 9.748949e-01 1.832682e-02 9.613344e-01 -1.609983e-01
4.350000e+11 8.879037e-01 2.734341e-02 8.807913e-01 -1.087744e-01
4.360000e+11 7.663884e-01 2.115035e-02 7.634637e-01 -6.345842e-02
4.370000e+11 6.464875e-01 1.021893e-02 6.455454e-01 -3.335853e-02
4.380000e+11 5.459265e-01 8.127692e-04 5.456935e-01 -1.592645e-02
4.390000e+11 4.682243e-01 -5.529256e-03 4.681485e-01 -6.357688e-03
