# #nu(Hz) #T #rho #c #s
0.000000e+00 1.000000e+00 0.000000e+00 1.000000e+00 0.000000e+00
1.000000e+09 9.135478e-01 -1.537206e-02 9.119747e-01 5.133716e-02
2.000000e+09 7.357462e-01 -3.719420e-02 7.319950e-01 6.420553e-02
3.000000e+09 5.733977e-01 -4.511937e-02 5.689564e-01 5.511629e-02
4.000000e+09 4.584107e-01 -4.319382e-02 4.542979e-01 4.345139e-02
5.000000e+09 3.852460e-01 -3.781704e-02 3.817840e-01 3.500494e-02
6.000000e+09 3.430898e-01 -3.176126e-02 3.402830e-01 3.015401e-02
7.000000e+09 3.244645e-01 -2.555450e-02 3.222028e-01 2.845330e-02
8.000000e+09 3.260243e-01 -1.864069e-02 3.241112e-01 2.993851e-02
9.000000e+09 3.482387e-01 -9.665039e-03 3.462711e-01 3.568020e-02
1.000000e+10 3.955279e-01 3.758549e-03 3.924975e-01 4.872283e-02
1.100000e+10 4.766072e-01 2.527792e-02 4.697861e-01 7.626584e-02
1.200000e+10 6.019924e-01 5.775315e-02 5.841605e-01 1.334763e-01
1.300000e+10 7.675322e-01 9.092564e-02 7.227001e-01 2.419560e-01
1.400000e+10 9.159241e-01 7.843212e-02 8.245814e-01 3.909360e-01
1.500000e+10 9.543454e-01 -1.664462e-02 8.246374e-01 4.800741e-01
1.600000e+10 8.701202e-01 -1.198459e-01 7.438253e-01 4.352815e-01
1.700000e+10 7.256387e-01 -1.545511e-01 6.313959e-01 3.224976e-01
1.800000e+10 5.841924e-01 -1.374404e-01 5.223862e-01 2.224940e-01
1.900000e+10 4.763655e-01 -1.059404e-01 4.369984e-01 1.572679e-01
2.000000e+10 4.049900e-01 -7.662332e-02 3.792095e-01 1.197744e-01
2.100000e+10 3.637293e-01 -5.214969e-02 3.456595e-01 1.004934e-01
2.200000e+10 3.469126e-01 -3.057717e-02 3.325782e-01 9.383568e-02
2.300000e+10 3.521895e-01 -8.679094e-03 3.381313e-01 9.812891e-02
2.400000e+10 3.810384e-01 1.763311e-02 3.626927e-01 1.154698e-01
2.500000e+10 4.389054e-01 5.355156e-02 4.078869e-01 1.529656e-01
2.600000e+10 5.335365e-01 1.037525e-01 4.724368e-01 2.251667e-01
2.700000e+10 6.642546e-01 1.618054e-01 5.398316e-01 3.516177e-01
2.800000e+10 7.949906e-01 1.848960e-01 5.656514e-01 5.271261e-01
2.900000e+10 8.612434e-01 1.084397e-01 5.238728e-01 6.749359e-01
3.000000e+10 8.566983e-01 -4.758156e-02 4.741718e-01 7.119193e-01
3.100000e+10 8.121689e-01 -1.834144e-01 4.644298e-01 6.405330e-01
3.200000e+10 7.293058e-01 -2.349264e-01 4.647059e-01 5.106320e-01
3.300000e+10 6.227003e-01 -2.140274e-01 4.439694e-01 3.805774e-01
3.400000e+10 5.246803e-01 -1.650009e-01 4.090165e-01 2.842000e-01
3.500000e+10 4.534099e-01 -1.154320e-01 3.766291e-01 2.245140e-01
3.600000e+10 4.113159e-01 -7.227237e-02 3.557544e-01 1.933811e-01
3.700000e+10 3.961044e-01 -3.325445e-02 3.490793e-01 1.842186e-01
3.800000e+10 4.068947e-01 6.831860e-03 3.569019e-01 1.952886e-01
3.900000e+10 4.460242e-01 5.431966e-02 3.780250e-01 2.303997e-01
4.000000e+10 5.178582e-01 1.149129e-01 4.067266e-01 2.992418e-01
4.100000e+10 6.207112e-01 1.856707e-01 4.244795e-01 4.130690e-01
4.200000e+10 7.270436e-01 2.353830e-01 3.954427e-01 5.628608e-01
4.300000e+10 7.839485e-01 2.059685e-01 3.039809e-01 6.926383e-01
4.400000e+10 7.821289e-01 8.534389e-02 2.067915e-01 7.494527e-01
4.500000e+10 7.675737e-01 -6.982598e-02 1.707242e-01 7.450819e-01
4.600000e+10 7.585100e-01 -2.005365e-01 2.036066e-01 7.026143e-01
4.700000e+10 7.312670e-01 -2.676687e-01 2.694211e-01 6.249137e-01
4.800000e+10 6.702427e-01 -2.630228e-01 3.236599e-01 5.246795e-01
4.900000e+10 5.938449e-01 -2.137113e-01 3.483654e-01 4.308374e-01
5.000000e+10 5.286577e-01 -1.512624e-01 3.528721e-01 3.634279e-01
5.100000e+10 4.883536e-01 -9.017335e-02 3.514519e-01 3.268632e-01
5.200000e+10 4.768048e-01 -3.123935e-02 3.522853e-01 3.197843e-01
5.300000e+10 4.954825e-01 3.058233e-02 3.567692e-01 3.424665e-01
5.400000e+10 5.457523e-01 1.008354e-01 3.589455e-01 3.985423e-01
5.500000e+10 6.238296e-01 1.781654e-01 3.420806e-01 4.903074e-01
5.600000e+10 7.074394e-01 2.405472e-01 2.804631e-01 6.032810e-01
5.700000e+10 7.545667e-01 2.441779e-01 1.674948e-01 6.940415e-01
5.800000e+10 7.486375e-01 1.693533e-01 4.686087e-02 7.277236e-01
5.900000e+10 7.239192e-01 4.817648e-02 -2.831059e-02 7.217593e-01
6.000000e+10 7.152767e-01 -7.960720e-02 -4.212149e-02 7.095838e-01
6.100000e+10 7.252359e-01 -1.891543e-01 -2.101020e-03 7.001309e-01
6.200000e+10 7.320947e-01 -2.589131e-01 7.462761e-02 6.807036e-01
6.300000e+10 7.137815e-01 -2.730669e-01 1.605905e-01 6.396320e-01
6.400000e+10 6.712378e-01 -2.371785e-01 2.293145e-01 5.845694e-01
6.500000e+10 6.249891e-01 -1.731661e-01 2.715397e-01 5.356221e-01
6.600000e+10 5.948141e-01 -9.901700e-02 2.921091e-01 5.085979e-01
6.700000e+10 5.912531e-01 -2.112592e-02 2.968833e-01 5.108759e-01
6.800000e+10 6.175010e-01 6.063288e-02 2.848070e-01 5.445329e-01
6.900000e+10 6.691266e-01 1.437161e-01 2.458005e-01 6.055231e-01
7.000000e+10 7.280231e-01 2.123127e-01 1.663841e-01 6.762080e-01
7.100000e+10 7.631808e-01 2.365427e-01 4.941519e-02 7.239134e-01
7.200000e+10 7.572889e-01 1.988113e-01 -7.142592e-02 7.272269e-01
7.300000e+10 7.282997e-01 1.158743e-01 -1.585678e-01 7.013200e-01
7.400000e+10 7.059230e-01 1.688518e-02 -2.006398e-01 6.765987e-01
7.500000e+10 7.049213e-01 -7.985090e-02 -2.032882e-01 6.702327e-01
7.600000e+10 7.226590e-01 -1.638155e-01 -1.727323e-01 6.823225e-01
7.700000e+10 7.451160e-01 -2.229936e-01 -1.142289e-01 7.017290e-01
7.800000e+10 7.558484e-01 -2.441473e-01 -3.870102e-02 7.142836e-01
7.900000e+10 7.484982e-01 -2.224555e-01 3.563280e-02 7.137881e-01
8.000000e+10 7.319621e-01 -1.662954e-01 9.152472e-02 7.069212e-01
8.100000e+10 7.217504e-01 -8.955341e-02 1.195455e-01 7.061252e-01
8.200000e+10 7.288516e-01 -3.464114e-03 1.155261e-01 7.196294e-01
8.300000e+10 7.541447e-01 8.243953e-02 7.575850e-02 7.457872e-01
8.400000e+10 7.862724e-01 1.540258e-01 -1.012845e-03 7.710378e-01
8.500000e+10 8.053041e-01 1.916744e-01 -1.040686e-01 7.752066e-01
8.600000e+10 7.980131e-01 1.830352e-01 -2.075288e-01 7.485017e-01
8.700000e+10 7.712367e-01 1.354846e-01 -2.866763e-01 7.030411e-01
8.800000e+10 7.436601e-01 6.801738e-02 -3.340304e-01 6.609294e-01
8.900000e+10 7.297351e-01 -3.879698e-03 -3.550010e-01 6.375519e-01
9.000000e+10 7.342627e-01 -7.175542e-02 -3.564370e-01 6.379228e-01
9.100000e+10 7.542948e-01 -1.297774e-01 -3.417478e-01 6.597930e-01
9.200000e+10 7.818720e-01 -1.707485e-01 -3.123814e-01 6.961226e-01
9.300000e+10 8.074899e-01 -1.862532e-01 -2.720226e-01 7.371251e-01
9.400000e+10 8.251886e-01 -1.708826e-01 -2.296826e-01 7.739388e-01
9.500000e+10 8.360192e-01 -1.263965e-01 -1.983489e-01 8.022529e-01
9.600000e+10 8.456921e-01 -6.154583e-02 -1.901428e-01 8.217378e-01
9.700000e+10 8.580903e-01 1.084668e-02 -2.119380e-01 8.314346e-01
9.800000e+10 8.704475e-01 7.585904e-02 -2.625141e-01 8.264445e-01
9.900000e+10 8.745314e-01 1.187932e-01 -3.310218e-01 8.006983e-01
1.000000e+11 8.639948e-01 1.307812e-01 -4.001708e-01 7.544843e-01
1.010000e+11 8.411307e-01 1.136299e-01 -4.554348e-01 6.979744e-01
1.020000e+11 8.153691e-01 7.720000e-02 -4.920776e-01 6.455436e-01
1.030000e+11 7.964648e-01 3.228942e-02 -5.134460e-01 6.080187e-01
1.040000e+11 7.901128e-01 -1.342462e-02 -5.251446e-01 5.901875e-01
1.050000e+11 7.975296e-01 -5.506014e-02 -5.312744e-01 5.922579e-01
1.060000e+11 8.165602e-01 -8.867326e-02 -5.337518e-01 6.115690e-01
1.070000e+11 8.428899e-01 -1.100885e-01 -5.333864e-01 6.433062e-01
1.080000e+11 8.714167e-01 -1.152669e-01 -5.315557e-01 6.808298e-01
1.090000e+11 8.978478e-01 -1.020457e-01 -5.314102e-01 7.164639e-01
1.100000e+11 9.197074e-01 -7.207889e-02 -5.375052e-01 7.428018e-01
1.110000e+11 9.358562e-01 -3.148165e-02 -5.536202e-01 7.538835e-01
1.120000e+11 9.450972e-01 1.045518e-02 -5.800911e-01 7.460521e-01
1.130000e+11 9.457480e-01 4.409336e-02 -6.127920e-01 7.190139e-01
1.140000e+11 9.370716e-01 6.278037e-02 -6.450394e-01 6.768206e-01
1.150000e+11 9.210181e-01 6.494413e-02 -6.712991e-01 6.272273e-01
1.160000e+11 9.021275e-01 5.355730e-02 -6.897547e-01 5.789681e-01
1.170000e+11 8.856355e-01 3.370187e-02 -7.020465e-01 5.388369e-01
1.180000e+11 8.755640e-01 1.031998e-02 -7.113015e-01 5.104468e-01
1.190000e+11 8.739021e-01 -1.271821e-02 -7.203662e-01 4.945864e-01
1.200000e+11 8.806985e-01 -3.253729e-02 -7.310224e-01 4.900790e-01
1.210000e+11 8.945175e-01 -4.691839e-02 -7.439797e-01 4.944234e-01
1.220000e+11 9.129656e-01 -5.419244e-02 -7.592188e-01 5.041391e-01
1.230000e+11 9.332215e-01 -5.349127e-02 -7.763727e-01 5.150597e-01
1.240000e+11 9.525287e-01 -4.518307e-02 -7.949364e-01 5.228246e-01
1.250000e+11 9.685706e-01 -3.113293e-02 -8.142299e-01 5.236309e-01
1.260000e+11 9.796981e-01 -1.445904e-02 -8.332450e-01 5.150749e-01
1.270000e+11 9.850865e-01 1.266384e-03 -8.506631e-01 4.967554e-01
1.280000e+11 9.848738e-01 1.305533e-02 -8.652177e-01 4.703236e-01
1.290000e+11 9.801856e-01 1.928092e-02 -8.762275e-01 4.388819e-01
1.300000e+11 9.728935e-01 1.985631e-02 -8.839170e-01 4.059780e-01
1.310000e+11 9.651275e-01 1.586366e-02 -8.893011e-01 3.746507e-01
1.320000e+11 9.587490e-01 8.959391e-03 -8.937522e-01 3.468810e-01
1.330000e+11 9.549939e-01 8.663347e-04 -8.985343e-01 3.234943e-01
1.340000e+11 9.543604e-01 -6.926748e-03 -9.045032e-01 3.043513e-01
1.350000e+11 9.566911e-01 -1.329665e-02 -9.120140e-01 2.886373e-01
1.360000e+11 9.613618e-01 -1.753099e-02 -9.209796e-01 2.751467e-01
1.370000e+11 9.675044e-01 -1.933894e-02 -9.310029e-01 2.625346e-01
1.380000e+11 9.742141e-01 -1.883367e-02 -9.415251e-01 2.495375e-01
1.390000e+11 9.807080e-01 -1.646987e-02 -9.519551e-01 2.351563e-01
1.400000e+11 9.864211e-01 -1.292751e-02 -9.617666e-01 2.187797e-01
1.410000e+11 9.910380e-01 -8.958725e-03 -9.705601e-01 2.002224e-01
1.420000e+11 9.944704e-01 -5.235970e-03 -9.780905e-01 1.796745e-01
1.430000e+11 9.967999e-01 -2.241882e-03 -9.842627e-01 1.575819e-01
1.440000e+11 9.982045e-01 -2.236962e-04 -9.891016e-01 1.344997e-01
1.450000e+11 9.988878e-01 7.893560e-04 -9.927053e-01 1.109608e-01
1.460000e+11 9.990289e-01 9.255003e-04 -9.951991e-01 8.738819e-02
1.470000e+11 9.987574e-01 3.928866e-04 -9.967009e-01 6.405882e-02
1.480000e+11 9.981533e-01 -5.919854e-04 -9.973060e-01 4.111347e-02
1.490000e+11 9.972617e-01 -1.854508e-03 -9.970866e-01 1.859590e-02
1.500000e+11 9.961118e-01 -3.283636e-03 -9.961003e-01 -3.495852e-03
1.510000e+11 9.947283e-01 -4.825043e-03 -9.943983e-01 -2.516196e-02
1.520000e+11 9.931350e-01 -6.452023e-03 -9.920309e-01 -4.636931e-02
1.530000e+11 9.913531e-01 -8.125001e-03 -9.890501e-01 -6.704352e-02
1.540000e+11 9.894014e-01 -9.753030e-03 -9.855130e-01 -8.708694e-02
1.550000e+11 9.873044e-01 -1.117054e-02 -9.814887e-01 -1.064193e-01
1.560000e+11 9.851123e-01 -1.213969e-02 -9.770700e-01 -1.250324e-01
1.570000e+11 9.829276e-01 -1.238280e-02 -9.723846e-01 -1.430439e-01
1.580000e+11 9.809271e-01 -1.164157e-02 -9.675984e-01 -1.607348e-01
1.590000e+11 9.793670e-01 -9.751728e-03 -9.629035e-01 -1.785539e-01
1.600000e+11 9.785552e-01 -6.716651e-03 -9.584808e-01 -1.970777e-01
1.610000e+11 9.787843e-01 -2.764004e-03 -9.544390e-01 -2.169267e-01
1.620000e+11 9.802306e-01 1.627199e-03 -9.507372e-01 -2.386383e-01
1.630000e+11 9.828397e-01 5.738759e-03 -9.471165e-01 -2.625096e-01
1.640000e+11 9.862320e-01 8.676891e-03 -9.430728e-01 -2.884301e-01
1.650000e+11 9.896740e-01 9.504252e-03 -9.379088e-01 -3.157392e-01
1.660000e+11 9.921502e-01 7.451557e-03 -9.308804e-01 -3.431737e-01
1.670000e+11 9.925475e-01 2.187664e-03 -9.214113e-01 -3.689810e-01
1.680000e+11 9.899111e-01 -5.931075e-03 -9.092953e-01 -3.912425e-01
1.690000e+11 9.836949e-01 -1.575869e-02 -8.947886e-01 -4.083634e-01
1.700000e+11 9.739292e-01 -2.550987e-02 -8.785457e-01 -4.195767e-01
1.710000e+11 9.612764e-01 -3.315768e-02 -8.614537e-01 -4.252650e-01
1.720000e+11 9.469895e-01 -3.693644e-02 -8.444634e-01 -4.269736e-01
1.730000e+11 9.327875e-01 -3.574772e-02 -8.284782e-01 -4.271282e-01
1.740000e+11 9.206436e-01 -2.933478e-02 -8.142698e-01 -4.285892e-01
1.750000e+11 9.124861e-01 -1.823701e-02 -8.023529e-01 -4.341983e-01
1.760000e+11 9.098355e-01 -3.655847e-03 -7.927864e-01 -4.464044e-01
1.770000e+11 9.134154e-01 1.261879e-02 -7.849443e-01 -4.669379e-01
1.780000e+11 9.227865e-01 2.816616e-02 -7.773718e-01 -4.964220e-01
1.790000e+11 9.361041e-01 3.989334e-02 -7.679217e-01 -5.338498e-01
1.800000e+11 9.502177e-01 4.429639e-02 -7.543811e-01 -5.760735e-01
1.810000e+11 9.613518e-01 3.835230e-02 -7.355814e-01 -6.177754e-01
1.820000e+11 9.662884e-01 2.098204e-02 -7.124380e-01 -6.524608e-01
1.830000e+11 9.633876e-01 -5.698213e-03 -6.879476e-01 -6.743969e-01
1.840000e+11 9.527003e-01 -3.639589e-02 -6.657457e-01 -6.805116e-01
1.850000e+11 9.352949e-01 -6.420731e-02 -6.481720e-01 -6.712131e-01
1.860000e+11 9.127323e-01 -8.289905e-02 -6.353471e-01 -6.500324e-01
1.870000e+11 8.872091e-01 -8.872125e-02 -6.257832e-01 -6.226266e-01
1.880000e+11 8.618764e-01 -8.098772e-02 -6.177268e-01 -5.955548e-01
1.890000e+11 8.406315e-01 -6.140656e-02 -6.100500e-01 -5.750910e-01
1.900000e+11 8.273169e-01 -3.285785e-02 -6.021482e-01 -5.663843e-01
1.910000e+11 8.247421e-01 1.465943e-03 -5.931158e-01 -5.730717e-01
1.920000e+11 8.337762e-01 3.801720e-02 -5.808052e-01 -5.969948e-01
1.930000e+11 8.524809e-01 7.201977e-02 -5.614260e-01 -6.374462e-01
1.940000e+11 8.755642e-01 9.654616e-02 -5.305197e-01 -6.898118e-01
1.950000e+11 8.953062e-01 1.031476e-01 -4.860037e-01 -7.448049e-01
1.960000e+11 9.050288e-01 8.539374e-02 -4.320528e-01 -7.906423e-01
1.970000e+11 9.032096e-01 4.359063e-02 -3.796963e-01 -8.183630e-01
1.980000e+11 8.936377e-01 -1.392486e-02 -3.417059e-01 -8.256098e-01
1.990000e+11 8.808396e-01 -7.417185e-02 -3.258630e-01 -8.149787e-01
2.000000e+11 8.658603e-01 -1.239362e-01 -3.319450e-01 -7.900420e-01
2.010000e+11 8.465551e-01 -1.529192e-01 -3.529713e-01 -7.541104e-01
2.020000e+11 8.214881e-01 -1.561217e-01 -3.789227e-01 -7.119594e-01
2.030000e+11 7.933160e-01 -1.348039e-01 -4.011338e-01 -6.710215e-01
2.040000e+11 7.685044e-01 -9.458273e-02 -4.148399e-01 -6.399695e-01
2.050000e+11 7.542623e-01 -4.195361e-02 -4.183426e-01 -6.262117e-01
2.060000e+11 7.555004e-01 1.767036e-02 -4.100626e-01 -6.342849e-01
2.070000e+11 7.726727e-01 7.889515e-02 -3.859323e-01 -6.647217e-01
2.080000e+11 7.997728e-01 1.330745e-01 -3.393852e-01 -7.118605e-01
2.090000e+11 8.238124e-01 1.661425e-01 -2.663349e-01 -7.616622e-01
2.100000e+11 8.306872e-01 1.633614e-01 -1.741023e-01 -7.956398e-01
2.110000e+11 8.170579e-01 1.208109e-01 -8.356990e-02 -8.037440e-01
2.120000e+11 7.941457e-01 4.963479e-02 -1.690038e-02 -7.924129e-01
2.130000e+11 7.768624e-01 -3.321305e-02 1.471829e-02 -7.760126e-01
2.140000e+11 7.723000e-01 -1.134173e-01 1.047814e-02 -7.638547e-01
2.150000e+11 7.767787e-01 -1.788785e-01 -2.520291e-02 -7.554816e-01
2.160000e+11 7.793200e-01 -2.172869e-01 -8.346880e-02 -7.437467e-01
2.170000e+11 7.698097e-01 -2.191402e-01 -1.499027e-01 -7.225744e-01
2.180000e+11 7.479470e-01 -1.840984e-01 -2.081264e-01 -6.944176e-01
2.190000e+11 7.242314e-01 -1.211579e-01 -2.467049e-01 -6.700511e-01
2.200000e+11 7.121152e-01 -4.150258e-02 -2.607050e-01 -6.613762e-01
2.210000e+11 7.198841e-01 4.619450e-02 -2.466133e-01 -6.747452e-01
2.220000e+11 7.454789e-01 1.324121e-01 -1.979616e-01 -7.064114e-01
2.230000e+11 7.726675e-01 1.992002e-01 -1.096798e-01 -7.384475e-01
2.240000e+11 7.761990e-01 2.216634e-01 6.929109e-03 -7.438428e-01
2.250000e+11 7.449754e-01 1.890344e-01 1.190689e-01 -7.106876e-01
2.260000e+11 6.962921e-01 1.180342e-01 1.977274e-01 -6.571107e-01
2.270000e+11 6.564055e-01 3.340051e-02 2.380225e-01 -6.108174e-01
2.280000e+11 6.404297e-01 -5.119814e-02 2.484772e-01 -5.880374e-01
2.290000e+11 6.509724e-01 -1.314444e-01 2.355013e-01 -5.924750e-01
2.300000e+11 6.814280e-01 -2.027510e-01 1.989747e-01 -6.193910e-01
2.310000e+11 7.164838e-01 -2.528547e-01 1.367088e-01 -6.562958e-01
2.320000e+11 7.364806e-01 -2.632097e-01 5.447671e-02 -6.856796e-01
2.330000e+11 7.322494e-01 -2.229722e-01 -2.806010e-02 -6.969112e-01
2.340000e+11 7.158176e-01 -1.398806e-01 -8.680115e-02 -6.966303e-01
2.350000e+11 7.091906e-01 -3.140364e-02 -1.055575e-01 -7.005874e-01
2.360000e+11 7.246282e-01 8.600615e-02 -7.470212e-02 -7.156176e-01
2.370000e+11 7.512286e-01 1.903344e-01 1.065481e-02 -7.266386e-01
2.380000e+11 7.541717e-01 2.458244e-01 1.339715e-01 -7.002835e-01
2.390000e+11 7.082152e-01 2.294616e-01 2.474252e-01 -6.226531e-01
2.400000e+11 6.332544e-01 1.630921e-01 3.141540e-01 -5.250899e-01
2.410000e+11 5.662788e-01 8.411217e-02 3.391890e-01 -4.455868e-01
2.420000e+11 5.266390e-01 1.037688e-02 3.437128e-01 -3.988766e-01
2.430000e+11 5.182738e-01 -5.734657e-02 3.418352e-01 -3.853152e-01
2.440000e+11 5.400121e-01 -1.235169e-01 3.375300e-01 -4.030262e-01
2.450000e+11 5.882548e-01 -1.899621e-01 3.264665e-01 -4.509743e-01
2.460000e+11 6.526888e-01 -2.487219e-01 2.976874e-01 -5.249022e-01
2.470000e+11 7.113561e-01 -2.765318e-01 2.409232e-01 -6.095192e-01
2.480000e+11 7.412122e-01 -2.452191e-01 1.640954e-01 -6.799528e-01
2.490000e+11 7.448199e-01 -1.493588e-01 1.007357e-01 -7.227039e-01
2.500000e+11 7.492342e-01 -1.198506e-02 8.841834e-02 -7.439022e-01
2.510000e+11 7.670733e-01 1.309881e-01 1.463252e-01 -7.415069e-01
2.520000e+11 7.679827e-01 2.288429e-01 2.567107e-01 -6.866789e-01
2.530000e+11 7.107981e-01 2.386097e-01 3.552239e-01 -5.675520e-01
2.540000e+11 6.121461e-01 1.809494e-01 3.942847e-01 -4.318793e-01
2.550000e+11 5.202032e-01 1.079635e-01 3.890587e-01 -3.280069e-01
2.560000e+11 4.582809e-01 4.494519e-02 3.711319e-01 -2.650705e-01
2.570000e+11 4.281346e-01 -6.750060e-03 3.578280e-01 -2.349740e-01
2.580000e+11 4.267204e-01 -5.305534e-02 3.551061e-01 -2.305973e-01
2.590000e+11 4.527687e-01 -1.003044e-01 3.638471e-01 -2.501077e-01
2.600000e+11 5.069663e-01 -1.527644e-01 3.815766e-01 -2.967781e-01
2.610000e+11 5.878192e-01 -2.083323e-01 4.003930e-01 -3.765827e-01
2.620000e+11 6.825055e-01 -2.491703e-01 4.048713e-01 -4.897011e-01
2.630000e+11 7.623898e-01 -2.371276e-01 3.827381e-01 -6.152400e-01
2.640000e+11 8.075078e-01 -1.420787e-01 3.536735e-01 -7.118971e-01
2.650000e+11 8.295696e-01 1.431201e-02 3.668819e-01 -7.438942e-01
2.660000e+11 8.261171e-01 1.579611e-01 4.360489e-01 -6.836513e-01
2.670000e+11 7.577888e-01 2.091306e-01 4.960870e-01 -5.332972e-01
2.680000e+11 6.349814e-01 1.707271e-01 4.896462e-01 -3.664700e-01
2.690000e+11 5.171494e-01 1.070382e-01 4.417676e-01 -2.466327e-01
2.700000e+11 4.338542e-01 5.362950e-02 3.924450e-01 -1.770318e-01
2.710000e+11 3.849746e-01 1.426023e-02 3.579885e-01 -1.408772e-01
2.720000e+11 3.640497e-01 -1.633584e-02 3.412895e-01 -1.256454e-01
2.730000e+11 3.670620e-01 -4.373605e-02 3.421383e-01 -1.255508e-01
2.740000e+11 3.938253e-01 -7.254481e-02 3.609016e-01 -1.399487e-01
2.750000e+11 4.476366e-01 -1.063074e-01 3.990602e-01 -1.727085e-01
2.760000e+11 5.334840e-01 -1.456571e-01 4.576042e-01 -2.323521e-01
2.770000e+11 6.515899e-01 -1.812526e-01 5.322617e-01 -3.292636e-01
2.780000e+11 7.838621e-01 -1.816836e-01 6.083743e-01 -4.596865e-01
2.790000e+11 8.894527e-01 -1.042671e-01 6.714448e-01 -5.739481e-01
2.800000e+11 9.261152e-01 3.319122e-02 7.195504e-01 -5.820952e-01
2.810000e+11 8.600044e-01 1.250805e-01 7.198282e-01 -4.536626e-01
2.820000e+11 7.119633e-01 1.209638e-01 6.408040e-01 -2.857091e-01
2.830000e+11 5.616724e-01 7.678785e-02 5.303763e-01 -1.681680e-01
2.840000e+11 4.517912e-01 3.737958e-02 4.379294e-01 -1.045748e-01
2.850000e+11 3.825260e-01 1.053404e-02 3.754000e-01 -7.273257e-02
2.860000e+11 3.441721e-01 -7.500250e-03 3.392558e-01 -5.747795e-02
2.870000e+11 3.295139e-01 -2.091221e-02 3.247901e-01 -5.151232e-02
2.880000e+11 3.354902e-01 -3.264432e-02 3.298330e-01 -5.194429e-02
2.890000e+11 3.629218e-01 -4.469194e-02 3.553933e-01 -5.839905e-02
2.900000e+11 4.164824e-01 -5.827410e-02 4.059704e-01 -7.245483e-02
2.910000e+11 5.045895e-01 -7.303426e-02 4.896390e-01 -9.762260e-02
2.920000e+11 6.362489e-01 -8.395274e-02 6.154170e-01 -1.379365e-01
2.930000e+11 8.059140e-01 -7.611870e-02 7.798192e-01 -1.886407e-01
2.940000e+11 9.578509e-01 -3.361267e-02 9.330560e-01 -2.139045e-01
2.950000e+11 9.822907e-01 1.517237e-02 9.680841e-01 -1.657650e-01
2.960000e+11 8.497610e-01 2.100003e-02 8.456129e-01 -8.118879e-02
2.970000e+11 6.684805e-01 1.561394e-03 6.679538e-01 -2.648504e-02
2.980000e+11 5.218996e-01 -1.402177e-02 5.216954e-01 -4.066003e-03
2.990000e+11 4.235333e-01 -2.137001e-02 4.229799e-01 3.429998e-03
