# #nu(Hz) #T #rho #c #s
0.000000e+00 1.000000e+00 -2.220446e-16 1.000000e+00 0.000000e+00
1.000000e+09 7.966628e-01 -3.274947e-02 7.932477e-01 6.600976e-02
2.000000e+09 5.295290e-01 -4.754160e-02 5.247738e-01 5.247110e-02
3.000000e+09 3.851890e-01 -4.004872e-02 3.814433e-01 3.560496e-02
4.000000e+09 3.283865e-01 -2.972891e-02 3.257703e-01 2.876793e-02
5.000000e+09 3.311291e-01 -1.803158e-02 3.291863e-01 3.094768e-02
6.000000e+09 3.958288e-01 1.592492e-03 3.929198e-01 4.787433e-02
7.000000e+09 5.556847e-01 4.373949e-02 5.432724e-01 1.082934e-01
8.000000e+09 8.254065e-01 9.393342e-02 7.673825e-01 2.891306e-01
9.000000e+09 9.539073e-01 -1.793816e-02 8.241341e-01 4.800212e-01
1.000000e+10 7.740593e-01 -1.525468e-01 6.673419e-01 3.613198e-01
1.100000e+10 5.429188e-01 -1.292722e-01 4.890705e-01 1.971284e-01
1.200000e+10 4.046346e-01 -7.862177e-02 3.784231e-01 1.197652e-01
1.300000e+10 3.500366e-01 -3.954691e-02 3.346818e-01 9.460323e-02
1.400000e+10 3.593301e-01 -2.492532e-03 3.446009e-01 1.017946e-01
1.500000e+10 4.398337e-01 5.185410e-02 4.092918e-01 1.524633e-01
1.600000e+10 6.200231e-01 1.420628e-01 5.219925e-01 3.029366e-01
1.700000e+10 8.285835e-01 1.704145e-01 5.597283e-01 5.866973e-01
1.800000e+10 8.558013e-01 -5.109728e-02 4.738412e-01 7.108160e-01
1.900000e+10 7.585027e-01 -2.295592e-01 4.648228e-01 5.536865e-01
2.000000e+10 5.858926e-01 -2.001402e-01 4.313420e-01 3.422838e-01
2.100000e+10 4.527018e-01 -1.169031e-01 3.758462e-01 2.236340e-01
2.200000e+10 3.983464e-01 -4.762255e-02 3.497979e-01 1.845356e-01
2.300000e+10 4.173573e-01 2.017599e-02 3.636655e-01 2.037830e-01
2.400000e+10 5.198551e-01 1.142058e-01 4.088554e-01 3.000726e-01
2.500000e+10 6.975548e-01 2.242666e-01 4.143317e-01 5.144088e-01
2.600000e+10 7.887501e-01 1.702182e-01 2.676051e-01 7.221772e-01
2.700000e+10 7.667876e-01 -7.470048e-02 1.715983e-01 7.435974e-01
2.800000e+10 7.421593e-01 -2.560813e-01 2.482130e-01 6.508557e-01
2.900000e+10 6.427599e-01 -2.502918e-01 3.351350e-01 4.880357e-01
3.000000e+10 5.275964e-01 -1.519089e-01 3.528148e-01 3.616676e-01
3.100000e+10 4.775757e-01 -5.166695e-02 3.522087e-01 3.183679e-01
3.200000e+10 5.102906e-01 5.256419e-02 3.598269e-01 3.579918e-01
3.300000e+10 6.269535e-01 1.785886e-01 3.434287e-01 4.931871e-01
3.400000e+10 7.473668e-01 2.504892e-01 2.079660e-01 6.727276e-01
3.500000e+10 7.398100e-01 1.267402e-01 1.423232e-02 7.287340e-01
3.600000e+10 7.148714e-01 -8.485011e-02 -4.014653e-02 7.086818e-01
3.700000e+10 7.309258e-01 -2.442630e-01 5.006299e-02 6.870821e-01
3.800000e+10 6.995772e-01 -2.660115e-01 1.889249e-01 6.188324e-01
3.900000e+10 6.238798e-01 -1.728011e-01 2.730083e-01 5.336967e-01
4.000000e+10 5.897940e-01 -4.699068e-02 2.982080e-01 5.066763e-01
4.100000e+10 6.349596e-01 8.961776e-02 2.763594e-01 5.645953e-01
4.200000e+10 7.310961e-01 2.128114e-01 1.650229e-01 6.796913e-01
4.300000e+10 7.638221e-01 2.147295e-01 -3.611536e-02 7.321278e-01
4.400000e+10 7.182240e-01 7.809777e-02 -1.776958e-01 6.914988e-01
4.500000e+10 7.049205e-01 -8.478417e-02 -2.007655e-01 6.703863e-01
4.600000e+10 7.382026e-01 -2.098469e-01 -1.319786e-01 6.953338e-01
4.700000e+10 7.543708e-01 -2.417354e-01 -8.444359e-03 7.145404e-01
4.800000e+10 7.314919e-01 -1.649483e-01 9.437526e-02 7.063750e-01
4.900000e+10 7.255761e-01 -3.073019e-02 1.217164e-01 7.146337e-01
5.000000e+10 7.677203e-01 1.105693e-01 5.278542e-02 7.578803e-01
5.100000e+10 8.069085e-01 1.910049e-01 -1.073446e-01 7.765923e-01
5.200000e+10 7.806926e-01 1.506152e-01 -2.658513e-01 7.184143e-01
5.300000e+10 7.365291e-01 3.917789e-02 -3.430399e-01 6.505872e-01
5.400000e+10 7.346507e-01 -7.584882e-02 -3.540266e-01 6.392369e-01
5.500000e+10 7.731728e-01 -1.618500e-01 -3.199450e-01 6.850080e-01
5.600000e+10 8.147869e-01 -1.845314e-01 -2.536228e-01 7.519983e-01
5.700000e+10 8.367232e-01 -1.243593e-01 -1.960154e-01 8.038771e-01
5.800000e+10 8.553667e-01 -1.065580e-02 -2.016005e-01 8.312015e-01
5.900000e+10 8.748732e-01 9.448115e-02 -2.868294e-01 8.211001e-01
6.000000e+10 8.642155e-01 1.291959e-01 -4.027716e-01 7.536258e-01
6.100000e+10 8.229784e-01 8.725911e-02 -4.825944e-01 6.608947e-01
6.200000e+10 7.926881e-01 1.318301e-02 -5.174321e-01 6.003704e-01
6.300000e+10 7.982936e-01 -5.783365e-02 -5.297357e-01 5.943973e-01
6.400000e+10 8.349016e-01 -1.057687e-01 -5.319010e-01 6.347873e-01
6.500000e+10 8.820243e-01 -1.122184e-01 -5.296196e-01 6.963310e-01
6.600000e+10 9.211789e-01 -7.004603e-02 -5.373541e-01 7.449259e-01
6.700000e+10 9.442326e-01 -1.133588e-03 -5.717180e-01 7.514735e-01
6.800000e+10 9.444585e-01 5.249825e-02 -6.258313e-01 7.053942e-01
6.900000e+10 9.208013e-01 6.344588e-02 -6.723966e-01 6.258853e-01
7.000000e+10 8.903022e-01 3.859621e-02 -6.985959e-01 5.505562e-01
7.100000e+10 8.743361e-01 3.248328e-04 -7.139847e-01 5.046676e-01
7.200000e+10 8.816679e-01 -3.378006e-02 -7.308512e-01 4.919896e-01
7.300000e+10 9.078608e-01 -5.271906e-02 -7.540730e-01 5.027981e-01
7.400000e+10 9.413581e-01 -5.058041e-02 -7.830944e-01 5.199615e-01
7.500000e+10 9.698152e-01 -2.982379e-02 -8.153508e-01 5.242662e-01
7.600000e+10 9.847153e-01 -2.799485e-03 -8.463533e-01 5.033315e-01
7.700000e+10 9.839922e-01 1.573684e-02 -8.702084e-01 4.590536e-01
7.800000e+10 9.729098e-01 1.907566e-02 -8.844154e-01 4.049680e-01
7.900000e+10 9.607550e-01 1.049621e-02 -8.925961e-01 3.552635e-01
8.000000e+10 9.548558e-01 -2.517122e-03 -9.007566e-01 3.168293e-01
8.100000e+10 9.573827e-01 -1.345286e-02 -9.126193e-01 2.890097e-01
8.200000e+10 9.661549e-01 -1.865741e-02 -9.283727e-01 2.668922e-01
8.300000e+10 9.771873e-01 -1.759797e-02 -9.459122e-01 2.446130e-01
8.400000e+10 9.870092e-01 -1.232814e-02 -9.625752e-01 2.179087e-01
8.500000e+10 9.938464e-01 -6.051028e-03 -9.763700e-01 1.854609e-01
8.600000e+10 9.975868e-01 -1.364301e-03 -9.864622e-01 1.485597e-01
8.700000e+10 9.990136e-01 7.116395e-04 -9.929856e-01 1.095772e-01
8.800000e+10 9.989765e-01 5.320925e-04 -9.964864e-01 7.048878e-02
8.900000e+10 9.979827e-01 -1.006445e-03 -9.974602e-01 3.227274e-02
9.000000e+10 9.962370e-01 -3.196162e-03 -9.962201e-01 -4.848538e-03
9.100000e+10 9.938291e-01 -5.742764e-03 -9.929733e-01 -4.083272e-02
9.200000e+10 9.908182e-01 -8.494420e-03 -9.879079e-01 -7.540931e-02
9.300000e+10 9.872627e-01 -1.098298e-02 -9.812621e-01 -1.081282e-01
9.400000e+10 9.833811e-01 -1.220192e-02 -9.734507e-01 -1.388642e-01
9.500000e+10 9.798556e-01 -1.091950e-02 -9.652032e-01 -1.684650e-01
9.600000e+10 9.779696e-01 -6.473218e-03 -9.574831e-01 -1.990195e-01
9.700000e+10 9.791435e-01 3.722029e-04 -9.509412e-01 -2.333085e-01
9.800000e+10 9.837509e-01 7.003744e-03 -9.449843e-01 -2.733523e-01
9.900000e+10 9.898237e-01 9.394858e-03 -9.371712e-01 -3.183909e-01
1.000000e+11 9.929104e-01 3.883659e-03 -9.240306e-01 -3.633503e-01
1.010000e+11 9.880514e-01 -9.751767e-03 -9.034665e-01 -3.998734e-01
1.020000e+11 9.729666e-01 -2.615276e-02 -8.767002e-01 -4.211614e-01
1.030000e+11 9.500857e-01 -3.648310e-02 -8.476262e-01 -4.276232e-01
1.040000e+11 9.262933e-01 -3.395467e-02 -8.207697e-01 -4.280228e-01
1.050000e+11 9.106858e-01 -1.758784e-02 -7.997068e-01 -4.353255e-01
1.060000e+11 9.106740e-01 7.957834e-03 -7.851885e-01 -4.612406e-01
1.070000e+11 9.272264e-01 3.324410e-02 -7.726170e-01 -5.115726e-01
1.080000e+11 9.512166e-01 4.398010e-02 -7.522804e-01 -5.804765e-01
1.090000e+11 9.661217e-01 2.618954e-02 -7.178058e-01 -6.461115e-01
1.100000e+11 9.600258e-01 -1.873063e-02 -6.771252e-01 -6.802942e-01
1.110000e+11 9.330532e-01 -6.678539e-02 -6.452313e-01 -6.706748e-01
1.120000e+11 8.923367e-01 -8.924908e-02 -6.257775e-01 -6.298429e-01
1.130000e+11 8.503863e-01 -7.482260e-02 -6.120907e-01 -5.855796e-01
1.140000e+11 8.247275e-01 -3.091835e-02 -5.991417e-01 -5.659052e-01
1.150000e+11 8.290261e-01 2.820115e-02 -5.824765e-01 -5.892453e-01
1.160000e+11 8.614246e-01 8.341047e-02 -5.486973e-01 -6.588068e-01
1.170000e+11 8.968548e-01 1.023215e-01 -4.801725e-01 -7.505420e-01
1.180000e+11 9.049730e-01 5.509213e-02 -3.896983e-01 -8.149087e-01
1.190000e+11 8.882865e-01 -4.113766e-02 -3.297984e-01 -8.237679e-01
1.200000e+11 8.632990e-01 -1.290249e-01 -3.310562e-01 -7.867907e-01
1.210000e+11 8.261676e-01 -1.589815e-01 -3.704230e-01 -7.211551e-01
1.220000e+11 7.796708e-01 -1.206510e-01 -4.058729e-01 -6.546732e-01
1.230000e+11 7.516354e-01 -3.768236e-02 -4.161104e-01 -6.248103e-01
1.240000e+11 7.659736e-01 6.354077e-02 -3.919695e-01 -6.550099e-01
1.250000e+11 8.111290e-01 1.503213e-01 -3.098667e-01 -7.343817e-01
1.260000e+11 8.305755e-01 1.604968e-01 -1.627323e-01 -7.985078e-01
1.270000e+11 7.995151e-01 6.676632e-02 -2.688926e-02 -7.962686e-01
1.280000e+11 7.727345e-01 -7.099306e-02 1.948387e-02 -7.692197e-01
1.290000e+11 7.761816e-01 -1.862102e-01 -2.850297e-02 -7.529749e-01
1.300000e+11 7.714609e-01 -2.237214e-01 -1.331690e-01 -7.262001e-01
1.310000e+11 7.348312e-01 -1.606970e-01 -2.262031e-01 -6.804304e-01
1.320000e+11 7.100548e-01 -3.402774e-02 -2.593118e-01 -6.601343e-01
1.330000e+11 7.376734e-01 1.125010e-01 -2.115797e-01 -6.976673e-01
1.340000e+11 7.786468e-01 2.154076e-01 -5.888029e-02 -7.459380e-01
1.350000e+11 7.402982e-01 1.819744e-01 1.318630e-01 -7.053644e-01
1.360000e+11 6.631266e-01 5.086331e-02 2.340685e-01 -6.183540e-01
1.370000e+11 6.412822e-01 -8.975196e-02 2.467730e-01 -5.850560e-01
1.380000e+11 6.844267e-01 -2.118760e-01 1.939233e-01 -6.212425e-01
1.390000e+11 7.324979e-01 -2.668955e-01 7.398905e-02 -6.781192e-01
1.400000e+11 7.231262e-01 -1.917409e-01 -5.775493e-02 -6.948462e-01
1.410000e+11 7.082009e-01 -1.985686e-02 -1.041541e-01 -7.002186e-01
1.420000e+11 7.455886e-01 1.692862e-01 -1.177979e-02 -7.260205e-01
1.430000e+11 7.399280e-01 2.466005e-01 1.911343e-01 -6.709316e-01
1.440000e+11 6.242219e-01 1.525142e-01 3.207796e-01 -5.133155e-01
1.450000e+11 5.318777e-01 2.351423e-02 3.445733e-01 -4.044876e-01
1.460000e+11 5.238457e-01 -8.952623e-02 3.404333e-01 -3.879492e-01
1.470000e+11 5.946449e-01 -1.999623e-01 3.237310e-01 -4.569638e-01
1.480000e+11 6.993179e-01 -2.766107e-01 2.545622e-01 -5.896865e-01
1.490000e+11 7.428590e-01 -2.103647e-01 1.306370e-01 -7.003715e-01
1.500000e+11 7.496689e-01 4.342502e-03 9.151297e-02 -7.440498e-01
1.510000e+11 7.721148e-01 2.141184e-01 2.329104e-01 -7.043204e-01
1.520000e+11 6.679884e-01 2.162077e-01 3.826399e-01 -5.030401e-01
1.530000e+11 5.101600e-01 9.743836e-02 3.880027e-01 -3.165800e-01
1.540000e+11 4.313462e-01 1.132262e-03 3.599503e-01 -2.376847e-01
1.550000e+11 4.347966e-01 -7.659503e-02 3.573453e-01 -2.355539e-01
1.560000e+11 5.153745e-01 -1.621428e-01 3.831441e-01 -3.041730e-01
1.570000e+11 6.621016e-01 -2.456710e-01 4.042413e-01 -4.632637e-01
1.580000e+11 7.857186e-01 -2.052832e-01 3.656346e-01 -6.644726e-01
1.590000e+11 8.306363e-01 3.435905e-02 3.730247e-01 -7.413695e-01
1.600000e+11 7.784300e-01 2.070270e-01 4.905104e-01 -5.678843e-01
1.610000e+11 5.766392e-01 1.393265e-01 4.708879e-01 -3.022673e-01
1.620000e+11 4.250755e-01 4.558587e-02 3.871659e-01 -1.694512e-01
1.630000e+11 3.658610e-01 -1.275670e-02 3.430103e-01 -1.266310e-01
1.640000e+11 3.762105e-01 -5.897186e-02 3.480749e-01 -1.300019e-01
1.650000e+11 4.569397e-01 -1.136912e-01 4.047617e-01 -1.789864e-01
1.660000e+11 6.253916e-01 -1.778806e-01 5.148715e-01 -3.072141e-01
1.670000e+11 8.381791e-01 -1.579147e-01 6.374726e-01 -5.208029e-01
1.680000e+11 9.236751e-01 5.047836e-02 7.239119e-01 -5.714712e-01
1.690000e+11 7.439329e-01 1.259083e-01 6.623835e-01 -3.143745e-01
1.700000e+11 5.040265e-01 5.448106e-02 4.835579e-01 -1.313254e-01
1.710000e+11 3.752860e-01 5.470176e-03 3.688444e-01 -6.901785e-02
1.720000e+11 3.305456e-01 -2.059872e-02 3.258105e-01 -5.180357e-02
1.730000e+11 3.455445e-01 -4.038777e-02 3.388471e-01 -5.433613e-02
1.740000e+11 4.265276e-01 -6.273839e-02 4.149903e-01 -7.597891e-02
1.750000e+11 6.072402e-01 -8.513989e-02 5.868595e-01 -1.307202e-01
1.760000e+11 8.862158e-01 -6.126058e-02 8.588478e-01 -2.097762e-01
1.770000e+11 9.713753e-01 1.889534e-02 9.590302e-01 -1.532119e-01
1.780000e+11 7.012995e-01 3.661019e-03 7.005695e-01 -3.177967e-02
1.790000e+11 4.692355e-01 -2.061286e-02 4.687792e-01 1.768167e-03
