# #nu(Hz) #T #rho #c #s
0.000000e+00 1.000000e+00 0.000000e+00 1.000000e+00 0.000000e+00
1.000000e+09 9.730477e-01 -5.670195e-03 9.724280e-01 3.425749e-02
2.000000e+09 9.017308e-01 -1.911091e-02 8.996510e-01 5.814878e-02
3.000000e+09 8.072240e-01 -3.335732e-02 8.036201e-01 6.850266e-02
4.000000e+09 7.093111e-01 -4.371841e-02 7.046360e-01 6.855021e-02
5.000000e+09 6.199955e-01 -4.914715e-02 6.148091e-01 6.315648e-02
6.000000e+09 5.441467e-01 -5.062455e-02 5.388910e-01 5.593974e-02
7.000000e+09 4.823913e-01 -4.956526e-02 4.773445e-01 4.885499e-02
8.000000e+09 4.334751e-01 -4.711196e-02 4.287844e-01 4.272026e-02
9.000000e+09 3.956021e-01 -4.400524e-02 3.913294e-01 3.776130e-02
1.000000e+10 3.670503e-01 -4.065989e-02 3.632078e-01 3.395267e-02
1.100000e+10 3.464004e-01 -3.726979e-02 3.429740e-01 3.119301e-02
1.200000e+10 3.325919e-01 -3.388749e-02 3.295534e-01 2.938607e-02
1.300000e+10 3.249134e-01 -3.047268e-02 3.222253e-01 2.847742e-02
1.400000e+10 3.229790e-01 -2.691584e-02 3.205934e-01 2.847466e-02
1.500000e+10 3.267120e-01 -2.304405e-02 3.245635e-01 2.946653e-02
1.600000e+10 3.363441e-01 -1.861357e-02 3.343338e-01 3.165099e-02
1.700000e+10 3.524311e-01 -1.329241e-02 3.503985e-01 3.538163e-02
1.800000e+10 3.758826e-01 -6.637295e-03 3.735540e-01 4.124429e-02
1.900000e+10 4.079872e-01 1.923567e-03 4.048851e-01 5.017894e-02
2.000000e+10 4.503922e-01 1.307126e-02 4.456788e-01 6.366114e-02
2.100000e+10 5.049344e-01 2.746463e-02 4.971513e-01 8.393475e-02
2.200000e+10 5.731098e-01 4.533621e-02 5.597847e-01 1.141957e-01
2.300000e+10 6.548345e-01 6.556214e-02 6.320032e-01 1.583719e-01
2.400000e+10 7.462255e-01 8.408097e-02 7.081852e-01 2.196737e-01
2.500000e+10 8.371094e-01 9.251549e-02 7.771974e-01 2.969130e-01
2.600000e+10 9.112095e-01 7.990277e-02 8.245366e-01 3.795494e-01
2.700000e+10 9.523532e-01 4.018588e-02 8.398140e-01 4.472967e-01
2.800000e+10 9.533083e-01 -1.961377e-02 8.234332e-01 4.799685e-01
2.900000e+10 9.180093e-01 -8.151888e-02 7.840198e-01 4.705409e-01
3.000000e+10 8.565491e-01 -1.284762e-01 7.308600e-01 4.278013e-01
3.100000e+10 7.803740e-01 -1.532933e-01 6.707920e-01 3.681343e-01
3.200000e+10 6.999532e-01 -1.583354e-01 6.091491e-01 3.062705e-01
3.300000e+10 6.232993e-01 -1.502558e-01 5.503549e-01 2.510671e-01
3.400000e+10 5.552449e-01 -1.355006e-01 4.975392e-01 2.058913e-01
3.500000e+10 4.978004e-01 -1.184968e-01 4.523266e-01 1.707758e-01
3.600000e+10 4.511127e-01 -1.016669e-01 4.151290e-01 1.443412e-01
3.700000e+10 4.143972e-01 -8.605084e-02 3.856363e-01 1.249197e-01
3.800000e+10 3.865726e-01 -7.189348e-02 3.632336e-01 1.110451e-01
3.900000e+10 3.666099e-01 -5.903268e-02 3.472685e-01 1.016001e-01
4.000000e+10 3.536951e-01 -4.711114e-02 3.371926e-01 9.582236e-02
4.100000e+10 3.472934e-01 -3.567436e-02 3.326266e-01 9.327164e-02
4.200000e+10 3.471728e-01 -2.420262e-02 3.333826e-01 9.380400e-02
4.300000e+10 3.534164e-01 -1.210718e-02 3.394647e-01 9.757222e-02
4.400000e+10 3.664370e-01 1.290608e-03 3.510504e-01 1.050620e-01
4.500000e+10 3.869895e-01 1.678044e-02 3.684431e-01 1.171707e-01
4.600000e+10 4.161613e-01 3.525620e-02 3.919600e-01 1.353313e-01
4.700000e+10 4.552792e-01 5.762130e-02 4.216920e-01 1.616625e-01
4.800000e+10 5.056036e-01 8.448235e-02 4.570266e-01 1.990588e-01
4.900000e+10 5.675885e-01 1.154200e-01 4.958285e-01 2.509762e-01
5.000000e+10 6.394712e-01 1.476282e-01 5.333670e-01 3.203888e-01
5.100000e+10 7.154157e-01 1.741935e-01 5.617905e-01 4.072686e-01
5.200000e+10 7.848338e-01 1.837187e-01 5.720498e-01 5.049461e-01
5.300000e+10 8.357183e-01 1.642418e-01 5.595819e-01 5.985965e-01
5.400000e+10 8.616684e-01 1.112317e-01 5.299812e-01 6.702387e-01
5.500000e+10 8.655203e-01 3.249079e-02 4.970361e-01 7.078311e-01
5.600000e+10 8.545883e-01 -5.562226e-02 4.733592e-01 7.093367e-01
5.700000e+10 8.335347e-01 -1.359548e-01 4.631419e-01 6.795557e-01
5.800000e+10 8.025452e-01 -1.959145e-01 4.622613e-01 6.261077e-01
5.900000e+10 7.606044e-01 -2.297551e-01 4.630576e-01 5.579510e-01
6.000000e+10 7.090732e-01 -2.386757e-01 4.593776e-01 4.845523e-01
6.100000e+10 6.522830e-01 -2.287016e-01 4.490296e-01 4.141753e-01
6.200000e+10 5.956333e-01 -2.073276e-01 4.332429e-01 3.522709e-01
6.300000e+10 5.435531e-01 -1.808645e-01 4.147589e-01 3.011862e-01
6.400000e+10 4.986867e-01 -1.534268e-01 3.962630e-01 2.610062e-01
6.500000e+10 4.621168e-01 -1.271305e-01 3.797141e-01 2.306664e-01
6.600000e+10 4.339576e-01 -1.027141e-01 3.663046e-01 2.087820e-01
6.700000e+10 4.138902e-01 -8.010714e-02 3.566665e-01 1.941055e-01
6.800000e+10 4.015215e-01 -5.880665e-02 3.510943e-01 1.857258e-01
6.900000e+10 3.965893e-01 -3.808272e-02 3.497047e-01 1.831376e-01
7.000000e+10 3.990700e-01 -1.707121e-02 3.525198e-01 1.862666e-01
7.100000e+10 4.092272e-01 5.190984e-03 3.594742e-01 1.954948e-01
7.200000e+10 4.276122e-01 2.973957e-02 3.703392e-01 2.116993e-01
7.300000e+10 4.549916e-01 5.760690e-02 3.845353e-01 2.362867e-01
7.400000e+10 4.921252e-01 8.960410e-02 4.007904e-01 2.711556e-01
7.500000e+10 5.392569e-01 1.258167e-01 4.166223e-01 3.184243e-01
7.600000e+10 5.951636e-01 1.646582e-01 4.277692e-01 3.796325e-01
7.700000e+10 6.558319e-01 2.015578e-01 4.280910e-01 4.541234e-01
7.800000e+10 7.136099e-01 2.281406e-01 4.110158e-01 5.368957e-01
7.900000e+10 7.586891e-01 2.337814e-01 3.733043e-01 6.177373e-01
8.000000e+10 7.839000e-01 2.105563e-01 3.192682e-01 6.842755e-01
8.100000e+10 7.895624e-01 1.583968e-01 2.607745e-01 7.282279e-01
8.200000e+10 7.830516e-01 8.517942e-02 2.115743e-01 7.490999e-01
8.300000e+10 7.733103e-01 2.018510e-03 1.811494e-01 7.517910e-01
8.400000e+10 7.657401e-01 -8.094505e-02 1.727305e-01 7.415996e-01
8.500000e+10 7.605993e-01 -1.556294e-01 1.845010e-01 7.212837e-01
8.600000e+10 7.542268e-01 -2.155456e-01 2.112842e-01 6.911998e-01
8.700000e+10 7.416542e-01 -2.558962e-01 2.459333e-01 6.512181e-01
8.800000e+10 7.194566e-01 -2.746324e-01 2.809723e-01 6.027018e-01
8.900000e+10 6.875358e-01 -2.732753e-01 3.105381e-01 5.491741e-01
9.000000e+10 6.489374e-01 -2.563078e-01 3.317107e-01 4.953727e-01
9.100000e+10 6.081820e-01 -2.293563e-01 3.444771e-01 4.456642e-01
9.200000e+10 5.695087e-01 -1.974032e-01 3.506505e-01 4.030092e-01
9.300000e+10 5.359630e-01 -1.638845e-01 3.526359e-01 3.688444e-01
9.400000e+10 5.093338e-01 -1.306425e-01 3.526223e-01 3.435273e-01
9.500000e+10 4.905088e-01 -9.829130e-02 3.522522e-01 3.268885e-01
9.600000e+10 4.798912e-01 -6.663717e-02 3.525760e-01 3.186616e-01
9.700000e+10 4.777172e-01 -3.500718e-02 3.541008e-01 3.187489e-01
9.800000e+10 4.842369e-01 -2.477493e-03 3.568158e-01 3.273557e-01
9.900000e+10 4.997568e-01 3.194011e-02 3.601353e-01 3.450207e-01
1.000000e+11 5.245224e-01 6.906558e-02 3.627391e-01 3.725238e-01
1.010000e+11 5.583816e-01 1.091632e-01 3.623339e-01 4.105942e-01
1.020000e+11 6.001636e-01 1.513018e-01 3.554657e-01 4.592910e-01
1.030000e+11 6.468273e-01 1.925008e-01 3.377184e-01 5.169867e-01
1.040000e+11 6.928305e-01 2.271042e-01 3.048336e-01 5.792358e-01
1.050000e+11 7.307198e-01 2.473838e-01 2.550239e-01 6.385260e-01
1.060000e+11 7.537772e-01 2.462111e-01 1.914666e-01 6.862220e-01
1.070000e+11 7.596445e-01 2.207322e-01 1.225616e-01 7.164606e-01
1.080000e+11 7.518384e-01 1.739796e-01 5.874820e-02 7.290684e-01
1.090000e+11 7.375736e-01 1.128687e-01 8.271803e-03 7.288395e-01
1.100000e+11 7.240137e-01 4.473548e-02 -2.476891e-02 7.222057e-01
1.110000e+11 7.157794e-01 -2.472883e-02 -3.967903e-02 7.142508e-01
1.120000e+11 7.143440e-01 -9.154850e-02 -3.754798e-02 7.074577e-01
1.130000e+11 7.184599e-01 -1.525604e-01 -2.020303e-02 7.017847e-01
1.140000e+11 7.249169e-01 -2.046006e-01 9.978442e-03 6.953730e-01
1.150000e+11 7.295195e-01 -2.443602e-01 4.979428e-02 6.855708e-01
1.160000e+11 7.283539e-01 -2.690152e-01 9.507485e-02 6.701425e-01
1.170000e+11 7.191104e-01 -2.772390e-01 1.411138e-01 6.483404e-01
1.180000e+11 7.018675e-01 -2.698565e-01 1.836297e-01 6.213499e-01
1.190000e+11 6.788904e-01 -2.496009e-01 2.197129e-01 5.918766e-01
1.200000e+11 6.536432e-01 -2.201191e-01 2.481918e-01 5.632032e-01
1.210000e+11 6.296751e-01 -1.848661e-01 2.693192e-01 5.383144e-01
1.220000e+11 6.099101e-01 -1.464113e-01 2.841104e-01 5.194568e-01
1.230000e+11 5.964348e-01 -1.062572e-01 2.937001e-01 5.081183e-01
1.240000e+11 5.905935e-01 -6.500450e-02 2.988916e-01 5.052118e-01
1.250000e+11 5.931591e-01 -2.267019e-02 2.998874e-01 5.112645e-01
1.260000e+11 6.044193e-01 2.093521e-02 2.961387e-01 5.264848e-01
1.270000e+11 6.240892e-01 6.577705e-02 2.862800e-01 5.506400e-01
1.280000e+11 6.510233e-01 1.110855e-01 2.682044e-01 5.827158e-01
1.290000e+11 6.827947e-01 1.548037e-01 2.394377e-01 6.204144e-01
1.300000e+11 7.154003e-01 1.932222e-01 1.980035e-01 6.597403e-01
1.310000e+11 7.435783e-01 2.212642e-01 1.437574e-01 6.951867e-01
1.320000e+11 7.621618e-01 2.338281e-01 7.960036e-02 7.210262e-01
1.330000e+11 7.681430e-01 2.278582e-01 1.148903e-02 7.334796e-01
1.340000e+11 7.621264e-01 2.038182e-01 -5.330344e-02 7.324299e-01
1.350000e+11 7.479710e-01 1.653742e-01 -1.086929e-01 7.213167e-01
1.360000e+11 7.309397e-01 1.176113e-01 -1.513307e-01 7.053647e-01
1.370000e+11 7.157713e-01 6.521537e-02 -1.805029e-01 6.895609e-01
1.380000e+11 7.056485e-01 1.160493e-02 -1.970580e-01 6.774756e-01
1.390000e+11 7.020370e-01 -4.100266e-02 -2.023182e-01 6.710008e-01
1.400000e+11 7.049327e-01 -9.107132e-02 -1.974436e-01 6.705611e-01
1.410000e+11 7.131691e-01 -1.371832e-01 -1.832772e-01 6.754262e-01
1.420000e+11 7.246957e-01 -1.776562e-01 -1.605288e-01 6.839975e-01
1.430000e+11 7.369012e-01 -2.104548e-01 -1.301355e-01 6.941159e-01
1.440000e+11 7.470852e-01 -2.334329e-01 -9.361939e-02 7.034776e-01
1.450000e+11 7.530723e-01 -2.448358e-01 -5.325128e-02 7.101673e-01
1.460000e+11 7.537982e-01 -2.438405e-01 -1.189062e-02 7.131705e-01
1.470000e+11 7.496032e-01 -2.308394e-01 2.746133e-02 7.126458e-01
1.480000e+11 7.420810e-01 -2.073048e-01 6.217345e-02 7.098193e-01
1.490000e+11 7.335714e-01 -1.753239e-01 9.030543e-02 7.065646e-01
1.500000e+11 7.265508e-01 -1.370674e-01 1.106215e-01 7.048769e-01
1.510000e+11 7.231384e-01 -9.443553e-02 1.223662e-01 7.064259e-01
1.520000e+11 7.247890e-01 -4.897726e-02 1.249654e-01 7.122528e-01
1.530000e+11 7.321147e-01 -2.055442e-03 1.178056e-01 7.225715e-01
1.540000e+11 7.447552e-01 4.483498e-02 1.002012e-01 7.366205e-01
1.550000e+11 7.612736e-01 8.971685e-02 7.161310e-02 7.525688e-01
1.560000e+11 7.791632e-01 1.299154e-01 3.212171e-02 7.675842e-01
1.570000e+11 7.951415e-01 1.621826e-01 -1.697850e-02 7.782407e-01
1.580000e+11 8.058683e-01 1.833004e-01 -7.278364e-02 7.813624e-01
1.590000e+11 8.089670e-01 1.910301e-01 -1.309793e-01 7.750997e-01
1.600000e+11 8.038809e-01 1.849309e-01 -1.867611e-01 7.597009e-01
1.610000e+11 7.920441e-01 1.665168e-01 -2.360771e-01 7.374779e-01
1.620000e+11 7.762682e-01 1.386503e-01 -2.765064e-01 7.119780e-01
1.630000e+11 7.597642e-01 1.045885e-01 -3.073835e-01 6.868903e-01
1.640000e+11 7.453267e-01 6.721240e-02 -3.293156e-01 6.652411e-01
1.650000e+11 7.349278e-01 2.868623e-02 -3.435080e-01 6.490749e-01
1.660000e+11 7.296577e-01 -9.511144e-03 -3.512190e-01 6.394960e-01
1.670000e+11 7.298388e-01 -4.636182e-02 -3.534524e-01 6.368568e-01
1.680000e+11 7.351744e-01 -8.104153e-02 -3.508611e-01 6.409448e-01
1.690000e+11 7.448759e-01 -1.126957e-01 -3.437976e-01 6.511091e-01
1.700000e+11 7.577719e-01 -1.403020e-01 -3.324575e-01 6.663375e-01
1.710000e+11 7.724358e-01 -1.626438e-01 -3.170772e-01 6.853220e-01
1.720000e+11 7.873646e-01 -1.784043e-01 -2.981432e-01 7.065589e-01
1.730000e+11 8.012125e-01 -1.863663e-01 -2.765602e-01 7.285077e-01
1.740000e+11 8.130397e-01 -1.856612e-01 -2.537200e-01 7.497931e-01
1.750000e+11 8.224928e-01 -1.759829e-01 -2.314381e-01 7.693899e-01
1.760000e+11 8.298400e-01 -1.576888e-01 -2.117697e-01 7.867161e-01
1.770000e+11 8.358310e-01 -1.317632e-01 -1.967674e-01 8.015825e-01
1.780000e+11 8.414206e-01 -9.968641e-02 -1.882501e-01 8.140106e-01
1.790000e+11 8.474396e-01 -6.328724e-02 -1.876229e-01 8.239819e-01
1.800000e+11 8.543009e-01 -2.464099e-02 -1.957403e-01 8.312091e-01
1.810000e+11 8.618115e-01 1.398200e-02 -2.127834e-01 8.350130e-01
1.820000e+11 8.691384e-01 5.016870e-02 -2.381402e-01 8.343703e-01
1.830000e+11 8.749636e-01 8.149472e-02 -2.703330e-01 8.281546e-01
1.840000e+11 8.778235e-01 1.057827e-01 -3.070805e-01 8.155279e-01
1.850000e+11 8.765541e-01 1.214512e-01 -3.455756e-01 7.963506e-01
1.860000e+11 8.706886e-01 1.278223e-01 -3.829610e-01 7.714278e-01
1.870000e+11 8.606385e-01 1.252331e-01 -4.168587e-01 7.424582e-01
1.880000e+11 8.475886e-01 1.148808e-01 -4.457486e-01 7.117001e-01
1.890000e+11 8.331768e-01 9.847446e-02 -4.690686e-01 6.815138e-01
1.900000e+11 8.191186e-01 7.784795e-02 -4.870531e-01 6.539681e-01
1.910000e+11 8.069125e-01 5.467006e-02 -5.004351e-01 6.306217e-01
1.920000e+11 7.976823e-01 3.030386e-02 -5.101446e-01 6.124796e-01
1.930000e+11 7.921377e-01 5.795293e-03 -5.170839e-01 6.000606e-01
1.940000e+11 7.906045e-01 -1.806017e-02 -5.219989e-01 5.935035e-01
1.950000e+11 7.930836e-01 -4.062184e-02 -5.254328e-01 5.926650e-01
1.960000e+11 7.993095e-01 -6.131266e-02 -5.277357e-01 5.971863e-01
1.970000e+11 8.088047e-01 -7.955198e-02 -5.291109e-01 6.065296e-01
1.980000e+11 8.209296e-01 -9.472321e-02 -5.296817e-01 6.199922e-01
1.990000e+11 8.349381e-01 -1.061811e-01 -5.295689e-01 6.367134e-01
2.000000e+11 8.500418e-01 -1.132989e-01 -5.289671e-01 6.556891e-01
2.010000e+11 8.654819e-01 -1.155485e-01 -5.282051e-01 6.758009e-01
2.020000e+11 8.805971e-01 -1.125977e-01 -5.277743e-01 6.958645e-01
2.030000e+11 8.948709e-01 -1.044045e-01 -5.283123e-01 7.146885e-01
2.040000e+11 9.079417e-01 -9.128518e-02 -5.305349e-01 7.311347e-01
2.050000e+11 9.195717e-01 -7.393945e-02 -5.351262e-01 7.441673e-01
2.060000e+11 9.295827e-01 -5.342661e-02 -5.426061e-01 7.528932e-01
2.070000e+11 9.377863e-01 -3.109389e-02 -5.532052e-01 7.565978e-01
2.080000e+11 9.439384e-01 -8.463741e-03 -5.667786e-01 7.547914e-01
2.090000e+11 9.477441e-01 1.291037e-02 -5.827866e-01 7.472696e-01
2.100000e+11 9.489169e-01 3.160560e-02 -6.003563e-01 7.341776e-01
2.110000e+11 9.472774e-01 4.648560e-02 -6.184194e-01 7.160525e-01
2.120000e+11 9.428523e-01 5.682022e-02 -6.358970e-01 6.938133e-01
2.130000e+11 9.359343e-01 6.233992e-02 -6.518824e-01 6.686823e-01
2.140000e+11 9.270794e-01 6.321212e-02 -6.657740e-01 6.420478e-01
2.150000e+11 9.170414e-01 5.995039e-02 -6.773280e-01 6.153029e-01
2.160000e+11 9.066692e-01 5.328704e-02 -6.866310e-01 5.897012e-01
2.170000e+11 8.967991e-01 4.404532e-02 -6.940169e-01 5.662590e-01
2.180000e+11 8.881674e-01 3.303822e-02 -6.999624e-01 5.457128e-01
2.190000e+11 8.813561e-01 2.100570e-02 -7.049892e-01 5.285240e-01
2.200000e+11 8.767703e-01 8.588124e-03 -7.095904e-01 5.149116e-01
2.210000e+11 8.746383e-01 -3.673877e-03 -7.141843e-01 5.048955e-01
2.220000e+11 8.750264e-01 -1.532495e-02 -7.190934e-01 4.983384e-01
2.230000e+11 8.778601e-01 -2.597626e-02 -7.245411e-01 4.949786e-01
2.240000e+11 8.829471e-01 -3.528968e-02 -7.306612e-01 4.944535e-01
2.250000e+11 8.900001e-01 -4.296945e-02 -7.375130e-01 4.963149e-01
2.260000e+11 8.986601e-01 -4.876310e-02 -7.450991e-01 5.000394e-01
2.270000e+11 9.085180e-01 -5.247161e-02 -7.533835e-01 5.050397e-01
2.280000e+11 9.191376e-01 -5.396655e-02 -7.623051e-01 5.106784e-01
2.290000e+11 9.300761e-01 -5.321059e-02 -7.717876e-01 5.162887e-01
2.300000e+11 9.409040e-01 -5.027646e-02 -7.817425e-01 5.212017e-01
2.310000e+11 9.512210e-01 -4.535895e-02 -7.920661e-01 5.247811e-01
2.320000e+11 9.606692e-01 -3.877537e-02 -8.026333e-01 5.264613e-01
2.330000e+11 9.689430e-01 -3.095154e-02 -8.132906e-01 5.257860e-01
2.340000e+11 9.757979e-01 -2.239298e-02 -8.238530e-01 5.224428e-01
2.350000e+11 9.810591e-01 -1.364409e-02 -8.341093e-01 5.162872e-01
2.360000e+11 9.846293e-01 -5.240663e-03 -8.438362e-01 5.073537e-01
2.370000e+11 9.864964e-01 2.337255e-03 -8.528205e-01 4.958497e-01
2.380000e+11 9.867372e-01 8.704759e-03 -8.608852e-01 4.821318e-01
2.390000e+11 9.855147e-01 1.359817e-02 -8.679139e-01 4.666688e-01
2.400000e+11 9.830681e-01 1.688481e-02 -8.738668e-01 4.499942e-01
2.410000e+11 9.796942e-01 1.855698e-02 -8.787854e-01 4.326576e-01
2.420000e+11 9.757236e-01 1.871345e-02 -8.827864e-01 4.151801e-01
2.430000e+11 9.714943e-01 1.753367e-02 -8.860443e-01 3.980192e-01
2.440000e+11 9.673274e-01 1.524973e-02 -8.887700e-01 3.815463e-01
2.450000e+11 9.635060e-01 1.212040e-02 -8.911871e-01 3.660361e-01
2.460000e+11 9.602610e-01 8.409858e-03 -8.935108e-01 3.516660e-01
2.470000e+11 9.577630e-01 4.371889e-03 -8.959315e-01 3.385227e-01
2.480000e+11 9.561198e-01 2.393003e-04 -8.986035e-01 3.266139e-01
2.490000e+11 9.553790e-01 -3.782486e-03 -9.016395e-01 3.158810e-01
2.500000e+11 9.555338e-01 -7.518957e-03 -9.051089e-01 3.062127e-01
2.510000e+11 9.565314e-01 -1.082824e-02 -9.090400e-01 2.974580e-01
2.520000e+11 9.582819e-01 -1.360189e-02 -9.134247e-01 2.894381e-01
2.530000e+11 9.606687e-01 -1.576502e-02 -9.182242e-01 2.819576e-01
2.540000e+11 9.635582e-01 -1.727610e-02 -9.233758e-01 2.748147e-01
2.550000e+11 9.668092e-01 -1.812601e-02 -9.287997e-01 2.678106e-01
2.560000e+11 9.702809e-01 -1.833629e-02 -9.344055e-01 2.607587e-01
2.570000e+11 9.738403e-01 -1.795624e-02 -9.400982e-01 2.534916e-01
2.580000e+11 9.773679e-01 -1.705881e-02 -9.457832e-01 2.458683e-01
2.590000e+11 9.807616e-01 -1.573532e-02 -9.513712e-01 2.377783e-01
2.600000e+11 9.839393e-01 -1.408920e-02 -9.567814e-01 2.291451e-01
2.610000e+11 9.868404e-01 -1.222932e-02 -9.619442e-01 2.199264e-01
2.620000e+11 9.894248e-01 -1.026332e-02 -9.668034e-01 2.101125e-01
2.630000e+11 9.916722e-01 -8.291564e-03 -9.713164e-01 1.997235e-01
2.640000e+11 9.935792e-01 -6.402093e-03 -9.754547e-01 1.888037e-01
2.650000e+11 9.951565e-01 -4.667067e-03 -9.792028e-01 1.774160e-01
2.660000e+11 9.964252e-01 -3.140688e-03 -9.825570e-01 1.656353e-01
2.670000e+11 9.974138e-01 -1.858702e-03 -9.855230e-01 1.535423e-01
2.680000e+11 9.981542e-01 -8.392495e-04 -9.881137e-01 1.412177e-01
2.690000e+11 9.986795e-01 -8.483420e-05 -9.903471e-01 1.287377e-01
2.700000e+11 9.990208e-01 4.149439e-04 -9.922434e-01 1.161705e-01
2.710000e+11 9.992062e-01 6.802115e-04 -9.938235e-01 1.035737e-01
2.720000e+11 9.992593e-01 7.375157e-04 -9.951074e-01 9.099351e-02
2.730000e+11 9.991990e-01 6.166550e-04 -9.961132e-01 7.846482e-02
2.740000e+11 9.990396e-01 3.478556e-04 -9.968562e-01 6.601182e-02
2.750000e+11 9.987914e-01 -4.055058e-05 -9.973494e-01 5.364966e-02
2.760000e+11 9.984614e-01 -5.238455e-04 -9.976032e-01 4.138643e-02
2.770000e+11 9.980544e-01 -1.081990e-03 -9.976258e-01 2.922533e-02
2.780000e+11 9.975731e-01 -1.700024e-03 -9.974239e-01 1.716693e-02
2.790000e+11 9.970194e-01 -2.367839e-03 -9.970030e-01 5.211238e-03
2.800000e+11 9.963945e-01 -3.079379e-03 -9.963676e-01 -6.640475e-03
2.810000e+11 9.956992e-01 -3.831385e-03 -9.955221e-01 -1.838431e-02
2.820000e+11 9.949337e-01 -4.621797e-03 -9.944702e-01 -3.001284e-02
2.830000e+11 9.940980e-01 -5.447965e-03 -9.932158e-01 -4.151481e-02
2.840000e+11 9.931915e-01 -6.304830e-03 -9.917630e-01 -5.287538e-02
2.850000e+11 9.922137e-01 -7.183240e-03 -9.901164e-01 -6.407709e-02
2.860000e+11 9.911642e-01 -8.068563e-03 -9.882819e-01 -7.510126e-02
2.870000e+11 9.900434e-01 -8.939751e-03 -9.862667e-01 -8.593000e-02
2.880000e+11 9.888539e-01 -9.768981e-03 -9.840808e-01 -9.654855e-02
2.890000e+11 9.876011e-01 -1.052196e-02 -9.817369e-01 -1.069479e-01
2.900000e+11 9.862949e-01 -1.115898e-02 -9.792520e-01 -1.171273e-01
2.910000e+11 9.849513e-01 -1.163661e-02 -9.766474e-01 -1.270970e-01
2.920000e+11 9.835931e-01 -1.191018e-02 -9.739494e-01 -1.368799e-01
2.930000e+11 9.822511e-01 -1.193659e-02 -9.711892e-01 -1.465136e-01
2.940000e+11 9.809641e-01 -1.167767e-02 -9.684021e-01 -1.560503e-01
2.950000e+11 9.797791e-01 -1.110355e-02 -9.656266e-01 -1.655569e-01
2.960000e+11 9.787490e-01 -1.019598e-02 -9.629023e-01 -1.751137e-01
2.970000e+11 9.779310e-01 -8.951413e-03 -9.602675e-01 -1.848112e-01
2.980000e+11 9.773827e-01 -7.383563e-03 -9.577557e-01 -1.947473e-01
2.990000e+11 9.771581e-01 -5.525431e-03 -9.553918e-01 -2.050216e-01
3.000000e+11 9.773021e-01 -3.430591e-03 -9.531882e-01 -2.157307e-01
3.010000e+11 9.778451e-01 -1.173690e-03 -9.511406e-01 -2.269609e-01
3.020000e+11 9.787975e-01 1.149944e-03 -9.492243e-01 -2.387812e-01
3.030000e+11 9.801438e-01 3.425784e-03 -9.473916e-01 -2.512355e-01
3.040000e+11 9.818384e-01 5.522873e-03 -9.455703e-01 -2.643348e-01
3.050000e+11 9.838030e-01 7.298216e-03 -9.436652e-01 -2.780489e-01
3.060000e+11 9.859257e-01 8.603084e-03 -9.415604e-01 -2.923005e-01
3.070000e+11 9.880630e-01 9.291486e-03 -9.391261e-01 -3.069599e-01
3.080000e+11 9.900454e-01 9.230839e-03 -9.362270e-01 -3.218440e-01
3.090000e+11 9.916852e-01 8.314454e-03 -9.327331e-01 -3.367185e-01
3.100000e+11 9.927884e-01 6.474985e-03 -9.285313e-01 -3.513069e-01
3.110000e+11 9.931675e-01 3.697383e-03 -9.235372e-01 -3.653040e-01
3.120000e+11 9.926557e-01 2.945051e-05 -9.177046e-01 -3.783960e-01
3.130000e+11 9.911198e-01 -4.412084e-03 -9.110307e-01 -3.902846e-01
3.140000e+11 9.884722e-01 -9.441786e-03 -9.035583e-01 -4.007127e-01
3.150000e+11 9.846783e-01 -1.481308e-02 -8.953715e-01 -4.094897e-01
3.160000e+11 9.797618e-01 -2.023304e-02 -8.865897e-01 -4.165123e-01
3.170000e+11 9.738056e-01 -2.538309e-02 -8.773576e-01 -4.217780e-01
3.180000e+11 9.669503e-01 -2.994296e-02 -8.678356e-01 -4.253911e-01
3.190000e+11 9.593898e-01 -3.361497e-02 -8.581914e-01 -4.275585e-01
3.200000e+11 9.513653e-01 -3.614534e-02 -8.485930e-01 -4.285784e-01
3.210000e+11 9.431568e-01 -3.734025e-02 -8.392031e-01 -4.288223e-01
3.220000e+11 9.350727e-01 -3.707515e-02 -8.301752e-01 -4.287138e-01
3.230000e+11 9.274383e-01 -3.529745e-02 -8.216490e-01 -4.287059e-01
3.240000e+11 9.205813e-01 -3.202367e-02 -8.137446e-01 -4.292599e-01
3.250000e+11 9.148171e-01 -2.733319e-02 -8.065555e-01 -4.308263e-01
3.260000e+11 9.104322e-01 -2.136095e-02 -8.001393e-01 -4.338290e-01
3.270000e+11 9.076677e-01 -1.429144e-02 -7.945072e-01 -4.386510e-01
3.280000e+11 9.067017e-01 -6.355689e-03 -7.896128e-01 -4.456223e-01
3.290000e+11 9.076323e-01 2.167887e-03 -7.853423e-01 -4.550047e-01
3.300000e+11 9.104610e-01 1.094917e-02 -7.815071e-01 -4.669753e-01
3.310000e+11 9.150768e-01 1.960034e-02 -7.778426e-01 -4.816038e-01
3.320000e+11 9.212455e-01 2.767142e-02 -7.740152e-01 -4.988266e-01
3.330000e+11 9.286049e-01 3.465243e-02 -7.696427e-01 -5.184172e-01
3.340000e+11 9.366727e-01 3.998783e-02 -7.643298e-01 -5.399599e-01
3.350000e+11 9.448700e-01 4.310883e-02 -7.577185e-01 -5.628355e-01
3.360000e+11 9.525635e-01 4.348647e-02 -7.495494e-01 -5.862268e-01
3.370000e+11 9.591237e-01 4.070291e-02 -7.397232e-01 -6.091562e-01
3.380000e+11 9.639907e-01 3.453091e-02 -7.283441e-01 -6.305558e-01
3.390000e+11 9.667327e-01 2.500482e-02 -7.157315e-01 -6.493653e-01
3.400000e+11 9.670831e-01 1.246376e-02 -7.023860e-01 -6.646414e-01
3.410000e+11 9.649462e-01 -2.447993e-03 -6.889142e-01 -6.756570e-01
3.420000e+11 9.603726e-01 -1.882834e-02 -6.759267e-01 -6.819708e-01
3.430000e+11 9.535173e-01 -3.560490e-02 -6.639366e-01 -6.834586e-01
3.440000e+11 9.445985e-01 -5.164631e-02 -6.532842e-01 -6.803078e-01
3.450000e+11 9.338731e-01 -6.587749e-02 -6.441042e-01 -6.729851e-01
3.460000e+11 9.216332e-01 -7.738069e-02 -6.363389e-01 -6.621878e-01
3.470000e+11 9.082209e-01 -8.546883e-02 -6.297885e-01 -6.487887e-01
3.480000e+11 8.940483e-01 -8.972330e-02 -6.241792e-01 -6.337764e-01
3.490000e+11 8.796086e-01 -8.999461e-02 -6.192304e-01 -6.181957e-01
3.500000e+11 8.654710e-01 -8.637040e-02 -6.147043e-01 -6.030910e-01
3.510000e+11 8.522568e-01 -7.912118e-02 -6.104285e-01 -5.894562e-01
3.520000e+11 8.406029e-01 -6.863753e-02 -6.062916e-01 -5.781977e-01
3.530000e+11 8.311178e-01 -5.537254e-02 -6.022163e-01 -5.701106e-01
3.540000e+11 8.243391e-01 -3.980070e-02 -5.981177e-01 -5.658675e-01
3.550000e+11 8.206936e-01 -2.240000e-02 -5.938562e-01 -5.660133e-01
3.560000e+11 8.204593e-01 -3.659724e-03 -5.891918e-01 -5.709580e-01
3.570000e+11 8.237269e-01 1.588768e-02 -5.837477e-01 -5.809581e-01
3.580000e+11 8.303589e-01 3.561578e-02 -5.769907e-01 -5.960782e-01
3.590000e+11 8.399478e-01 5.474466e-02 -5.682418e-01 -6.161304e-01
3.600000e+11 8.517855e-01 7.229027e-02 -5.567310e-01 -6.405960e-01
3.610000e+11 8.648642e-01 8.704861e-02 -5.417125e-01 -6.685508e-01
3.620000e+11 8.779378e-01 9.764655e-02 -5.226424e-01 -6.986306e-01
3.630000e+11 8.896639e-01 1.026841e-01 -4.993962e-01 -7.290825e-01
3.640000e+11 8.988239e-01 1.009651e-01 -4.724659e-01 -7.579356e-01
3.650000e+11 9.045672e-01 9.176732e-02 -4.430506e-01 -7.832795e-01
3.660000e+11 9.065939e-01 7.506402e-02 -4.129684e-01 -8.035764e-01
3.670000e+11 9.051858e-01 5.160867e-02 -3.843857e-01 -8.178909e-01
3.680000e+11 9.010606e-01 2.285135e-02 -3.594407e-01 -8.259482e-01
3.690000e+11 8.951026e-01 -9.270764e-03 -3.398831e-01 -8.280110e-01
3.700000e+11 8.880748e-01 -4.258269e-02 -3.268283e-01 -8.246496e-01
3.710000e+11 8.804148e-01 -7.488895e-02 -3.206580e-01 -8.165171e-01
3.720000e+11 8.721668e-01 -1.041351e-01 -3.210452e-01 -8.042144e-01
3.730000e+11 8.630561e-01 -1.285304e-01 -3.270631e-01 -7.882737e-01
3.740000e+11 8.526684e-01 -1.466579e-01 -3.373500e-01 -7.692397e-01
3.750000e+11 8.406734e-01 -1.575754e-01 -3.503109e-01 -7.477861e-01
3.760000e+11 8.270238e-01 -1.608846e-01 -3.643353e-01 -7.248064e-01
3.770000e+11 8.120681e-01 -1.567332e-01 -3.779973e-01 -7.014323e-01
3.780000e+11 7.965488e-01 -1.457299e-01 -3.901942e-01 -6.789707e-01
3.790000e+11 7.815008e-01 -1.287891e-01 -4.001944e-01 -6.587878e-01
3.800000e+11 7.680951e-01 -1.069506e-01 -4.075907e-01 -6.421849e-01
3.810000e+11 7.574773e-01 -8.122499e-02 -4.121832e-01 -6.303010e-01
3.820000e+11 7.506354e-01 -5.250478e-02 -4.138285e-01 -6.240535e-01
3.830000e+11 7.482997e-01 -2.155625e-02 -4.122894e-01 -6.241036e-01
3.840000e+11 7.508608e-01 1.091040e-02 -4.071116e-01 -6.308194e-01
3.850000e+11 7.582813e-01 4.410416e-02 -3.975501e-01 -6.442044e-01
3.860000e+11 7.699919e-01 7.697151e-02 -3.825755e-01 -6.637762e-01
3.870000e+11 7.847870e-01 1.080115e-01 -3.610034e-01 -6.884044e-01
3.880000e+11 8.007852e-01 1.351647e-01 -3.317893e-01 -7.161727e-01
3.890000e+11 8.155612e-01 1.558890e-01 -2.944900e-01 -7.443885e-01
3.900000e+11 8.265473e-01 1.675235e-01 -2.497810e-01 -7.698869e-01
3.910000e+11 8.316894e-01 1.679220e-01 -1.997813e-01 -7.896816e-01
3.920000e+11 8.301259e-01 1.561291e-01 -1.479129e-01 -8.017821e-01
3.930000e+11 8.225319e-01 1.327404e-01 -9.822998e-02 -8.057851e-01
3.940000e+11 8.109005e-01 9.972341e-02 -5.450205e-02 -8.028975e-01
3.950000e+11 7.978724e-01 5.981741e-02 -1.950377e-02 -7.953879e-01
3.960000e+11 7.859669e-01 1.587078e-02 5.217273e-03 -7.857894e-01
3.970000e+11 7.770176e-01 -2.957727e-02 1.915494e-02 -7.762181e-01
3.980000e+11 7.719068e-01 -7.438662e-02 2.249267e-02 -7.679849e-01
3.990000e+11 7.705343e-01 -1.166773e-01 1.581487e-02 -7.614850e-01
4.000000e+11 7.719282e-01 -1.546244e-01 -1.103920e-05 -7.562833e-01
4.010000e+11 7.744623e-01 -1.863344e-01 -2.379176e-02 -7.513356e-01
4.020000e+11 7.761873e-01 -2.098982e-01 -5.389289e-02 -7.453220e-01
4.030000e+11 7.752788e-01 -2.236416e-01 -8.817887e-02 -7.370659e-01
4.040000e+11 7.705260e-01 -2.264860e-01 -1.241188e-01 -7.259538e-01
4.050000e+11 7.617044e-01 -2.182463e-01 -1.590818e-01 -7.122185e-01
4.060000e+11 7.496762e-01 -1.996899e-01 -1.907192e-01 -6.969681e-01
4.070000e+11 7.361721e-01 -1.723085e-01 -2.172602e-01 -6.819510e-01
4.080000e+11 7.233674e-01 -1.379131e-01 -2.375864e-01 -6.691734e-01
4.090000e+11 7.134288e-01 -9.824513e-02 -2.510753e-01 -6.605224e-01
4.100000e+11 7.081595e-01 -5.475803e-02 -2.573041e-01 -6.574846e-01
4.110000e+11 7.087570e-01 -8.627544e-03 -2.557371e-01 -6.609543e-01
4.120000e+11 7.156217e-01 3.902298e-02 -2.455049e-01 -6.710581e-01
4.130000e+11 7.281418e-01 8.673664e-02 -2.253758e-01 -6.869301e-01
4.140000e+11 7.444551e-01 1.322775e-01 -1.940241e-01 -7.064493e-01
4.150000e+11 7.613333e-01 1.723293e-01 -1.506830e-01 -7.261031e-01
4.160000e+11 7.744981e-01 2.026677e-01 -9.609979e-02 -7.413082e-01
4.170000e+11 7.796526e-01 2.190913e-01 -3.334979e-02 -7.474924e-01
4.180000e+11 7.740594e-01 2.189327e-01 3.222735e-02 -7.417532e-01
4.190000e+11 7.578103e-01 2.022885e-01 9.436009e-02 -7.241906e-01
4.200000e+11 7.338427e-01 1.720145e-01 1.478183e-01 -6.979154e-01
4.210000e+11 7.066782e-01 1.324612e-01 1.897645e-01 -6.677107e-01
4.220000e+11 6.808213e-01 8.788697e-02 2.198042e-01 -6.383414e-01
4.230000e+11 6.597206e-01 4.146025e-02 2.391071e-01 -6.134657e-01
4.240000e+11 6.454888e-01 -4.940401e-03 2.493659e-01 -5.953554e-01
4.250000e+11 6.390747e-01 -5.041508e-02 2.520577e-01 -5.850997e-01
4.260000e+11 6.405312e-01 -9.455365e-02 2.480873e-01 -5.829173e-01
4.270000e+11 6.491838e-01 -1.369513e-01 2.377154e-01 -5.883667e-01
4.280000e+11 6.636595e-01 -1.767919e-01 2.206820e-01 -6.004066e-01
4.290000e+11 6.818452e-01 -2.125411e-01 1.964946e-01 -6.173564e-01
4.300000e+11 7.009217e-01 -2.418363e-01 1.648748e-01 -6.368852e-01
4.310000e+11 7.176615e-01 -2.617101e-01 1.263033e-01 -6.561961e-01
4.320000e+11 7.290992e-01 -2.692254e-01 8.247414e-02 -6.725336e-01
4.330000e+11 7.334421e-01 -2.623673e-01 3.637523e-02 -6.839427e-01
4.340000e+11 7.307882e-01 -2.407593e-01 -8.167057e-03 -6.899418e-01
4.350000e+11 7.231988e-01 -2.057557e-01 -4.729526e-02 -6.916966e-01
4.360000e+11 7.140463e-01 -1.598594e-01 -7.781798e-02 -6.915572e-01
4.370000e+11 7.069990e-01 -1.058802e-01 -9.742999e-02 -6.922025e-01
4.380000e+11 7.050836e-01 -4.636552e-02 -1.044614e-01 -6.957593e-01
4.390000e+11 7.099931e-01 1.640439e-02 -9.746861e-02 -7.030797e-01
4.400000e+11 7.215408e-01 7.987281e-02 -7.507223e-02 -7.131660e-01
4.410000e+11 7.371791e-01 1.403694e-01 -3.639593e-02 -7.227757e-01
4.420000e+11 7.518481e-01 1.925293e-01 1.775267e-02 -7.265624e-01
4.430000e+11 7.588605e-01 2.298153e-01 8.341304e-02 -7.183985e-01
4.440000e+11 7.523220e-01 2.466829e-01 1.530465e-01 -6.940552e-01
4.450000e+11 7.301350e-01 2.414204e-01 2.174605e-01 -6.538535e-01
4.460000e+11 6.952323e-01 2.172868e-01 2.693747e-01 -6.029690e-01
4.470000e+11 6.538742e-01 1.807561e-01 3.059094e-01 -5.489064e-01
4.480000e+11 6.126379e-01 1.384766e-01 3.283340e-01 -4.983434e-01
4.490000e+11 5.763896e-01 9.523037e-02 3.400888e-01 -4.555170e-01
4.500000e+11 5.478812e-01 5.352455e-02 3.448976e-01 -4.223205e-01
4.510000e+11 5.282754e-01 1.412446e-02 3.457654e-01 -3.991512e-01
4.520000e+11 5.178333e-01 -2.323038e-02 3.447090e-01 -3.857296e-01
4.530000e+11 5.164127e-01 -5.926201e-02 3.428266e-01 -3.816280e-01
4.540000e+11 5.237153e-01 -9.477054e-02 3.404390e-01 -3.865198e-01
4.550000e+11 5.393217e-01 -1.303481e-01 3.371895e-01 -4.002256e-01
4.560000e+11 5.625524e-01 -1.660978e-01 3.320910e-01 -4.226018e-01
4.570000e+11 5.921893e-01 -2.013008e-01 3.235770e-01 -4.532814e-01
4.580000e+11 6.261289e-01 -2.340505e-01 3.096706e-01 -4.912859e-01
4.590000e+11 6.611533e-01 -2.610136e-01 2.884327e-01 -5.346047e-01
4.600000e+11 6.931461e-01 -2.776354e-01 2.587820e-01 -5.800017e-01
4.610000e+11 7.180581e-01 -2.790956e-01 2.215144e-01 -6.234136e-01
4.620000e+11 7.334771e-01 -2.618848e-01 1.799531e-01 -6.610763e-01
4.630000e+11 7.399313e-01 -2.251749e-01 1.396115e-01 -6.908714e-01
4.640000e+11 7.408902e-01 -1.710327e-01 1.069027e-01 -7.129081e-01
4.650000e+11 7.412769e-01 -1.034586e-01 8.771192e-02 -7.287622e-01
4.660000e+11 7.452937e-01 -2.728683e-02 8.655121e-02 -7.397479e-01
4.670000e+11 7.544204e-01 5.200430e-02 1.061229e-01 -7.451064e-01
4.680000e+11 7.660322e-01 1.275098e-01 1.464838e-01 -7.410055e-01
4.690000e+11 7.732629e-01 1.903284e-01 2.034578e-01 -7.213290e-01
4.700000e+11 7.673125e-01 2.311152e-01 2.675943e-01 -6.809901e-01
4.710000e+11 7.422947e-01 2.442582e-01 3.262512e-01 -6.204027e-01
4.720000e+11 6.993026e-01 2.314792e-01 3.690712e-01 -5.470173e-01
4.730000e+11 6.456428e-01 2.007906e-01 3.924835e-01 -4.716932e-01
4.740000e+11 5.902441e-01 1.617539e-01 3.993587e-01 -4.034061e-01
4.750000e+11 5.398124e-01 1.215620e-01 3.954306e-01 -3.467777e-01
4.760000e+11 4.978503e-01 8.402624e-02 3.861798e-01 -3.027534e-01
4.770000e+11 4.654781e-01 5.038292e-02 3.755708e-01 -2.703295e-01
4.780000e+11 4.425698e-01 2.042206e-02 3.660501e-01 -2.479079e-01
4.790000e+11 4.285626e-01 -6.707388e-03 3.589686e-01 -2.340138e-01
4.800000e+11 4.228951e-01 -3.206051e-02 3.549936e-01 -2.275785e-01
4.810000e+11 4.251975e-01 -5.669552e-02 3.543859e-01 -2.280113e-01
4.820000e+11 4.353402e-01 -8.158286e-02 3.571408e-01 -2.351930e-01
4.830000e+11 4.533959e-01 -1.075354e-01 3.630184e-01 -2.494427e-01
4.840000e+11 4.795189e-01 -1.350930e-01 3.714801e-01 -2.714605e-01
4.850000e+11 5.137150e-01 -1.642991e-01 3.815493e-01 -3.022070e-01
4.860000e+11 5.554643e-01 -1.943188e-01 3.916349e-01 -3.426411e-01
4.870000e+11 6.032048e-01 -2.229030e-01 3.994343e-01 -3.932207e-01
4.880000e+11 6.538518e-01 -2.458804e-01 4.021621e-01 -4.531343e-01
4.890000e+11 7.028077e-01 -2.571571e-01 3.974298e-01 -5.194791e-01
4.900000e+11 7.450480e-01 -2.498703e-01 3.848471e-01 -5.869872e-01
4.910000e+11 7.772557e-01 -2.188072e-01 3.676270e-01 -6.489224e-01
4.920000e+11 7.996060e-01 -1.629546e-01 3.527723e-01 -6.988328e-01
4.930000e+11 8.152069e-01 -8.659015e-02 3.489859e-01 -7.316238e-01
4.940000e+11 8.268135e-01 1.221858e-03 3.629774e-01 -7.428772e-01
4.950000e+11 8.329154e-01 8.759433e-02 3.955568e-01 -7.277432e-01
4.960000e+11 8.265971e-01 1.575316e-01 4.391245e-01 -6.823608e-01
4.970000e+11 7.997109e-01 1.984824e-01 4.793531e-01 -6.085745e-01
4.980000e+11 7.501553e-01 2.066962e-01 5.025993e-01 -5.171109e-01
4.990000e+11 6.847933e-01 1.890109e-01 5.037644e-01 -4.236015e-01
5.000000e+11 6.148175e-01 1.573615e-01 4.870202e-01 -3.406600e-01
5.010000e+11 5.494905e-01 1.219974e-01 4.604631e-01 -2.739164e-01
5.020000e+11 4.937178e-01 8.878009e-02 4.312327e-01 -2.234138e-01
5.030000e+11 4.489052e-01 5.991441e-02 4.038507e-01 -1.866301e-01
5.040000e+11 4.146094e-01 3.554960e-02 3.805937e-01 -1.605790e-01
5.050000e+11 3.897379e-01 1.496555e-02 3.623573e-01 -1.427194e-01
5.060000e+11 3.731754e-01 -2.802997e-03 3.493486e-01 -1.311775e-01
5.070000e+11 3.640441e-01 -1.870677e-02 3.415082e-01 -1.247009e-01
5.080000e+11 3.617869e-01 -3.360360e-02 3.387352e-01 -1.225521e-01
5.090000e+11 3.661785e-01 -4.825415e-02 3.409955e-01 -1.244197e-01
5.100000e+11 3.773125e-01 -6.333704e-02 3.483643e-01 -1.303667e-01
5.110000e+11 3.955787e-01 -7.945287e-02 3.610264e-01 -1.408180e-01
5.120000e+11 4.216203e-01 -9.709101e-02 3.792377e-01 -1.565750e-01
5.130000e+11 4.562410e-01 -1.165233e-01 4.032314e-01 -1.788367e-01
5.140000e+11 5.002080e-01 -1.375711e-01 4.330453e-01 -2.091747e-01
5.150000e+11 5.538722e-01 -1.591802e-01 4.682494e-01 -2.493563e-01
5.160000e+11 6.165498e-01 -1.787836e-01 5.076149e-01 -3.008275e-01
5.170000e+11 6.857555e-01 -1.916312e-01 5.489228e-01 -3.636232e-01
5.180000e+11 7.567088e-01 -1.907203e-01 5.893211e-01 -4.346661e-01
5.190000e+11 8.228047e-01 -1.684220e-01 6.265392e-01 -5.060536e-01
5.200000e+11 8.771412e-01 -1.204680e-01 6.602265e-01 -5.647699e-01
5.210000e+11 9.136071e-01 -5.088653e-02 6.912185e-01 -5.952357e-01
5.220000e+11 9.260871e-01 2.589654e-02 7.175512e-01 -5.848819e-01
5.230000e+11 9.082540e-01 8.958185e-02 7.311560e-01 -5.313299e-01
5.240000e+11 8.579720e-01 1.247418e-01 7.218481e-01 -4.466439e-01
5.250000e+11 7.825074e-01 1.295721e-01 6.866214e-01 -3.522500e-01
5.260000e+11 6.961529e-01 1.137652e-01 6.328057e-01 -2.669143e-01
5.270000e+11 6.123398e-01 8.931370e-02 5.720242e-01 -1.994276e-01
5.280000e+11 5.389050e-01 6.435352e-02 5.135559e-01 -1.501250e-01
5.290000e+11 4.784638e-01 4.253880e-02 4.623413e-01 -1.155794e-01
5.300000e+11 4.306608e-01 2.472767e-02 4.200275e-01 -9.183765e-02
5.310000e+11 3.939966e-01 1.053565e-02 3.865168e-01 -7.567753e-02
5.320000e+11 3.668051e-01 -7.982306e-04 3.610349e-01 -6.480068e-02
5.330000e+11 3.476557e-01 -1.004209e-02 3.426921e-01 -5.766973e-02
5.340000e+11 3.354736e-01 -1.785283e-02 3.307314e-01 -5.329723e-02
5.350000e+11 3.295475e-01 -2.476147e-02 3.246220e-01 -5.107812e-02
5.360000e+11 3.295063e-01 -3.119254e-02 3.240884e-01 -5.067726e-02
5.370000e+11 3.352984e-01 -3.748870e-02 3.291194e-01 -5.196185e-02
5.380000e+11 3.471818e-01 -4.392871e-02 3.399767e-01 -5.496675e-02
5.390000e+11 3.657296e-01 -5.073199e-02 3.572092e-01 -5.988350e-02
5.400000e+11 3.918410e-01 -5.804191e-02 3.816711e-01 -6.706445e-02
5.410000e+11 4.267397e-01 -6.587405e-02 4.145283e-01 -7.703029e-02
5.420000e+11 4.719192e-01 -7.400694e-02 4.572182e-01 -9.045561e-02
5.430000e+11 5.289501e-01 -8.178654e-02 5.112914e-01 -1.080753e-01
5.440000e+11 5.989981e-01 -8.783198e-02 5.779982e-01 -1.303932e-01
5.450000e+11 6.818291e-01 -8.972922e-02 6.574130e-01 -1.569960e-01
5.460000e+11 7.741000e-01 -8.407862e-02 7.468765e-01 -1.853028e-01
5.470000e+11 8.671318e-01 -6.770134e-02 8.388185e-01 -2.090877e-01
5.480000e+11 9.455117e-01 -4.068323e-02 9.190109e-01 -2.185320e-01
5.490000e+11 9.895602e-01 -9.604814e-03 9.681101e-01 -2.046946e-01
5.500000e+11 9.841744e-01 1.419253e-02 9.696954e-01 -1.675968e-01
5.510000e+11 9.295110e-01 2.292091e-02 9.215846e-01 -1.189417e-01
5.520000e+11 8.419091e-01 1.807298e-02 8.384906e-01 -7.360583e-02
5.530000e+11 7.429174e-01 6.684411e-03 7.418178e-01 -3.985014e-02
5.540000e+11 6.485934e-01 -5.141849e-03 6.483172e-01 -1.821489e-02
5.550000e+11 5.668018e-01 -1.455237e-02 5.665866e-01 -5.664196e-03
5.560000e+11 4.995821e-01 -2.103728e-02 4.991377e-01 1.112079e-03
5.570000e+11 4.460971e-01 -2.507696e-02 4.453685e-01 4.539852e-03
5.580000e+11 4.045247e-01 -2.735430e-02 4.035521e-01 6.136644e-03
5.590000e+11 3.729718e-01 -2.845292e-02 3.718231e-01 6.784495e-03
