##nu(Hz)   #T   #rho   #c   #s
5.000000e+10 8.436290e-01 6.536491e-02 8.436265e-02 5.755481e-01
5.050000e+10 8.090554e-01 1.313488e-01 2.732896e-02 4.865915e-01
5.100000e+10 7.278648e-01 1.078813e-01 -2.556274e-02 3.720017e-01
5.150000e+10 6.678122e-01 4.887717e-02 -5.010492e-02 3.022786e-01
5.200000e+10 6.719320e-01 -1.152107e-02 -5.446544e-02 2.940630e-01
5.250000e+10 7.413157e-01 -6.458968e-02 -4.336122e-02 3.437388e-01
5.300000e+10 8.427691e-01 -8.794759e-02 -1.579839e-02 4.350027e-01
5.350000e+10 9.143329e-01 -4.777106e-02 1.441144e-02 5.099697e-01
5.400000e+10 9.217121e-01 2.943350e-02 1.968440e-02 5.027189e-01
5.450000e+10 8.675947e-01 6.819800e-02 1.306019e-03 4.203413e-01
5.500000e+10 7.920640e-01 5.223874e-02 -1.588932e-02 3.325187e-01
5.550000e+10 7.514806e-01 1.401543e-02 -2.150535e-02 2.870058e-01
5.600000e+10 7.698968e-01 -2.496431e-02 -1.718521e-02 2.913850e-01
5.650000e+10 8.384406e-01 -5.100716e-02 -5.134431e-03 3.390961e-01
5.700000e+10 9.162966e-01 -4.208874e-02 8.621385e-03 4.035494e-01
5.750000e+10 9.479315e-01 7.584231e-03 1.045769e-02 4.276410e-01
5.800000e+10 9.083133e-01 5.252399e-02 -3.012122e-03 3.779597e-01
5.850000e+10 8.226038e-01 5.416792e-02 -1.656214e-02 2.943973e-01
5.900000e+10 7.475671e-01 2.658514e-02 -2.064109e-02 2.317187e-01
5.950000e+10 7.212234e-01 -8.122743e-03 -1.672397e-02 2.078164e-01
6.000000e+10 7.519026e-01 -4.088368e-02 -6.644443e-03 2.218295e-01
6.050000e+10 8.268105e-01 -6.209937e-02 9.600382e-03 2.694263e-01
6.100000e+10 9.070673e-01 -5.181523e-02 2.843520e-02 3.300966e-01
6.150000e+10 9.429593e-01 -3.100803e-03 3.910065e-02 3.569789e-01
6.200000e+10 9.161292e-01 4.758886e-02 3.607791e-02 3.217598e-01
6.250000e+10 8.501416e-01 6.456141e-02 2.770303e-02 2.540142e-01
6.300000e+10 7.904635e-01 5.330464e-02 2.283226e-02 1.968274e-01
6.350000e+10 7.702386e-01 3.183518e-02 2.366876e-02 1.663594e-01
6.400000e+10 7.992054e-01 9.638150e-03 2.986535e-02 1.617262e-01
6.450000e+10 8.676969e-01 -7.668108e-03 4.079076e-02 1.778260e-01
6.500000e+10 9.427825e-01 -1.225088e-02 5.409128e-02 2.023607e-01
6.550000e+10 9.775104e-01 -1.204152e-03 6.490067e-02 2.124725e-01
6.600000e+10 9.537000e-01 1.284830e-02 7.037638e-02 1.954455e-01
6.650000e+10 9.013002e-01 1.679487e-02 7.304415e-02 1.651504e-01
6.700000e+10 8.621711e-01 1.109872e-02 7.703127e-02 1.405952e-01
6.750000e+10 8.590332e-01 1.622266e-03 8.481653e-02 1.294986e-01
6.800000e+10 8.925970e-01 -6.543350e-03 9.678201e-02 1.313936e-01
6.850000e+10 9.432528e-01 -8.487424e-03 1.106370e-01 1.403777e-01
6.900000e+10 9.748021e-01 -1.566800e-03 1.214455e-01 1.443835e-01
6.950000e+10 9.593330e-01 8.722741e-03 1.255829e-01 1.328868e-01
7.000000e+10 9.065776e-01 1.310324e-02 1.250160e-01 1.097917e-01
7.050000e+10 8.519951e-01 9.397643e-03 1.249234e-01 8.757833e-02
7.100000e+10 8.242661e-01 1.030654e-03 1.294054e-01 7.386222e-02
7.150000e+10 8.341733e-01 -8.526368e-03 1.403969e-01 7.037410e-02
7.200000e+10 8.770273e-01 -1.596410e-02 1.575465e-01 7.640800e-02
7.250000e+10 9.324476e-01 -1.650044e-02 1.771538e-01 8.834553e-02
7.300000e+10 9.683937e-01 -6.408087e-03 1.924425e-01 9.713454e-02
7.350000e+10 9.636208e-01 1.034080e-02 1.987566e-01 9.308066e-02
7.400000e+10 9.280509e-01 2.423048e-02 1.984914e-01 7.641593e-02
7.450000e+10 8.901782e-01 3.041804e-02 1.981549e-01 5.534515e-02
7.500000e+10 8.727602e-01 3.000842e-02 2.030687e-01 3.618629e-02
7.550000e+10 8.838093e-01 2.523256e-02 2.155403e-01 2.095449e-02
7.600000e+10 9.174150e-01 1.750845e-02 2.346709e-01 1.000899e-02
7.650000e+10 9.557113e-01 8.488785e-03 2.560100e-01 3.766936e-03
7.700000e+10 9.765458e-01 1.042791e-03 2.729400e-01 1.919811e-03
7.750000e+10 9.701573e-01 -2.418411e-03 2.816475e-01 2.174277e-03
7.800000e+10 9.478397e-01 -2.236346e-03 2.847898e-01 1.689435e-03
7.850000e+10 9.297981e-01 -5.262438e-04 2.885805e-01 -7.469608e-04
7.900000e+10 9.291648e-01 9.668692e-04 2.977044e-01 -4.868737e-03
7.950000e+10 9.459862e-01 1.443969e-03 3.128673e-01 -9.882789e-03
8.000000e+10 9.680347e-01 8.748286e-04 3.304293e-01 -1.477317e-02
8.050000e+10 9.772598e-01 -7.616431e-05 3.440332e-01 -1.856823e-02
8.100000e+10 9.632476e-01 -5.000583e-04 3.492712e-01 -2.105997e-02
8.150000e+10 9.329390e-01 -1.404523e-04 3.479222e-01 -2.300591e-02
8.200000e+10 9.041420e-01 4.507438e-04 3.464224e-01 -2.530186e-02
8.250000e+10 8.919630e-01 5.724124e-04 3.509365e-01 -2.828910e-02
8.300000e+10 9.018747e-01 -1.427786e-04 3.642927e-01 -3.165029e-02
8.350000e+10 9.288137e-01 -1.474180e-03 3.850364e-01 -3.447321e-02
8.400000e+10 9.586519e-01 -2.323299e-03 4.074170e-01 -3.566335e-02
8.450000e+10 9.745547e-01 -1.007687e-03 4.237224e-01 -3.510997e-02
8.500000e+10 9.688985e-01 3.231844e-03 4.298208e-01 -3.450700e-02
8.550000e+10 9.494373e-01 9.161326e-03 4.287820e-01 -3.616499e-02
8.600000e+10 9.314425e-01 1.456878e-02 4.278102e-01 -4.124479e-02
8.650000e+10 9.260519e-01 1.760704e-02 4.327455e-01 -4.946002e-02
8.700000e+10 9.351691e-01 1.704862e-02 4.453291e-01 -5.937329e-02
8.750000e+10 9.521261e-01 1.245399e-02 4.630802e-01 -6.837516e-02
8.800000e+10 9.658103e-01 4.983512e-03 4.807054e-01 -7.329136e-02
8.850000e+10 9.677813e-01 -2.383078e-03 4.932228e-01 -7.248694e-02
8.900000e+10 9.585971e-01 -6.667497e-03 4.996174e-01 -6.757254e-02
8.950000e+10 9.471475e-01 -7.046452e-03 5.035933e-01 -6.214748e-02
9.000000e+10 9.433512e-01 -4.789299e-03 5.103317e-01 -5.910693e-02
9.050000e+10 9.511241e-01 -1.855025e-03 5.224645e-01 -5.937896e-02
9.100000e+10 9.657537e-01 8.502152e-05 5.380888e-01 -6.202791e-02
9.150000e+10 9.762141e-01 2.288961e-04 5.515739e-01 -6.482221e-02
9.200000e+10 9.725379e-01 -9.017785e-04 5.573664e-01 -6.554259e-02
9.250000e+10 9.541392e-01 -1.893165e-03 5.547349e-01 -6.371814e-02
9.300000e+10 9.307555e-01 -1.766433e-03 5.488203e-01 -6.087320e-02
9.350000e+10 9.150809e-01 -6.457142e-04 5.469093e-01 -5.897273e-02
9.400000e+10 9.150948e-01 6.826712e-04 5.540169e-01 -5.904450e-02
9.450000e+10 9.307136e-01 1.392678e-03 5.706053e-01 -6.081601e-02
9.500000e+10 9.537783e-01 1.085136e-03 5.921707e-01 -6.287199e-02
9.550000e+10 9.713664e-01 2.335988e-04 6.108497e-01 -6.336330e-02
9.600000e+10 9.735228e-01 1.206148e-04 6.199657e-01 -6.149523e-02
9.650000e+10 9.608811e-01 1.754996e-03 6.191040e-01 -5.852589e-02
9.700000e+10 9.438063e-01 4.871562e-03 6.142828e-01 -5.679295e-02
9.750000e+10 9.338580e-01 8.175245e-03 6.128925e-01 -5.796664e-02
9.800000e+10 9.364195e-01 1.007504e-02 6.188030e-01 -6.224147e-02
9.850000e+10 9.485599e-01 9.177780e-03 6.307133e-01 -6.821091e-02
9.900000e+10 9.612136e-01 4.964111e-03 6.433986e-01 -7.305838e-02
9.950000e+10 9.648787e-01 -1.348199e-03 6.511822e-01 -7.381040e-02
1.000000e+11 9.563905e-01 -7.093325e-03 6.520259e-01 -6.955411e-02
1.005000e+11 9.414026e-01 -1.004698e-02 6.491832e-01 -6.225363e-02
1.010000e+11 9.301609e-01 -9.804261e-03 6.489160e-01 -5.501359e-02
1.015000e+11 9.305792e-01 -7.354354e-03 6.562493e-01 -5.004113e-02
1.020000e+11 9.434878e-01 -4.105180e-03 6.716395e-01 -4.802340e-02
1.025000e+11 9.614844e-01 -1.375472e-03 6.898799e-01 -4.830541e-02
1.030000e+11 9.722295e-01 -2.979408e-05 7.022707e-01 -4.923457e-02
1.035000e+11 9.667254e-01 -4.140507e-06 7.025266e-01 -4.905992e-02
1.040000e+11 9.469560e-01 -4.099327e-04 6.922491e-01 -4.723031e-02
1.045000e+11 9.244763e-01 -4.265751e-04 6.798976e-01 -4.464504e-02
1.050000e+11 9.118661e-01 9.890937e-05 6.746820e-01 -4.259769e-02
1.055000e+11 9.157704e-01 8.025252e-04 6.815612e-01 -4.180107e-02
1.060000e+11 9.343836e-01 1.171686e-03 6.993440e-01 -4.208440e-02
1.065000e+11 9.578832e-01 8.919573e-04 7.208799e-01 -4.246734e-02
1.070000e+11 9.725889e-01 2.173666e-04 7.360094e-01 -4.167201e-02
1.075000e+11 9.697088e-01 -1.869299e-05 7.379942e-01 -3.919368e-02
1.080000e+11 9.523824e-01 8.849151e-04 7.288670e-01 -3.595121e-02
1.085000e+11 9.328327e-01 2.832787e-03 7.175435e-01 -3.356014e-02
1.090000e+11 9.229902e-01 5.060240e-03 7.129043e-01 -3.319312e-02
1.095000e+11 9.277320e-01 6.528725e-03 7.185995e-01 -3.511792e-02
1.100000e+11 9.431728e-01 6.156150e-03 7.316561e-01 -3.859245e-02
1.105000e+11 9.587426e-01 3.258591e-03 7.441573e-01 -4.179959e-02
1.110000e+11 9.632851e-01 -1.652796e-03 7.480660e-01 -4.245944e-02
1.115000e+11 9.530207e-01 -6.741645e-03 7.411558e-01 -3.941690e-02
1.120000e+11 9.344200e-01 -1.011905e-02 7.287742e-01 -3.357996e-02
1.125000e+11 9.190430e-01 -1.107164e-02 7.197600e-01 -2.692980e-02
1.130000e+11 9.159744e-01 -9.932929e-03 7.208784e-01 -2.106498e-02
1.135000e+11 9.272954e-01 -7.388497e-03 7.334816e-01 -1.677074e-02
1.140000e+11 9.469996e-01 -4.185403e-03 7.525742e-01 -1.426126e-02
1.145000e+11 9.632458e-01 -1.167741e-03 7.684683e-01 -1.332511e-02
1.150000e+11 9.652445e-01 8.968893e-04 7.723201e-01 -1.330609e-02
1.155000e+11 9.516122e-01 1.759466e-03 7.629912e-01 -1.337236e-02
1.160000e+11 9.316086e-01 1.769328e-03 7.480818e-01 -1.304551e-02
1.165000e+11 9.177775e-01 1.430529e-03 7.378839e-01 -1.234310e-02
1.170000e+11 9.181555e-01 1.038427e-03 7.390073e-01 -1.146391e-02
1.175000e+11 9.328796e-01 6.647807e-04 7.516382e-01 -1.048989e-02
1.180000e+11 9.541721e-01 3.085438e-04 7.695492e-01 -9.311360e-03
1.185000e+11 9.695787e-01 5.140999e-05 7.827217e-01 -7.749462e-03
1.190000e+11 9.694492e-01 9.988055e-05 7.833728e-01 -5.805418e-03
1.195000e+11 9.543101e-01 6.340623e-04 7.718872e-01 -3.799291e-03
1.200000e+11 9.342412e-01 1.628383e-03 7.563198e-01 -2.196036e-03
1.205000e+11 9.210353e-01 2.848661e-03 7.460824e-01 -1.343447e-03
1.210000e+11 9.212797e-01 3.919088e-03 7.463464e-01 -1.388315e-03
1.215000e+11 9.338958e-01 4.321003e-03 7.560366e-01 -2.256629e-03
1.220000e+11 9.509698e-01 3.456443e-03 7.685661e-01 -3.518862e-03
1.225000e+11 9.617287e-01 1.004436e-03 7.752434e-01 -4.292081e-03
1.230000e+11 9.593742e-01 -2.609614e-03 7.709523e-01 -3.580487e-03
1.235000e+11 9.459955e-01 -6.297533e-03 7.579555e-01 -9.508313e-04
1.240000e+11 9.304848e-01 -9.007707e-03 7.438479e-01 3.251812e-03
1.245000e+11 9.219858e-01 -1.019444e-02 7.361292e-01 8.322398e-03
1.250000e+11 9.248774e-01 -9.724485e-03 7.382827e-01 1.355672e-02
1.255000e+11 9.372367e-01 -7.698122e-03 7.486457e-01 1.823592e-02
1.260000e+11 9.520150e-01 -4.531319e-03 7.613181e-01 2.157175e-02
1.265000e+11 9.607779e-01 -1.096783e-03 7.691015e-01 2.300390e-02
1.270000e+11 9.590931e-01 1.540364e-03 7.679465e-01 2.270081e-02
1.275000e+11 9.496628e-01 2.752447e-03 7.597395e-01 2.159087e-02
1.280000e+11 9.400125e-01 2.649834e-03 7.505580e-01 2.075739e-02
1.285000e+11 9.370883e-01 1.792174e-03 7.461894e-01 2.087180e-02
1.290000e+11 9.432459e-01 7.826188e-04 7.487470e-01 2.207121e-02
1.295000e+11 9.552477e-01 6.663607e-05 7.558233e-01 2.406902e-02
1.300000e+11 9.660338e-01 -1.447944e-04 7.619231e-01 2.630993e-02
1.305000e+11 9.688887e-01 8.988321e-05 7.617839e-01 2.822286e-02
1.310000e+11 9.619723e-01 5.298612e-04 7.539601e-01 2.953682e-02
1.315000e+11 9.495033e-01 9.628667e-04 7.417588e-01 3.038587e-02
1.320000e+11 9.385391e-01 1.338507e-03 7.306968e-01 3.108789e-02
1.325000e+11 9.345328e-01 1.708028e-03 7.249884e-01 3.184797e-02
1.330000e+11 9.387707e-01 2.068395e-03 7.255188e-01 3.263197e-02
1.335000e+11 9.482295e-01 2.239349e-03 7.297401e-01 3.324941e-02
1.340000e+11 9.573874e-01 1.869344e-03 7.331361e-01 3.359019e-02
1.345000e+11 9.613904e-01 6.387072e-04 7.318026e-01 3.386521e-02
1.350000e+11 9.589402e-01 -1.442079e-03 7.248083e-01 3.460566e-02
1.355000e+11 9.527021e-01 -3.922657e-03 7.145131e-01 3.635757e-02
1.360000e+11 9.470110e-01 -6.103402e-03 7.046728e-01 3.933739e-02
1.365000e+11 9.450228e-01 -7.327455e-03 6.981195e-01 4.329097e-02
1.370000e+11 9.472627e-01 -7.199674e-03 6.955759e-01 4.754836e-02
1.375000e+11 9.519152e-01 -5.734692e-03 6.957992e-01 5.122375e-02
1.380000e+11 9.562773e-01 -3.413866e-03 6.965802e-01 5.356818e-02
1.385000e+11 9.584933e-01 -1.030049e-03 6.960334e-01 5.435868e-02
1.390000e+11 9.585711e-01 6.855968e-04 6.935275e-01 5.403275e-02
1.395000e+11 9.580464e-01 1.408299e-03 6.897032e-01 5.341302e-02
1.400000e+11 9.586296e-01 1.287187e-03 6.856447e-01 5.323541e-02
1.405000e+11 9.609034e-01 7.525520e-04 6.819242e-01 5.381702e-02
1.410000e+11 9.639561e-01 2.449383e-04 6.782238e-01 5.500756e-02
1.415000e+11 9.660901e-01 1.071218e-05 6.736953e-01 5.637935e-02
1.420000e+11 9.660472e-01 4.000868e-05 6.676910e-01 5.752974e-02
1.425000e+11 9.638696e-01 1.634944e-04 6.602985e-01 5.831564e-02
1.430000e+11 9.608083e-01 2.266094e-04 6.523139e-01 5.887152e-02
1.435000e+11 9.584417e-01 2.037698e-04 6.447347e-01 5.943120e-02
1.440000e+11 9.577106e-01 1.840656e-04 6.381810e-01 6.012151e-02
1.445000e+11 9.584915e-01 2.710783e-04 6.326097e-01 6.087901e-02
1.450000e+11 9.598644e-01 4.864306e-04 6.274240e-01 6.152428e-02
1.455000e+11 9.607974e-01 7.483510e-04 6.218366e-01 6.192162e-02
1.460000e+11 9.607673e-01 9.398480e-04 6.152454e-01 6.209605e-02
1.465000e+11 9.599311e-01 1.008615e-03 6.074259e-01 6.221041e-02
1.470000e+11 9.588260e-01 1.009473e-03 5.985047e-01 6.241980e-02
1.475000e+11 9.579188e-01 1.048629e-03 5.888324e-01 6.272489e-02
1.480000e+11 9.573689e-01 1.172133e-03 5.788936e-01 6.294373e-02
1.485000e+11 9.571031e-01 1.287296e-03 5.692604e-01 6.283014e-02
1.490000e+11 9.570181e-01 1.187608e-03 5.604911e-01 6.225908e-02
1.495000e+11 9.570671e-01 6.808312e-04 5.529233e-01 6.134578e-02
1.500000e+11 9.571621e-01 -2.586689e-04 5.464583e-01 6.040681e-02
1.505000e+11 9.570434e-01 -1.419425e-03 5.405074e-01 5.978053e-02
1.510000e+11 9.563336e-01 -2.425545e-03 5.342138e-01 5.962109e-02
1.515000e+11 9.548449e-01 -2.925615e-03 5.268937e-01 5.980177e-02
1.520000e+11 9.529306e-01 -2.785426e-03 5.184447e-01 5.999675e-02
1.525000e+11 9.515194e-01 -2.153062e-03 5.094136e-01 5.988319e-02
1.530000e+11 9.516543e-01 -1.353277e-03 5.006242e-01 5.931360e-02
1.535000e+11 9.537667e-01 -6.942376e-04 4.926023e-01 5.834486e-02
1.540000e+11 9.571801e-01 -3.147820e-04 4.851877e-01 5.713236e-02
1.545000e+11 9.602930e-01 -1.540604e-04 4.776108e-01 5.578521e-02
1.550000e+11 9.615163e-01 -5.314683e-05 4.690382e-01 5.428894e-02
1.555000e+11 9.604392e-01 8.217401e-05 4.592455e-01 5.255782e-02
1.560000e+11 9.582857e-01 1.914582e-04 4.488793e-01 5.057939e-02
1.565000e+11 9.570995e-01 1.336557e-04 4.390191e-01 4.851945e-02
1.570000e+11 9.580985e-01 -1.196473e-04 4.303152e-01 4.667873e-02
1.575000e+11 9.603098e-01 -3.044142e-04 4.223047e-01 4.530016e-02
1.580000e+11 9.605767e-01 1.543479e-04 4.134251e-01 4.430327e-02
1.585000e+11 9.554539e-01 1.872814e-03 4.019309e-01 4.310556e-02
1.590000e+11 9.441319e-01 5.024164e-03 3.872872e-01 4.076602e-02
1.595000e+11 9.300058e-01 9.047443e-03 3.709027e-01 3.646286e-02
1.600000e+11 9.191931e-01 1.284028e-02 3.554174e-01 2.989345e-02
1.605000e+11 9.170868e-01 1.514958e-02 3.431545e-01 2.130052e-02
1.610000e+11 9.252056e-01 1.479951e-02 3.348939e-01 1.140312e-02
1.615000e+11 9.395261e-01 1.095315e-02 3.294373e-01 1.572719e-03
1.620000e+11 9.511296e-01 3.833824e-03 3.239777e-01 -6.077781e-03
1.625000e+11 9.504811e-01 -4.500761e-03 3.154294e-01 -9.588235e-03
1.630000e+11 9.343312e-01 -1.084023e-02 3.024766e-01 -8.875291e-03
1.635000e+11 9.093651e-01 -1.307612e-02 2.867901e-01 -6.149735e-03
1.640000e+11 8.881648e-01 -1.142076e-02 2.719248e-01 -4.214299e-03
1.645000e+11 8.816101e-01 -7.475448e-03 2.609363e-01 -4.908244e-03
1.650000e+11 8.937718e-01 -3.022243e-03 2.547868e-01 -8.961950e-03
1.655000e+11 9.198115e-01 3.159832e-04 2.519582e-01 -1.616890e-02
1.660000e+11 9.462686e-01 1.289383e-03 2.489437e-01 -2.504228e-02
1.665000e+11 9.569704e-01 -6.255517e-05 2.419995e-01 -3.290899e-02
1.670000e+11 9.450772e-01 -1.890239e-03 2.298788e-01 -3.784600e-02
1.675000e+11 9.198099e-01 -2.111235e-03 2.149650e-01 -4.066027e-02
1.680000e+11 8.988109e-01 -2.809774e-04 2.012135e-01 -4.399844e-02
1.685000e+11 8.956877e-01 2.499459e-03 1.913087e-01 -5.018728e-02
1.690000e+11 9.131186e-01 4.431566e-03 1.853882e-01 -6.002564e-02
1.695000e+11 9.404271e-01 3.694897e-03 1.810461e-01 -7.183330e-02
1.700000e+11 9.557251e-01 6.819239e-05 1.743170e-01 -8.094293e-02
1.705000e+11 9.395790e-01 -3.164078e-03 1.623300e-01 -8.289473e-02
1.710000e+11 8.942512e-01 -1.516675e-03 1.461503e-01 -7.915917e-02
1.715000e+11 8.433369e-01 5.933056e-03 1.299883e-01 -7.639863e-02
1.720000e+11 8.118818e-01 1.685355e-02 1.176402e-01 -8.075471e-02
1.725000e+11 8.132464e-01 2.823175e-02 1.106300e-01 -9.607921e-02
1.730000e+11 8.470489e-01 3.579347e-02 1.084100e-01 -1.243486e-01
1.735000e+11 8.971377e-01 3.209009e-02 1.085375e-01 -1.621329e-01
1.740000e+11 9.322582e-01 1.090015e-02 1.067398e-01 -1.939898e-01
1.745000e+11 9.242234e-01 -1.959602e-02 9.898214e-02 -1.993280e-01
1.750000e+11 8.736033e-01 -3.916629e-02 8.533807e-02 -1.772267e-01
1.755000e+11 8.103134e-01 -3.917606e-02 7.023932e-02 -1.483368e-01
1.760000e+11 7.681074e-01 -2.609279e-02 5.796122e-02 -1.307261e-01
1.765000e+11 7.658766e-01 -7.740901e-03 5.009680e-02 -1.315962e-01
1.770000e+11 8.065272e-01 1.061929e-02 4.655061e-02 -1.534235e-01
1.775000e+11 8.748377e-01 2.139005e-02 4.646824e-02 -1.943086e-01
1.780000e+11 9.320827e-01 1.393200e-02 4.744065e-02 -2.377155e-01
1.785000e+11 9.365270e-01 -9.285553e-03 4.515496e-02 -2.539252e-01
1.790000e+11 8.862099e-01 -2.602911e-02 3.769500e-02 -2.352075e-01
1.795000e+11 8.202679e-01 -2.337574e-02 2.837104e-02 -2.065912e-01
1.800000e+11 7.798377e-01 -7.057193e-03 2.113653e-02 -1.927306e-01
1.805000e+11 7.849421e-01 1.411965e-02 1.763646e-02 -2.045791e-01
1.810000e+11 8.338145e-01 3.136352e-02 1.803814e-02 -2.453761e-01
1.815000e+11 8.985676e-01 2.947850e-02 2.037344e-02 -3.050407e-01
1.820000e+11 9.283298e-01 -2.654978e-03 1.814074e-02 -3.456147e-01
1.825000e+11 8.900698e-01 -4.090780e-02 6.081027e-03 -3.293878e-01
1.830000e+11 8.024370e-01 -4.899203e-02 -9.771138e-03 -2.739051e-01
1.835000e+11 7.174016e-01 -2.746911e-02 -2.075337e-02 -2.255601e-01
1.840000e+11 6.752696e-01 6.646305e-03 -2.496006e-02 -2.088562e-01
1.845000e+11 6.902225e-01 4.487496e-02 -2.232382e-02 -2.311243e-01
1.850000e+11 7.561563e-01 7.873780e-02 -9.712214e-03 -2.972779e-01
1.855000e+11 8.358321e-01 8.036502e-02 1.481446e-02 -3.947635e-01
1.860000e+11 8.730370e-01 1.971718e-02 3.609532e-02 -4.652023e-01
1.865000e+11 8.520447e-01 -6.595735e-02 2.980911e-02 -4.526601e-01
1.870000e+11 7.823041e-01 -1.039031e-01 5.848659e-04 -3.741463e-01
1.875000e+11 6.968385e-01 -8.412962e-02 -2.686178e-02 -2.935667e-01
1.880000e+11 6.460470e-01 -3.981915e-02 -4.226127e-02 -2.530874e-01
1.885000e+11 6.559978e-01 1.089280e-02 -4.678511e-02 -2.631162e-01
1.890000e+11 7.272088e-01 6.104853e-02 -3.754503e-02 -3.284428e-01
1.895000e+11 8.232679e-01 8.320735e-02 -7.451404e-03 -4.377278e-01
1.900000e+11 8.741527e-01 3.435636e-02 2.928605e-02 -5.235602e-01
1.905000e+11 8.588086e-01 -5.314708e-02 3.528133e-02 -5.179035e-01
1.910000e+11 7.918962e-01 -9.303257e-02 8.957762e-03 -4.376673e-01
1.915000e+11 7.080653e-01 -6.846360e-02 -1.792737e-02 -3.535069e-01
1.920000e+11 6.630982e-01 -1.556291e-02 -2.833073e-02 -3.168482e-01
1.925000e+11 6.843027e-01 4.407352e-02 -1.904995e-02 -3.430889e-01
1.930000e+11 7.590156e-01 9.177690e-02 1.646751e-02 -4.322933e-01
1.935000e+11 8.211291e-01 7.584833e-02 7.063253e-02 -5.405376e-01
1.940000e+11 8.229332e-01 -2.593494e-02 9.345212e-02 -5.840087e-01
1.945000e+11 7.896037e-01 -1.268444e-01 5.471045e-02 -5.401285e-01
